[General]
degreeRatio=43.533233642578125
monitorDistance=59
monitorWidth=47.799999999999997
screenHeight=1080
screenWidth=1920

[eyeRoi]
height=480
imagesize=921600
width=640
