Resolution,1920,1080,Distance,1,Width,1,Subject,V003GCETSIDI,Test,TASMH-12162016-105221,Calibration,CC9-12162016-105149,Oscann, 4.0.8,libTracker, 1.0.7,crtime, 11072018-171618
Time(ms),GazeX(deg),GazeY(deg),StimulusX(deg),StimulusY(deg),GazeVelX(deg/s),GazeVelY(deg/s),ErrorX(deg),ErrorY(deg),PupilArea(px^2),GazeRawX(deg),GazeRawY(deg),Blinks
10.0,0.8923954032634032,0.078046,0.0,0.0,0.0,0.0,-1.31879,0.078046,5873.02,-1.41113,0.181222,0.0
20.0,0.8923954032634032,0.078046,0.0,0.0,0.0,0.0,-1.31879,0.078046,5873.02,-1.04699,-0.0461057,0.0
30.0,1.099735403263403,0.069841,0.0,0.0,20.7336,-0.820491,-1.11145,0.069841,5873.02,-0.977347,0.215924,0.0
40.0,1.247041403263403,0.0640743,0.0,0.0,14.7306,-0.576671,-0.964144,0.0640743,5873.02,-0.948854,-0.19217,0.0
50.0,1.2754814032634032,0.0522361,0.0,0.0,2.84394,-1.18383,-0.935704,0.0522361,5888.18,-0.830381,-0.170715,0.0
60.0,1.288102403263403,0.0263134,0.0,0.0,1.26214,-2.59227,-0.923083,0.0263134,5897.02,-0.910346,-0.15383,0.0
70.0,1.3000494032634031,0.00458786,0.0,0.0,1.19474,-2.17255,-0.911136,0.00458786,5907.11,-0.937245,0.0954642,0.0
80.0,1.298908403263403,-0.0101547,0.0,0.0,-0.11411,-1.47425,-0.912277,-0.0101547,5919.45,-0.731191,-0.0534544,0.0
90.0,1.283485403263403,-0.0180558,0.0,0.0,-1.54238,-0.790111,-0.9277,-0.0180558,5934.18,-0.855661,0.140637,0.0
100.0,1.241942403263403,-0.0173442,0.0,0.0,-4.15428,0.0711603,-0.969243,-0.0173442,5949.02,-0.995378,0.144088,0.0
110.0,1.217461403263403,-0.00842705,0.0,0.0,-2.44807,0.891713,-0.993724,-0.00842705,5962.12,-0.994217,-0.0501432,0.0
120.0,1.2101754032634031,-0.00123215,0.0,0.0,-0.728429,0.71949,-1.00101,-0.00123215,5974.98,-0.99901,-0.0524178,0.0
130.0,1.198465403263403,0.00021883,0.0,0.0,-1.1708,0.145098,-1.01272,0.00021883,5990.8,-1.00263,0.193711,0.0
140.0,1.170505403263403,0.00144939,0.0,0.0,-2.79681,0.123056,-1.04068,0.00144939,6010.6,-1.25315,-0.0448573,0.0
150.0,1.1326354032634032,0.0011911,0.0,0.0,-3.78661,-0.0258286,-1.07855,0.0011911,6031.27,-1.08477,0.140678,0.0
160.0,1.130685403263403,-0.00322988,0.0,0.0,-0.195297,-0.442098,-1.0805,-0.00322988,6049.67,-1.03468,-0.053975,0.0
170.0,1.131565403263403,-0.00644039,0.0,0.0,0.0880567,-0.321051,-1.07962,-0.00644039,6067.32,-1.09738,0.0248326,0.0
180.0,1.157455403263403,-0.00932884,0.0,0.0,2.58956,-0.288845,-1.05373,-0.00932884,6087.16,-0.952201,0.0275265,0.0
190.0,1.168565403263403,-0.0120236,0.0,0.0,1.11043,-0.26948,-1.04262,-0.0120236,6108.17,-1.07086,-0.0624012,0.0
200.0,1.168875403263403,-0.0138006,0.0,0.0,0.0310621,-0.177691,-1.04231,-0.0138006,6126.64,-1.02254,-0.0702062,0.0
210.0,1.168315403263403,-0.0148412,0.0,0.0,-0.0560248,-0.104069,-1.04287,-0.0148412,6141.05,-0.900764,0.131037,0.0
220.0,1.156705403263403,-0.0161324,0.0,0.0,-1.16039,-0.129115,-1.05448,-0.0161324,6152.92,-1.0788,-0.183627,0.0
230.0,1.1410354032634031,-0.0197275,0.0,0.0,-1.56721,-0.359516,-1.07015,-0.0197275,6164.44,-1.06892,0.0168166,0.0
240.0,1.0983654032634032,-0.0262952,0.0,0.0,-4.26755,-0.656761,-1.11282,-0.0262952,6178.29,-1.25252,-0.0064746,0.0
250.0,1.060485403263403,-0.0395514,0.0,0.0,-3.78764,-1.32563,-1.1507,-0.0395514,6196.14,-1.22712,0.0841607,0.0
260.0,1.035045403263403,-0.0598153,0.0,0.0,-2.54345,-2.02638,-1.17614,-0.0598153,6215.36,-1.31732,-0.0639608,0.0
270.0,1.015235403263403,-0.0794094,0.0,0.0,-1.98138,-1.95941,-1.19595,-0.0794094,6232.36,-1.15352,-0.11722,0.0
280.0,1.007065403263403,-0.092883,0.0,0.0,-0.816681,-1.34736,-1.20412,-0.092883,6248.47,-1.18694,-0.162138,0.0
290.0,1.0127154032634031,-0.10252,0.0,0.0,0.564649,-0.963705,-1.19847,-0.10252,6265.65,-1.21872,-0.131364,0.0
300.0,1.012155403263403,-0.109805,0.0,0.0,-0.0557934,-0.728489,-1.19903,-0.109805,6280.44,-1.21231,-0.113907,0.0
310.0,1.003095403263403,-0.114816,0.0,0.0,-0.906393,-0.501056,-1.20809,-0.114816,6290.1,-1.04553,-0.117048,0.0
320.0,0.954905403263403,-0.117672,0.0,0.0,-4.81894,-0.28567,-1.25628,-0.117672,6298.57,-1.3317,-0.0107088,0.0
330.0,0.904715403263403,-0.121517,0.0,0.0,-5.01903,-0.384465,-1.30647,-0.121517,6310.96,-1.30534,-0.190863,0.0
340.0,0.901895403263403,-0.130952,0.0,0.0,-0.282403,-0.943478,-1.30929,-0.130952,6326.59,-1.33015,-0.0688629,0.0
350.0,0.902135403263403,-0.149507,0.0,0.0,0.0241753,-1.85548,-1.30905,-0.149507,6341.37,-1.4095,-0.124235,0.0
360.0,0.9562354032634031,-0.184734,0.0,0.0,5.41019,-3.52276,-1.25495,-0.184734,6353.75,-1.21115,0.190049,0.0
370.0,1.403649403263403,-0.257363,0.0,0.0,44.7415,-7.26292,-0.807536,-0.257363,6364.72,-0.093152,-0.262642,0.0
380.0,1.800601403263403,-0.354434,0.0,0.0,39.6952,-9.70711,-0.410584,-0.354434,6375.69,-0.439954,-1.04774,0.0
390.0,1.816897403263403,-0.453756,0.0,0.0,1.62957,-9.93219,-0.394288,-0.453756,6387.9,-0.388686,-0.739317,0.0
400.0,1.8295554032634032,-0.550674,0.0,0.0,1.26576,-9.69176,-0.38163,-0.550674,6400.93,-0.497023,-0.4759,0.0
410.0,1.827168403263403,-0.627879,0.0,0.0,-0.238638,-7.72047,-0.384017,-0.627879,6412.75,-0.466129,-0.618807,0.0
420.0,1.888902403263403,-0.680955,0.0,0.0,6.17333,-5.30766,-0.322283,-0.680955,6422.65,-0.238059,-0.398312,0.0
430.0,1.951202403263403,-0.711194,0.0,0.0,6.23008,-3.02386,-0.259983,-0.711194,6432.24,-0.247705,-0.774036,0.0
440.0,1.962014403263403,-0.724262,0.0,0.0,1.08114,-1.30681,-0.249171,-0.724262,6442.77,-0.142819,-0.680533,0.0
450.0,1.961957403263403,-0.730109,0.0,0.0,-0.00571569,-0.584717,-0.249228,-0.730109,6452.86,-0.489385,-0.780983,0.0
460.0,1.960621403263403,-0.735241,0.0,0.0,-0.133588,-0.513224,-0.250564,-0.735241,6461.32,-0.154923,-0.7462,0.0
470.0,1.9401614032634031,-0.739502,0.0,0.0,-2.04601,-0.426055,-0.271024,-0.739502,6469.2,-0.322365,-0.990239,0.0
480.0,1.963447403263403,-0.743868,0.0,0.0,2.32863,-0.436575,-0.247738,-0.743868,6477.5,-0.32934,-0.742553,0.0
490.0,1.9456944032634031,-0.746106,0.0,0.0,-1.77526,-0.223828,-0.265491,-0.746106,6485.69,-0.283025,-0.635076,0.0
500.0,1.946521403263403,-0.749971,0.0,0.0,0.0826335,-0.386483,-0.264664,-0.749971,6492.89,-0.193642,-0.727117,0.0
510.0,1.9912414032634032,-0.756653,0.0,0.0,4.47203,-0.668208,-0.219944,-0.756653,6498.45,-0.298214,-0.893922,0.0
520.0,2.012060403263403,-0.762559,0.0,0.0,2.08188,-0.59065,-0.199125,-0.762559,6501.88,-0.15608,-0.955017,0.0
530.0,2.011729403263403,-0.765827,0.0,0.0,-0.0331138,-0.326729,-0.199456,-0.765827,6503.97,-0.163334,-0.776726,0.0
540.0,1.990846403263403,-0.763935,0.0,0.0,-2.08824,0.189188,-0.220339,-0.763935,6505.89,-0.236743,-0.640253,0.0
550.0,1.9843724032634031,-0.747362,0.0,0.0,-0.647398,1.65728,-0.226813,-0.747362,6507.75,-0.242241,-0.816327,0.0
560.0,1.8176174032634032,-0.681109,0.0,0.0,-16.6756,6.62527,-0.393568,-0.681109,6509.15,-0.539005,-0.759992,0.0
570.0,1.439236403263403,-0.540984,0.0,0.0,-37.838,14.0125,-0.771949,-0.540984,6509.9,-1.85189,-0.227617,0.0
580.0,1.033195403263403,-0.363505,0.0,0.0,-40.6042,17.7479,-1.17799,-0.363505,6510.35,-1.4684,0.0770294,0.0
590.0,0.829325403263403,-0.221414,0.0,0.0,-20.3871,14.209,-1.38186,-0.221414,6511.14,-1.33501,0.0667623,0.0
600.0,0.825195403263403,-0.14403,0.0,0.0,-0.413294,7.73848,-1.38599,-0.14403,6512.62,-1.24051,-0.132958,0.0
610.0,0.8130354032634031,-0.107895,0.0,0.0,-1.21584,3.61341,-1.39815,-0.107895,6514.77,-1.47851,0.0168435,0.0
620.0,0.843605403263403,-0.0934413,0.0,0.0,3.05764,1.44542,-1.36758,-0.0934413,6517.79,-1.33155,0.130211,0.0
630.0,0.846415403263403,-0.0843184,0.0,0.0,0.280794,0.912289,-1.36477,-0.0843184,6522.18,-1.31583,-0.207649,0.0
640.0,0.864785403263403,-0.0795272,0.0,0.0,1.83668,0.479116,-1.3464,-0.0795272,6528.31,-1.43353,-0.283011,0.0
650.0,0.8678454032634031,-0.0796961,0.0,0.0,0.305916,-0.016882,-1.34334,-0.0796961,6535.67,-1.32929,0.0330302,0.0
660.0,0.8691654032634031,-0.0829359,0.0,0.0,0.132586,-0.323983,-1.34202,-0.0829359,6543.42,-1.34743,-0.126233,0.0
670.0,0.8712754032634031,-0.0873734,0.0,0.0,0.210998,-0.443752,-1.33991,-0.0873734,6551.08,-1.42205,-0.162091,0.0
680.0,0.8752354032634031,-0.0914975,0.0,0.0,0.395224,-0.412411,-1.33595,-0.0914975,6557.86,-1.30271,-0.00546295,0.0
690.0,0.8873654032634031,-0.0956423,0.0,0.0,1.21372,-0.414477,-1.32382,-0.0956423,6563.25,-1.3272,-0.151143,0.0
700.0,0.928195403263403,-0.103968,0.0,0.0,4.08309,-0.832599,-1.28299,-0.103968,6567.83,-1.14959,-0.23442,0.0
710.0,0.9292354032634031,-0.113953,0.0,0.0,0.103927,-0.998508,-1.28195,-0.113953,6572.48,-1.21349,-0.0449546,0.0
720.0,0.9279854032634032,-0.123166,0.0,0.0,-0.125733,-0.921258,-1.2832,-0.123166,6577.19,-1.26873,-0.0496528,0.0
730.0,0.913795403263403,-0.130522,0.0,0.0,-1.41806,-0.735628,-1.29739,-0.130522,6581.33,-1.33527,0.0150431,0.0
740.0,0.8896454032634031,-0.136506,0.0,0.0,-2.41544,-0.59839,-1.32154,-0.136506,6585.3,-1.36885,-0.286598,0.0
750.0,0.884645403263403,-0.143013,0.0,0.0,-0.500217,-0.650723,-1.32654,-0.143013,6590.71,-1.38952,-0.33438,0.0
760.0,0.8834454032634032,-0.153946,0.0,0.0,-0.120103,-1.09322,-1.32774,-0.153946,6598.59,-1.29883,-0.14785,0.0
770.0,0.8784554032634031,-0.169185,0.0,0.0,-0.49869,-1.52399,-1.33273,-0.169185,6607.8,-1.31489,-0.159012,0.0
780.0,0.900915403263403,-0.184359,0.0,0.0,2.24641,-1.51735,-1.31027,-0.184359,6616.29,-1.29883,-0.305122,0.0
790.0,0.898275403263403,-0.194807,0.0,0.0,-0.26442,-1.04485,-1.31291,-0.194807,6623.29,-1.488,-0.108285,0.0
800.0,0.828895403263403,-0.200364,0.0,0.0,-6.93783,-0.555646,-1.38229,-0.200364,6628.97,-1.27111,-0.225656,0.0
810.0,0.7556654032634031,-0.204993,0.0,0.0,-7.32344,-0.462889,-1.45552,-0.204993,6633.75,-1.4165,-0.252751,0.0
820.0,0.751985403263403,-0.21288,0.0,0.0,-0.367292,-0.788706,-1.4592,-0.21288,6638.42,-1.50443,-0.0879435,0.0
830.0,0.7512554032634031,-0.220214,0.0,0.0,-0.073775,-0.733447,-1.45993,-0.220214,6643.68,-1.5019,5.80946e-05,0.0
840.0,0.7453554032634031,-0.223889,0.0,0.0,-0.58955,-0.367477,-1.46583,-0.223889,6650.41,-1.3987,-0.254941,0.0
850.0,0.7113654032634031,-0.222998,0.0,0.0,-3.39863,0.089147,-1.49982,-0.222998,6660.07,-1.71259,-0.247105,0.0
860.0,0.709915403263403,-0.222866,0.0,0.0,-0.145029,0.0131616,-1.50127,-0.222866,6672.78,-1.58441,-0.103891,0.0
870.0,0.710465403263403,-0.224063,0.0,0.0,0.0544282,-0.119744,-1.50072,-0.224063,6685.61,-1.49111,-0.33175,0.0
880.0,0.713655403263403,-0.225609,0.0,0.0,0.319412,-0.154556,-1.49753,-0.225609,6695.5,-1.37784,-0.253323,0.0
890.0,0.7893554032634031,-0.227974,0.0,0.0,7.56932,-0.236461,-1.42183,-0.227974,6702.53,-1.45819,-0.158668,0.0
900.0,0.818815403263403,-0.22342,0.0,0.0,2.94658,0.455353,-1.39237,-0.22342,6708.62,-1.24889,0.0830517,0.0
910.0,0.819425403263403,-0.211163,0.0,0.0,0.060603,1.22571,-1.39176,-0.211163,6715.02,-1.32383,-0.227972,0.0
920.0,0.787565403263403,-0.192906,0.0,0.0,-3.18621,1.8257,-1.42362,-0.192906,6721.62,-1.40744,-0.230513,0.0
930.0,0.7847054032634031,-0.17708,0.0,0.0,-0.285504,1.58259,-1.42648,-0.17708,6727.59,-1.54218,-0.312987,0.0
940.0,0.7246754032634031,-0.165776,0.0,0.0,-6.00304,1.13041,-1.48651,-0.165776,6732.72,-1.44251,-0.152416,0.0
950.0,0.681215403263403,-0.160593,0.0,0.0,-4.34639,0.518316,-1.52997,-0.160593,6738.09,-1.54369,-0.156196,0.0
960.0,0.6778754032634031,-0.155611,0.0,0.0,-0.333744,0.4982,-1.53331,-0.155611,6745.46,-1.53484,-0.16098,0.0
970.0,0.678575403263403,-0.140026,0.0,0.0,0.0700439,1.55845,-1.53261,-0.140026,6756.29,-1.56966,-0.158584,0.0
980.0,0.6716754032634031,-0.106393,0.0,0.0,-0.68977,3.36336,-1.53951,-0.106393,6770.17,-1.6012,0.185413,0.0
990.0,0.6638854032634032,-0.0571866,0.0,0.0,-0.77899,4.9206,-1.5473,-0.0571866,6784.52,-1.4437,0.256042,0.0
1000.0,0.6463254032634032,0.00353967,0.0,0.0,-1.75627,6.07263,-1.56486,0.00353967,6797.76,-1.56403,0.165172,0.0
1010.0,0.6522854032634031,0.0696658,0.0,0.0,0.596106,6.61261,-1.5589,0.0696658,6810.13,-1.59932,-0.00880318,0.0
1020.0,0.6518454032634031,0.125529,0.0,0.0,-0.0435385,5.58637,-1.55934,0.125529,6821.05,-1.68839,-0.0356977,0.0
1030.0,0.654095403263403,0.157613,0.0,0.0,0.22486,3.2084,-1.55709,0.157613,6829.65,-1.48482,0.242884,0.0
1040.0,0.656035403263403,0.176084,0.0,0.0,0.193174,1.84709,-1.55515,0.176084,6836.89,-1.57842,-0.128234,0.0
1050.0,0.658205403263403,0.194794,0.0,0.0,0.216996,1.87094,-1.55298,0.194794,6845.17,-1.51999,0.16241,0.0
1060.0,0.6757454032634032,0.211388,0.0,0.0,1.75434,1.65946,-1.53544,0.211388,6856.0,-1.7059,0.354489,0.0
1070.0,0.671655403263403,0.220497,0.0,0.0,-0.409014,0.910832,-1.53953,0.220497,6868.34,-1.58689,0.228242,0.0
1080.0,0.6718154032634032,0.221367,0.0,0.0,0.0163984,0.0870731,-1.53937,0.221367,6880.48,-1.49456,0.339051,0.0
1090.0,0.6799354032634031,0.218318,0.0,0.0,0.811583,-0.304896,-1.53125,0.218318,6891.86,-1.57425,0.224772,0.0
1100.0,0.6939354032634031,0.214074,0.0,0.0,1.40009,-0.424459,-1.51725,0.214074,6902.75,-1.49959,0.448456,0.0
1110.0,0.693415403263403,0.207231,0.0,0.0,-0.0520397,-0.6843,-1.51777,0.207231,6914.2,-1.47801,0.0355394,0.0
1120.0,0.6781154032634031,0.192734,0.0,0.0,-1.52948,-1.44966,-1.53307,0.192734,6928.37,-1.51811,0.162828,0.0
1130.0,0.6693954032634031,0.165409,0.0,0.0,-0.872739,-2.7325,-1.54179,0.165409,6945.86,-1.76961,0.200148,0.0
1140.0,0.6374754032634031,0.128573,0.0,0.0,-3.19178,-3.68363,-1.57371,0.128573,6962.81,-1.67073,-0.106772,0.0
1150.0,0.6330254032634031,0.092455,0.0,0.0,-0.445033,-3.61179,-1.57816,0.092455,6976.01,-1.58429,-0.151107,0.0
1160.0,0.6205254032634031,0.0659517,0.0,0.0,-1.24946,-2.65033,-1.59066,0.0659517,6987.55,-1.71947,0.0773422,0.0
1170.0,0.608545403263403,0.0430729,0.0,0.0,-1.19837,-2.28788,-1.60264,0.0430729,6999.68,-1.52774,0.13314,0.0
1180.0,0.6038254032634032,0.0195457,0.0,0.0,-0.472162,-2.35272,-1.60736,0.0195457,7010.59,-1.56299,0.0695092,0.0
1190.0,0.581265403263403,0.000671699,0.0,0.0,-2.25607,-1.8874,-1.62992,0.000671699,7018.11,-1.62375,-0.0334082,0.0
1200.0,0.5792854032634032,-0.0121112,0.0,0.0,-0.197507,-1.27829,-1.6319,-0.0121112,7023.01,-1.65305,0.0908963,0.0
1210.0,0.576545403263403,-0.0232132,0.0,0.0,-0.274386,-1.1102,-1.63464,-0.0232132,7027.82,-1.57944,-0.0991737,0.0
1220.0,0.5753854032634032,-0.0374597,0.0,0.0,-0.115978,-1.42465,-1.6358,-0.0374597,7035.18,-1.71733,-0.0532152,0.0
1230.0,0.574615403263403,-0.0540192,0.0,0.0,-0.0766961,-1.65595,-1.63657,-0.0540192,7046.95,-1.63318,-0.103384,0.0
1240.0,0.584815403263403,-0.072645,0.0,0.0,1.01944,-1.86257,-1.62637,-0.072645,7063.77,-1.62368,-0.0934412,0.0
1250.0,0.5979954032634032,-0.0901862,0.0,0.0,1.31833,-1.75412,-1.61319,-0.0901862,7084.72,-1.59935,-0.0457189,0.0
1260.0,0.6086354032634032,-0.102335,0.0,0.0,1.06381,-1.21487,-1.60255,-0.102335,7107.24,-1.5982,-0.109725,0.0
1270.0,0.609935403263403,-0.109704,0.0,0.0,0.129802,-0.736876,-1.60125,-0.109704,7129.03,-1.60111,-0.227588,0.0
1280.0,0.609635403263403,-0.116083,0.0,0.0,-0.0300562,-0.637941,-1.60155,-0.116083,7148.74,-1.65798,-0.255234,0.0
1290.0,0.6122654032634032,-0.122419,0.0,0.0,0.263082,-0.633631,-1.59892,-0.122419,7165.38,-1.47915,-0.0948674,0.0
1300.0,0.620345403263403,-0.128059,0.0,0.0,0.808053,-0.56399,-1.59084,-0.128059,7179.01,-1.72704,-0.127092,0.0
1310.0,0.625735403263403,-0.132811,0.0,0.0,0.539619,-0.475186,-1.58545,-0.132811,7190.57,-1.5874,-0.131312,0.0
1320.0,0.6251054032634031,-0.137037,0.0,0.0,-0.0635491,-0.422591,-1.58608,-0.137037,7200.1,-1.58359,-0.141793,0.0
1330.0,0.6121154032634031,-0.142271,0.0,0.0,-1.29884,-0.523414,-1.59907,-0.142271,7208.15,-1.40872,-0.168527,0.0
1340.0,0.610885403263403,-0.151165,0.0,0.0,-0.12249,-0.889337,-1.6003,-0.151165,7217.03,-1.72434,-0.0485001,0.0
1350.0,0.609635403263403,-0.160502,0.0,0.0,-0.125834,-0.933709,-1.60155,-0.160502,7227.99,-1.65896,-0.311172,0.0
1360.0,0.596645403263403,-0.165295,0.0,0.0,-1.29859,-0.479342,-1.61454,-0.165295,7240.86,-1.58585,-0.214451,0.0
1370.0,0.594645403263403,-0.165431,0.0,0.0,-0.199679,-0.01357,-1.61654,-0.165431,7254.92,-1.50803,-0.372782,0.0
1380.0,0.5785054032634032,-0.160163,0.0,0.0,-1.61438,0.526733,-1.63268,-0.160163,7268.18,-1.6573,0.0285108,0.0
1390.0,0.5613554032634032,-0.150599,0.0,0.0,-1.71502,0.956438,-1.64983,-0.150599,7280.28,-1.69983,-0.230435,0.0
1400.0,0.5558254032634031,-0.138334,0.0,0.0,-0.553219,1.22648,-1.65536,-0.138334,7293.02,-1.61737,0.00226813,0.0
1410.0,0.5565654032634031,-0.125105,0.0,0.0,0.0746309,1.32295,-1.65462,-0.125105,7306.44,-1.62969,-0.136476,0.0
1420.0,0.557335403263403,-0.11498,0.0,0.0,0.0763428,1.01248,-1.65385,-0.11498,7319.66,-1.70592,-0.103368,0.0
1430.0,0.558245403263403,-0.109736,0.0,0.0,0.0911464,0.524396,-1.65294,-0.109736,7333.23,-1.6054,-0.0587602,0.0
1440.0,0.5711754032634031,-0.107359,0.0,0.0,1.29327,0.237687,-1.64001,-0.107359,7347.63,-1.79541,-0.118386,0.0
1450.0,0.595055403263403,-0.106008,0.0,0.0,2.38823,0.135107,-1.61613,-0.106008,7361.85,-1.629,-0.0297494,0.0
1460.0,0.6030354032634031,-0.105328,0.0,0.0,0.798075,0.0680491,-1.60815,-0.105328,7374.29,-1.57337,-0.0310228,0.0
1470.0,0.6041554032634031,-0.107203,0.0,0.0,0.111305,-0.187573,-1.60703,-0.107203,7384.3,-1.58199,-0.212151,0.0
1480.0,0.6036854032634031,-0.113921,0.0,0.0,-0.0465547,-0.671783,-1.6075,-0.113921,7392.55,-1.68858,-0.313395,0.0
1490.0,0.6027054032634032,-0.12746,0.0,0.0,-0.09806,-1.35384,-1.60848,-0.12746,7400.43,-1.60446,-0.101109,0.0
1500.0,0.5998454032634031,-0.148791,20.031,0.0,-0.285731,-2.13315,-21.6423,-0.148791,7409.24,-1.85193,-0.252664,0.0
1510.0,0.5454854032634031,-0.174931,20.031,0.0,-5.43657,-2.61399,-21.6967,-0.174931,7419.75,-1.82884,-0.13471,0.0
1520.0,0.486665403263403,-0.203536,20.031,0.0,-5.88199,-2.86056,-21.7555,-0.203536,7431.71,-1.53655,-0.213996,0.0
1530.0,0.4824454032634031,-0.233453,20.031,0.0,-0.421772,-2.99166,-21.7598,-0.233453,7443.91,-1.88964,-0.258959,0.0
1540.0,0.4908254032634032,-0.26315,20.031,0.0,0.837657,-2.96965,-21.7514,-0.26315,7456.03,-1.8163,-0.188309,0.0
1550.0,0.5105754032634031,-0.296036,20.031,0.0,1.97557,-3.28861,-21.7316,-0.296036,7467.88,-1.66168,-0.43911,0.0
1560.0,0.4946754032634031,-0.3351,20.031,0.0,-1.59048,-3.90643,-21.7475,-0.3351,7477.41,-1.64208,-0.558015,0.0
1570.0,0.49026540326340307,-0.38572,20.031,0.0,-0.441059,-5.06197,-21.7519,-0.38572,7483.61,-1.8015,-0.549974,0.0
1580.0,0.48458540326340316,-0.444706,20.031,0.0,-0.56755,-5.8986,-21.7576,-0.444706,7488.96,-1.71576,-0.350562,0.0
1590.0,0.45194540326340316,-0.497459,20.031,0.0,-3.26399,-5.27538,-21.7903,-0.497459,7495.93,-1.77598,-0.442252,0.0
1600.0,0.4445854032634031,-0.531097,20.031,0.0,-0.736081,-3.36373,-21.7976,-0.531097,7503.62,-1.82335,-0.264156,0.0
1610.0,0.4421754032634031,-0.542793,20.031,0.0,-0.241536,-1.16962,-21.8,-0.542793,7509.33,-1.85468,-0.579105,0.0
1620.0,0.411995403263403,-0.538551,20.031,0.0,-3.01712,0.424219,-21.8302,-0.538551,7512.35,-1.74357,-0.549921,0.0
1630.0,0.43542540326340307,-0.530399,20.031,0.0,2.34297,0.81513,-21.8068,-0.530399,7515.17,-1.75073,-0.787376,0.0
1640.0,0.473475403263403,-0.523996,20.031,0.0,3.80412,0.640361,-21.7687,-0.523996,7521.98,-1.81244,-0.554908,0.0
1650.0,0.48095540326340314,-0.518901,20.031,0.0,0.748706,0.509522,-21.7612,-0.518901,7534.7,-1.65115,-0.421399,0.0
1660.0,0.4915954032634031,-0.512427,20.031,0.0,1.06411,0.647374,-21.7506,-0.512427,7549.47,-1.52121,-0.376663,0.0
1670.0,0.49383540326340314,-0.498024,20.031,0.0,0.223946,1.44024,-21.7484,-0.498024,7560.86,-1.72148,-0.402328,0.0
1680.0,0.510935403263403,-0.480155,20.031,0.0,1.7102,1.78699,-21.7313,-0.480155,7567.74,-1.70925,-0.521455,0.0
1690.0,0.49539540326340314,-0.473337,20.031,0.0,-1.55451,0.681759,-21.7468,-0.473337,7572.23,-1.86965,-0.440826,0.0
1700.0,0.4869454032634031,-0.493244,20.031,0.0,-0.844647,-1.99073,-21.7552,-0.493244,7576.45,-1.7001,-0.595783,0.0
1710.0,0.4932554032634031,-0.538927,20.031,0.0,0.630629,-4.56825,-21.7489,-0.538927,7581.94,-1.80459,-0.653128,0.0
1720.0,0.4972554032634031,-0.594101,20.031,0.0,0.400274,-5.51743,-21.7449,-0.594101,7589.76,-1.58809,-0.347934,0.0
1730.0,0.5209554032634032,-0.653274,20.031,0.0,2.36966,-5.91724,-21.7212,-0.653274,7600.03,-1.76013,-0.61778,0.0
1740.0,0.7502654032634031,-0.740383,20.031,0.0,22.9314,-8.711,-21.4919,-0.740383,7611.58,-1.39501,-0.741341,0.0
1750.0,2.929868403263403,-0.937125,20.031,0.0,217.96,-19.6741,-19.3123,-0.937125,7623.14,2.72096,-1.40319,0.0
1760.0,6.276775403263404,-1.17976,20.031,0.0,334.691,-24.2631,-15.9654,-1.17976,7635.12,8.16042,-1.85059,0.0
1770.0,8.590085403263403,-1.35759,20.031,0.0,231.331,-17.7835,-13.6521,-1.35759,7648.56,9.27607,-1.36937,0.0
1780.0,9.760775403263404,-1.45637,20.031,0.0,117.069,-9.8785,-12.4814,-1.45637,7662.42,7.3604,-1.59712,0.0
1790.0,10.192315403263404,-1.49862,20.031,0.0,43.1536,-4.22458,-12.0499,-1.49862,7675.08,8.18806,-1.46846,0.0
1800.0,10.533415403263403,-1.51954,20.031,0.0,34.1101,-2.0923,-11.7088,-1.51954,7687.1,8.74935,-1.52001,0.0
1810.0,10.807165403263404,-1.53341,20.031,0.0,27.3748,-1.38655,-11.435,-1.53341,7698.93,8.98145,-1.59852,0.0
1820.0,10.898915403263404,-1.5436,20.031,0.0,9.17512,-1.01934,-11.3433,-1.5436,7708.85,8.95195,-1.55493,0.0
1830.0,10.923905403263403,-1.55592,20.031,0.0,2.49941,-1.23131,-11.3183,-1.55592,7715.34,8.74361,-1.52186,0.0
1840.0,10.944455403263403,-1.57648,20.031,0.0,2.05477,-2.05683,-11.2977,-1.57648,7719.45,8.61936,-1.74651,0.0
1850.0,10.942455403263404,-1.60669,20.031,0.0,-0.200189,-3.02083,-11.2997,-1.60669,7723.84,8.68526,-1.55507,0.0
1860.0,10.939975403263404,-1.63972,20.031,0.0,-0.247813,-3.30319,-11.3022,-1.63972,7730.23,8.76511,-1.69981,0.0
1870.0,10.957025403263403,-1.66537,20.031,0.0,1.70475,-2.56446,-11.2852,-1.66537,7738.84,8.83995,-1.73438,0.0
1880.0,11.015655403263404,-1.67992,20.031,0.0,5.86346,-1.45541,-11.2265,-1.67992,7749.05,8.89241,-1.67129,0.0
1890.0,11.057625403263403,-1.68556,20.031,0.0,4.19705,-0.563247,-11.1846,-1.68556,7758.98,8.76531,-1.6788,0.0
1900.0,11.059815403263404,-1.68668,20.031,0.0,0.218419,-0.112906,-11.1824,-1.68668,7766.51,8.90402,-1.69447,0.0
1910.0,11.072035403263403,-1.68682,20.031,0.0,1.22175,-0.0138472,-11.1702,-1.68682,7771.28,8.85524,-1.64912,0.0
1920.0,11.074085403263403,-1.68605,20.031,0.0,0.205231,0.0773271,-11.1681,-1.68605,7774.21,8.82526,-1.71897,0.0
1930.0,11.109925403263404,-1.6845,20.031,0.0,3.58417,0.15492,-11.1323,-1.6845,7776.37,9.05028,-1.63738,0.0
1940.0,11.180985403263403,-1.67939,20.031,0.0,7.1064,0.511179,-11.0612,-1.67939,7778.34,8.98828,-1.7458,0.0
1950.0,11.249605403263404,-1.66258,20.031,0.0,6.86199,1.68073,-10.9926,-1.66258,7779.58,9.02155,-1.86406,0.0
1960.0,11.538915403263404,-1.6262,20.031,0.0,28.9304,3.63861,-10.7033,-1.6262,7779.86,9.54358,-1.69313,0.0
1970.0,12.512485403263403,-1.57035,20.031,0.0,97.355,5.58495,-9.72973,-1.57035,7780.14,11.7468,-1.09358,0.0
1980.0,13.276685403263404,-1.49204,20.031,0.0,76.4271,7.83049,-8.96546,-1.49204,7780.89,11.1735,-1.40942,0.0
1990.0,13.369585403263404,-1.40713,20.031,0.0,9.28904,8.49106,-8.87257,-1.40713,7781.88,11.1052,-1.15935,0.0
2000.0,13.468585403263404,-1.33044,20.031,0.0,9.89118,7.66904,-8.77366,-1.33044,7783.48,11.1978,-1.29723,0.0
2010.0,13.482385403263404,-1.26111,20.031,0.0,1.38849,6.93331,-8.75978,-1.26111,7786.43,11.3224,-1.38573,0.0
2020.0,13.553585403263403,-1.21296,20.031,0.0,7.117,4.8145,-8.68861,-1.21296,7790.53,11.4972,-1.16411,0.0
2030.0,13.572185403263404,-1.19302,20.031,0.0,1.86417,1.99452,-8.66996,-1.19302,7794.8,11.399,-1.18066,0.0
2040.0,13.594785403263403,-1.19547,20.031,0.0,2.25911,-0.245642,-8.64737,-1.19547,7798.34,11.3523,-1.18355,0.0
2050.0,13.617285403263404,-1.20839,20.031,0.0,2.24987,-1.29204,-8.62487,-1.20839,7800.82,11.4442,-1.12114,0.0
2060.0,13.643385403263403,-1.22745,20.031,0.0,2.60644,-1.90571,-8.59881,-1.22745,7802.72,11.5243,-1.3287,0.0
2070.0,13.666885403263404,-1.26708,20.031,0.0,2.34897,-3.96331,-8.57532,-1.26708,7805.31,11.4748,-1.16286,0.0
2080.0,13.708985403263403,-1.34372,20.031,0.0,4.21199,-7.66392,-8.5332,-1.34372,7809.14,11.4849,-1.43139,0.0
2090.0,14.150985403263403,-1.45048,20.031,0.0,44.1986,-10.676,-8.09122,-1.45048,7812.8,13.0664,-1.55151,0.0
2100.0,15.755285403263404,-1.56455,20.031,0.0,160.426,-11.4066,-6.48695,-1.56455,7814.93,16.4494,-1.75936,0.0
2110.0,17.715485403263404,-1.65953,20.031,0.0,196.028,-9.49832,-4.52668,-1.65953,7815.99,16.8659,-1.95214,0.0
2120.0,18.570885403263404,-1.74125,20.031,0.0,85.5329,-8.17141,-3.67135,-1.74125,7816.92,16.3077,-1.88919,0.0
2130.0,18.858085403263402,-1.82513,20.031,0.0,28.725,-8.38885,-3.3841,-1.82513,7818.01,16.4527,-1.63169,0.0
2140.0,19.066885403263402,-1.90214,20.031,0.0,20.8834,-7.70021,-3.17526,-1.90214,7819.11,16.8459,-2.00944,0.0
2150.0,19.075985403263402,-1.9558,20.031,0.0,0.90602,-5.36591,-3.1662,-1.9558,7819.99,16.9057,-2.11952,0.0
2160.0,19.073085403263402,-1.98442,20.031,0.0,-0.288462,-2.86232,-3.16909,-1.98442,7821.13,16.8521,-1.94038,0.0
2170.0,19.069685403263403,-1.99735,20.031,0.0,-0.338395,-1.29284,-3.17247,-1.99735,7823.52,16.8954,-2.05544,0.0
2180.0,19.024585403263405,-2.00135,20.031,0.0,-4.51337,-0.400201,-3.2176,-2.00135,7827.5,16.6724,-2.02705,0.0
2190.0,19.020185403263405,-1.99937,20.031,0.0,-0.436513,0.198275,-3.22197,-1.99937,7831.97,16.7617,-1.89041,0.0
2200.0,18.960785403263404,-1.99471,20.031,0.0,-5.94571,0.465738,-3.28143,-1.99471,7835.57,16.7371,-2.00895,0.0
2210.0,18.950585403263403,-1.99119,20.031,0.0,-1.01994,0.35146,-3.29163,-1.99119,7838.12,16.8738,-2.0295,0.0
2220.0,18.950385403263404,-1.98989,20.031,0.0,-0.0207075,0.130413,-3.29183,-1.98989,7840.49,16.7112,-1.90854,0.0
2230.0,18.953085403263405,-1.98986,20.031,0.0,0.269528,0.00296797,-3.28914,-1.98986,7843.32,16.7645,-1.98986,0.0
2240.0,19.027585403263405,-1.99184,20.031,0.0,7.4514,-0.197925,-3.21462,-1.99184,7845.89,16.6892,-1.68777,0.0
2250.0,19.393685403263405,-2.0006,20.031,0.0,36.6123,-0.876304,-2.8485,-2.0006,7847.12,18.3199,-1.96686,0.0
2260.0,20.760785403263405,-2.02056,20.031,0.0,136.705,-1.99582,-1.48146,-2.02056,7846.41,20.4731,-1.83299,0.0
2270.0,21.752985403263402,-2.054,20.031,0.0,99.2258,-3.34436,-0.489197,-2.054,7842.78,19.5518,-2.28732,0.0
2280.0,21.798285403263403,-2.09322,20.031,0.0,4.52916,-3.92178,-0.443905,-2.09322,7836.17,19.1397,-2.12751,0.0
2290.0,21.807285403263403,-2.11711,20.031,0.0,0.90286,-2.38837,-0.434877,-2.11711,7829.45,19.6376,-2.12137,0.0
2300.0,21.807385403263403,-2.12648,20.031,0.0,0.00948001,-0.937791,-0.434782,-2.12648,7825.51,19.5863,-2.13838,0.0
2310.0,21.822885403263403,-2.12974,20.031,0.0,1.5458,-0.32584,-0.419324,-2.12974,7824.17,19.6588,-2.06833,0.0
2320.0,21.845885403263402,-2.13129,20.031,0.0,2.30098,-0.155111,-0.396314,-2.13129,7823.94,19.6977,-2.15375,0.0
2330.0,21.849485403263404,-2.13356,20.031,0.0,0.361611,-0.226978,-0.392698,-2.13356,7824.29,19.588,-2.09283,0.0
2340.0,21.849285403263405,-2.1384,20.031,0.0,-0.0226045,-0.48415,-0.392924,-2.1384,7825.8,19.7002,-2.22761,0.0
2350.0,21.853785403263405,-2.14549,20.031,0.0,0.449618,-0.709021,-0.388428,-2.14549,7829.54,19.6072,-2.29525,0.0
2360.0,21.874085403263404,-2.1518,20.031,0.0,2.02883,-0.630036,-0.36814,-2.1518,7835.52,19.561,-2.05187,0.0
2370.0,21.873685403263405,-2.1553,20.031,0.0,-0.0395391,-0.350895,-0.368535,-2.1553,7842.54,19.6583,-2.15696,0.0
2380.0,21.851385403263404,-2.1565,20.031,0.0,-2.23055,-0.119965,-0.39084,-2.1565,7849.66,19.6779,-2.15633,0.0
2390.0,21.819385403263404,-2.15658,20.031,0.0,-3.199,-0.00731429,-0.42283,-2.15658,7857.01,19.7252,-2.15942,0.0
2400.0,21.815385403263402,-2.15567,20.031,0.0,-0.398946,0.0905346,-0.42682,-2.15567,7864.97,19.5531,-2.1758,0.0
2410.0,21.751885403263405,-2.15423,20.031,0.0,-6.34665,0.144331,-0.490286,-2.15423,7872.82,19.4445,-2.11926,0.0
2420.0,21.712885403263403,-2.15104,20.031,0.0,-3.89864,0.318981,-0.529273,-2.15104,7879.73,19.5514,-1.97841,0.0
2430.0,21.687685403263405,-2.14602,20.031,0.0,-2.52875,0.502017,-0.55456,-2.14602,7886.36,19.5136,-2.17216,0.0
2440.0,21.669885403263404,-2.13961,20.031,0.0,-1.77932,0.641309,-0.572354,-2.13961,7893.33,19.4295,-2.15216,0.0
2450.0,21.662285403263404,-2.13238,20.031,0.0,-0.760749,0.722831,-0.579961,-2.13238,7900.01,19.5401,-2.05642,0.0
2460.0,21.604085403263404,-2.12709,20.031,0.0,-5.81616,0.528687,-0.638123,-2.12709,7905.33,19.3543,-2.11397,0.0
2470.0,21.552685403263403,-2.12548,20.031,0.0,-5.14109,0.161076,-0.689534,-2.12548,7909.12,19.3395,-2.00237,0.0
2480.0,21.550385403263405,-2.12625,20.031,0.0,-0.224525,-0.0770319,-0.691779,-2.12625,7912.76,19.2268,-2.22338,0.0
2490.0,21.550485403263405,-2.12751,20.031,0.0,0.00822747,-0.125699,-0.691697,-2.12751,7918.13,19.266,-2.12627,0.0
2500.0,21.554885403263402,-2.12869,20.031,0.0,0.436306,-0.117955,-0.687333,-2.12869,7925.92,19.3841,-2.10007,0.0
2510.0,21.541385403263405,-2.13013,20.031,0.0,-1.35185,-0.144345,-0.700852,-2.13013,7934.7,19.3979,-2.05884,0.0
2520.0,21.540985403263402,-2.13116,20.031,0.0,-0.0370677,-0.103407,-0.701223,-2.13116,7942.76,19.346,-2.1341,0.0
2530.0,21.547485403263405,-2.13138,20.031,0.0,0.651876,-0.0213041,-0.694704,-2.13138,7949.9,19.2952,-2.13343,0.0
2540.0,21.519185403263403,-2.13129,20.031,0.0,-2.83526,0.00838137,-0.723056,-2.13129,7955.92,19.264,-2.15565,0.0
2550.0,21.509585403263404,-2.13106,20.031,0.0,-0.95684,0.0233556,-0.732625,-2.13106,7961.19,19.3937,-2.13036,0.0
2560.0,21.495985403263404,-2.13086,20.031,0.0,-1.35857,0.0202534,-0.746211,-2.13086,7968.51,19.3222,-2.19443,0.0
2570.0,21.480285403263405,-2.13031,20.031,0.0,-1.56638,0.0546647,-0.761874,-2.13031,7980.42,19.2748,-2.12524,0.0
2580.0,21.434785403263405,-2.12943,20.031,0.0,-4.55522,0.0883716,-0.807427,-2.12943,7995.37,19.0895,-2.11262,0.0
2590.0,21.431785403263405,-2.12818,20.031,0.0,-0.301804,0.124512,-0.810445,-2.12818,8009.12,19.0842,-1.94655,0.0
2600.0,21.404985403263403,-2.12727,20.031,0.0,-2.67439,0.0909853,-0.837189,-2.12727,8019.28,19.2501,-2.12882,0.0
2610.0,21.402785403263405,-2.12589,20.031,0.0,-0.222208,0.138197,-0.839411,-2.12589,8027.94,19.3699,-2.16478,0.0
2620.0,21.402985403263404,-2.1234,20.031,0.0,0.0226823,0.249087,-0.839184,-2.1234,8039.61,19.1936,-2.32915,0.0
2630.0,21.403585403263403,-2.11849,20.031,0.0,0.0550516,0.490366,-0.838633,-2.11849,8055.99,19.232,-1.96431,0.0
2640.0,21.403785403263402,-2.10747,20.031,0.0,0.0253708,1.10254,-0.83838,-2.10747,8074.15,19.1665,-2.11365,0.0
2650.0,21.383585403263403,-2.0884,20.031,0.0,-2.02602,1.9067,-0.85864,-2.0884,8089.81,19.1295,-2.23373,0.0
2660.0,21.384585403263404,-2.06741,20.031,0.0,0.10513,2.09916,-0.857589,-2.06741,8100.78,19.1884,-1.99203,0.0
2670.0,21.378585403263404,-2.05328,20.031,0.0,-0.603215,1.41279,-0.863621,-2.05328,8107.45,19.1076,-2.16098,0.0
2680.0,21.370885403263404,-2.0473,20.031,0.0,-0.764715,0.598089,-0.871268,-2.0473,8112.2,19.1868,-2.04153,0.0
2690.0,21.351985403263402,-2.04541,20.031,0.0,-1.8977,0.189072,-0.890245,-2.04541,8118.34,19.1142,-2.05617,0.0
2700.0,21.333785403263402,-2.0438,20.031,0.0,-1.81315,0.160721,-0.908376,-2.0438,8127.5,19.1279,-2.0698,0.0
2710.0,21.329485403263405,-2.04092,20.031,0.0,-0.438257,0.287996,-0.912759,-2.04092,8137.44,19.2736,-1.86103,0.0
2720.0,21.293485403263404,-2.03548,20.031,0.0,-3.5969,0.544627,-0.948728,-2.03548,8145.84,18.9812,-1.92064,0.0
2730.0,21.260185403263403,-2.02541,20.031,0.0,-3.32515,1.00674,-0.981979,-2.02541,8153.32,19.0053,-2.05139,0.0
2740.0,21.260085403263403,-2.01302,20.031,0.0,-0.0111121,1.23886,-0.982091,-2.01302,8160.69,19.0881,-2.04015,0.0
2750.0,21.259885403263404,-2.00411,20.031,0.0,-0.0245829,0.890724,-0.982336,-2.00411,8168.09,19.0782,-2.07743,0.0
2760.0,21.261485403263404,-2.00019,20.031,0.0,0.162808,0.392838,-0.980708,-2.00019,8175.75,18.9763,-1.97216,0.0
2770.0,21.260385403263403,-1.99821,20.031,0.0,-0.106687,0.197788,-0.981775,-1.99821,8183.19,19.0326,-1.87473,0.0
2780.0,21.259685403263404,-1.99496,20.031,0.0,-0.0738078,0.325078,-0.982513,-1.99496,8189.55,19.0729,-1.91964,0.0
2790.0,21.259185403263402,-1.99053,20.031,0.0,-0.0548702,0.442948,-0.983062,-1.99053,8194.8,19.0372,-2.00859,0.0
2800.0,21.259685403263404,-1.98826,20.031,0.0,0.0553233,0.226488,-0.982509,-1.98826,8199.46,19.0517,-2.03399,0.0
2810.0,21.268385403263405,-1.99017,20.031,0.0,0.869771,-0.19045,-0.973811,-1.99017,8204.24,18.9334,-1.92679,0.0
2820.0,21.295185403263403,-1.99407,20.031,0.0,2.67807,-0.390236,-0.94703,-1.99407,8210.18,19.1532,-2.04173,0.0
2830.0,21.337885403263403,-1.9971,20.031,0.0,4.26995,-0.302902,-0.904331,-1.9971,8218.16,19.213,-1.83489,0.0
2840.0,21.339585403263403,-1.99843,20.031,0.0,0.169255,-0.13354,-0.902638,-1.99843,8228.01,19.1229,-1.95859,0.0
2850.0,21.338485403263405,-1.99706,20.031,0.0,-0.110282,0.137713,-0.903741,-1.99706,8239.26,19.1215,-2.20395,0.0
2860.0,21.309685403263405,-1.99408,20.031,0.0,-2.87482,0.297978,-0.932489,-1.99408,8251.32,19.0594,-1.76803,0.0
2870.0,21.297285403263402,-1.99044,20.031,0.0,-1.24041,0.364248,-0.944893,-1.99044,8262.9,19.0056,-2.12288,0.0
2880.0,21.271085403263402,-1.9816,20.031,0.0,-2.62435,0.883071,-0.971137,-1.9816,8273.33,19.0287,-2.14282,0.0
2890.0,21.224185403263405,-1.95299,20.031,0.0,-4.69099,2.8619,-1.01805,-1.95299,8282.66,19.0944,-2.0112,0.0
2900.0,20.398385403263404,-1.8805,20.031,0.0,-82.5746,7.24859,-1.84379,-1.8805,8290.87,17.4416,-1.99324,0.0
2910.0,17.8141854032634,-1.72702,20.031,0.0,-258.424,15.3482,-4.42803,-1.72702,8299.5,10.4805,-1.42718,0.0
2920.0,11.882865403263404,-1.43561,20.031,0.0,-593.13,29.1409,-10.3593,-1.43561,8310.21,5.168,-1.11477,0.0
2930.0,7.203615403263402,-1.08067,20.031,0.0,-467.925,35.4941,-15.0386,-1.08067,8320.94,3.47636,-0.576402,0.0
2940.0,6.326395403263403,-0.86379,0.0,0.0,-87.7219,21.6877,-4.11521,-0.86379,8328.51,3.84076,-0.56617,0.0
2950.0,5.850085403263403,-0.747964,0.0,0.0,-47.6311,11.5827,-3.6389,-0.747964,8333.17,3.62622,-0.567936,0.0
2960.0,5.651835403263403,-0.70396,0.0,0.0,-19.825,4.40035,-3.44065,-0.70396,8337.23,3.08422,-0.655808,0.0
2970.0,5.404775403263403,-0.690007,0.0,0.0,-24.7059,1.39528,-3.19359,-0.690007,8341.87,2.9543,-0.672042,0.0
2980.0,5.272315403263403,-0.695245,0.0,0.0,-13.2468,-0.523794,-3.06113,-0.695245,8346.54,2.98208,-0.862887,0.0
2990.0,5.263405403263404,-0.716163,0.0,0.0,-0.890268,-2.09177,-3.05222,-0.716163,8350.67,3.1379,-0.557583,0.0
3000.0,5.222235403263403,-0.741225,0.0,0.0,-4.11759,-2.5062,-3.01105,-0.741225,8353.92,3.05832,-0.718418,0.0
3010.0,5.236635403263403,-0.762368,0.0,0.0,1.44006,-2.11433,-3.02545,-0.762368,8355.86,3.09896,-0.776117,0.0
3020.0,5.235275403263403,-0.772517,0.0,0.0,-0.136007,-1.0149,-3.02409,-0.772517,8356.59,2.96253,-0.727806,0.0
3030.0,5.205875403263403,-0.774428,0.0,0.0,-2.94008,-0.191101,-2.99469,-0.774428,8356.67,2.88522,-0.825597,0.0
3040.0,5.199075403263404,-0.774002,0.0,0.0,-0.679984,0.0426418,-2.98789,-0.774002,8356.17,3.13661,-0.782156,0.0
3050.0,5.200475403263403,-0.771322,0.0,0.0,0.1406,0.268019,-2.98929,-0.771322,8354.38,2.9373,-0.836997,0.0
3060.0,5.2346254032634025,-0.76379,0.0,0.0,3.4147,0.753154,-3.02344,-0.76379,8350.62,3.01229,-0.825534,0.0
3070.0,5.265935403263403,-0.748718,0.0,0.0,3.13118,1.50721,-3.05475,-0.748718,8345.09,3.10692,-0.603388,0.0
3080.0,5.303165403263403,-0.732839,0.0,0.0,3.72284,1.58787,-3.09198,-0.732839,8338.87,3.08258,-0.782498,0.0
3090.0,5.3055454032634035,-0.722892,0.0,0.0,0.238356,0.994763,-3.09436,-0.722892,8333.83,3.16399,-0.654261,0.0
3100.0,5.304205403263403,-0.719999,0.0,0.0,-0.134349,0.289243,-3.09302,-0.719999,8331.12,3.12073,-0.599867,0.0
3110.0,5.266125403263404,-0.72008,0.0,0.0,-3.80807,-0.00802954,-3.05494,-0.72008,8330.04,2.96553,-0.671399,0.0
3120.0,5.222525403263403,-0.723654,0.0,0.0,-4.36007,-0.357445,-3.01134,-0.723654,8329.58,3.05448,-0.708969,0.0
3130.0,5.202925403263404,-0.730401,0.0,0.0,-1.95982,-0.674747,-2.99174,-0.730401,8329.3,2.96955,-0.867902,0.0
3140.0,5.183185403263403,-0.737507,0.0,0.0,-1.97433,-0.710593,-2.972,-0.737507,8328.7,3.0212,-0.754626,0.0
3150.0,5.199625403263403,-0.745344,0.0,0.0,1.64474,-0.783654,-2.98844,-0.745344,8327.19,2.87767,-0.940605,0.0
3160.0,5.167045403263403,-0.749288,0.0,0.0,-3.25859,-0.394397,-2.95586,-0.749288,8324.14,2.78598,-0.826971,0.0
3170.0,5.075565403263403,-0.748587,0.0,0.0,-9.14776,0.070128,-2.86438,-0.748587,8319.09,3.00377,-0.751644,0.0
3180.0,4.932255403263403,-0.746508,0.0,0.0,-14.3313,0.207827,-2.72107,-0.746508,8310.8,2.67047,-0.637802,0.0
3190.0,3.872175403263403,-0.719254,0.0,0.0,-106.008,2.72539,-1.66099,-0.719254,8294.99,-1.3345,-0.829828,0.0
3200.0,2.023621403263403,-0.66652,0.0,0.0,-184.855,5.2734,0.187564,-0.66652,8269.84,-3.42359,-0.493236,0.0
3210.0,0.7069554032634031,-0.629941,0.0,0.0,-131.667,3.65792,1.50423,-0.629941,8244.32,-1.05471,-0.254387,0.0
3220.0,0.233105403263403,-0.622341,0.0,0.0,-47.3846,0.760013,1.97808,-0.622341,8228.73,-1.83995,-0.461664,0.0
3230.0,0.161215403263403,-0.626714,0.0,0.0,-7.18893,-0.437296,2.04997,-0.626714,8222.87,-2.1387,-0.656736,0.0
3240.0,0.16874540326340304,-0.630231,0.0,0.0,0.753321,-0.351666,2.04244,-0.630231,8221.32,-2.33314,-0.813119,0.0
3250.0,0.13543540326340286,-0.628841,0.0,0.0,-3.33157,0.138924,2.07575,-0.628841,8220.92,-2.05423,-0.861608,0.0
3260.0,0.11341540326340294,-0.627326,0.0,0.0,-2.2013,0.151554,2.09777,-0.627326,8220.83,-2.10134,-0.834718,0.0
3270.0,0.11287540326340295,-0.62716,0.0,0.0,-0.0543979,0.0166125,2.09831,-0.62716,8220.96,-2.06532,-0.613852,0.0
3280.0,0.12126540326340285,-0.626595,0.0,0.0,0.839156,0.056434,2.08992,-0.626595,8221.5,-2.11352,-0.645084,0.0
3290.0,0.1295754032634031,-0.623612,0.0,0.0,0.830621,0.298303,2.08161,-0.623612,8223.05,-2.0735,-0.600295,0.0
3300.0,0.1332054032634029,-0.617344,0.0,0.0,0.362751,0.626831,2.07798,-0.617344,8226.73,-2.03464,-0.546617,0.0
3310.0,0.12644540326340303,-0.607889,0.0,0.0,-0.675773,0.945538,2.08474,-0.607889,8232.88,-2.16976,-0.623628,0.0
3320.0,0.12681540326340324,-0.595275,0.0,0.0,0.0370726,1.26136,2.08437,-0.595275,8239.65,-2.06723,-0.4659,0.0
3330.0,0.12302540326340328,-0.580542,0.0,0.0,-0.378427,1.47331,2.08816,-0.580542,8244.92,-2.14854,-0.696903,0.0
3340.0,0.13034540326340327,-0.569875,0.0,0.0,0.731261,1.06674,2.08084,-0.569875,8248.49,-2.16593,-0.509256,0.0
3350.0,0.131795403263403,-0.565375,0.0,0.0,0.144961,0.45,2.07939,-0.565375,8251.71,-1.97721,-0.664028,0.0
3360.0,0.151385403263403,-0.566849,0.0,0.0,1.95897,-0.147465,2.0598,-0.566849,8255.87,-2.02854,-0.507696,0.0
3370.0,0.17505540326340308,-0.573738,0.0,0.0,2.36758,-0.688834,2.03613,-0.573738,8260.7,-1.97657,-0.500566,0.0
3380.0,0.17711540326340325,-0.585805,0.0,0.0,0.205839,-1.20676,2.03407,-0.585805,8265.45,-2.16631,-0.5768,0.0
3390.0,0.19576540326340286,-0.606019,0.0,0.0,1.8652,-2.02135,2.01542,-0.606019,8271.29,-2.04303,-0.672511,0.0
3400.0,0.19977540326340293,-0.633175,0.0,0.0,0.400439,-2.71559,2.01141,-0.633175,8280.08,-1.89486,-0.600439,0.0
3410.0,0.17825540326340317,-0.659215,0.0,0.0,-2.15205,-2.60408,2.03293,-0.659215,8291.18,-1.96591,-0.827734,0.0
3420.0,0.1739354032634033,-0.678635,0.0,0.0,-0.431761,-1.94197,2.03725,-0.678635,8302.43,-2.10075,-0.671055,0.0
3430.0,0.138505403263403,-0.690913,0.0,0.0,-3.54305,-1.22782,2.07268,-0.690913,8312.35,-2.14322,-0.792901,0.0
3440.0,0.11931540326340295,-0.700762,0.0,0.0,-1.91896,-0.984876,2.09187,-0.700762,8320.31,-2.13918,-0.694366,0.0
3450.0,0.1180654032634032,-0.707589,0.0,0.0,-0.124957,-0.682736,2.09312,-0.707589,8326.62,-2.12083,-0.731802,0.0
3460.0,0.11785540326340316,-0.71043,0.0,0.0,-0.0209508,-0.284063,2.09333,-0.71043,8332.3,-2.07829,-0.85815,0.0
3470.0,0.11795540326340292,-0.709017,0.0,0.0,0.0104147,0.141253,2.09323,-0.709017,8338.72,-2.01938,-0.905537,0.0
3480.0,0.11794540326340286,-0.696666,0.0,0.0,-0.00159302,1.23518,2.09324,-0.696666,8346.32,-2.06393,-0.731763,0.0
3490.0,0.09608540326340309,-0.657108,0.0,0.0,-2.18546,3.95574,2.1151,-0.657108,8353.71,-2.33155,-0.678353,0.0
3500.0,0.013495403263402928,-0.582814,0.0,0.0,-8.25923,7.42947,2.19769,-0.582814,8359.52,-2.58224,-0.206597,0.0
3510.0,-0.06374459673659683,-0.501844,0.0,0.0,-7.72407,8.09696,2.27493,-0.501844,8363.85,-2.11411,-0.0200756,0.0
3520.0,-0.10778459673659713,-0.448734,0.0,0.0,-4.40379,5.31096,2.31897,-0.448734,8367.9,-2.36625,-0.100905,0.0
3530.0,-0.12855459673659686,-0.427502,0.0,0.0,-2.0776,2.12327,2.33974,-0.427502,8372.75,-2.42771,-0.419727,0.0
3540.0,-0.13548459673659696,-0.422209,0.0,0.0,-0.692644,0.529219,2.34667,-0.422209,8378.02,-2.32777,-0.482789,0.0
3550.0,-0.13502459673659706,-0.420975,0.0,0.0,0.0465538,0.123398,2.34621,-0.420975,8382.67,-2.38773,-0.418499,0.0
3560.0,-0.11989459673659697,-0.418826,0.0,0.0,1.51259,0.214917,2.33108,-0.418826,8387.34,-2.34477,-0.33307,0.0
3570.0,-0.119424596736597,-0.408785,0.0,0.0,0.0472764,1.0041,2.33061,-0.408785,8394.69,-2.30086,-0.478549,0.0
3580.0,-0.13953459673659685,-0.384688,0.0,0.0,-2.01127,2.40972,2.35072,-0.384688,8405.55,-2.2169,-0.515911,0.0
3590.0,-0.16109459673659687,-0.348836,0.0,0.0,-2.1557,3.58518,2.37228,-0.348836,8415.87,-2.45965,-0.229538,0.0
3600.0,-0.22206459673659706,-0.310739,0.0,0.0,-6.09705,3.80977,2.43325,-0.310739,8421.67,-2.34171,-0.241446,0.0
3610.0,-0.25019459673659705,-0.285201,0.0,0.0,-2.8135,2.55378,2.46138,-0.285201,8423.66,-2.48525,-0.121872,0.0
3620.0,-0.24982459673659685,-0.274395,0.0,0.0,0.036889,1.08053,2.46101,-0.274395,8424.34,-2.46102,-0.310933,0.0
3630.0,-0.23195459673659702,-0.272113,0.0,0.0,1.78724,0.228269,2.44314,-0.272113,8424.76,-2.58559,-0.334502,0.0
3640.0,-0.22999459673659706,-0.271407,0.0,0.0,0.195952,0.0705663,2.44118,-0.271407,8424.98,-2.42716,-0.311893,0.0
3650.0,-0.20393459673659686,-0.272228,0.0,0.0,2.60655,-0.0820951,2.41512,-0.272228,8424.85,-2.2927,-0.149237,0.0
3660.0,-0.19353459673659712,-0.27255,0.0,0.0,1.03918,-0.0322231,2.40472,-0.27255,8423.63,-2.38716,-0.304284,0.0
3670.0,-0.1928245967365969,-0.271289,0.0,0.0,0.0710935,0.126084,2.40401,-0.271289,8419.7,-2.4185,-0.206261,0.0
3680.0,-0.192094596736597,-0.266992,0.0,0.0,0.0731991,0.429794,2.40328,-0.266992,8412.08,-2.48766,-0.424501,0.0
3690.0,-0.18222459673659674,-0.259583,0.0,0.0,0.986648,0.74087,2.39341,-0.259583,8402.71,-2.36031,-0.351043,0.0
3700.0,-0.17939459673659686,-0.249825,0.0,0.0,0.283541,0.975736,2.39058,-0.249825,8394.62,-2.38545,-0.293564,0.0
3710.0,-0.16353459673659687,-0.238423,0.0,0.0,1.58545,1.14029,2.37472,-0.238423,8388.62,-2.26348,-0.207453,0.0
3720.0,-0.16174459673659713,-0.22298,0.0,0.0,0.179182,1.54429,2.37293,-0.22298,8383.08,-2.39632,-0.197879,0.0
3730.0,-0.15985459673659674,-0.207592,0.0,0.0,0.189007,1.53878,2.37104,-0.207592,8375.2,-2.20448,-0.160827,0.0
3740.0,-0.14134459673659672,-0.197351,0.0,0.0,1.85099,1.02406,2.35253,-0.197351,8363.21,-2.35683,-0.147497,0.0
3750.0,-0.12892459673659706,-0.189558,0.0,0.0,1.24212,0.77933,2.34011,-0.189558,8347.21,-2.44326,-0.281279,0.0
3760.0,-0.11538459673659673,-0.179575,0.0,0.0,1.35379,0.998306,2.32657,-0.179575,8327.14,-2.32083,-0.194708,0.0
3770.0,-0.11276459673659689,-0.163293,0.0,0.0,0.262135,1.62822,2.32395,-0.163293,8302.85,-2.19906,-0.149754,0.0
3780.0,-0.09082459673659704,-0.137542,0.0,0.0,2.19396,2.57505,2.30201,-0.137542,8276.85,-2.30658,-0.194331,0.0
3790.0,-0.08603459673659675,-0.0968505,0.0,0.0,0.478946,4.06917,2.29722,-0.0968505,8254.72,-2.16717,0.0574466,0.0
3800.0,-0.06113459673659705,-0.0513078,0.0,0.0,2.4901,4.55427,2.27232,-0.0513078,8239.61,-2.26054,0.29792,0.0
3810.0,-0.036894596736596785,-0.012731,0.0,0.0,2.42452,3.85768,2.24808,-0.012731,8228.2,-2.39413,0.112812,0.0
3820.0,-0.012034596736596903,0.016327,0.0,0.0,2.48598,2.9058,2.22322,0.016327,8215.31,-2.21804,0.108823,0.0
3830.0,-0.005614596736597033,0.0365887,0.0,0.0,0.64178,2.02617,2.2168,0.0365887,8198.72,-2.06434,-0.0801967,0.0
3840.0,0.08785540326340291,0.0451232,0.0,0.0,9.34683,0.853452,2.12333,0.0451232,8176.85,-2.19094,0.0220189,0.0
3850.0,0.15537540326340293,0.051125,0.0,0.0,6.75242,0.600177,2.05581,0.051125,8150.09,-2.06172,-0.0758802,0.0
3860.0,0.16781540326340316,0.0598932,0.0,0.0,1.24414,0.876817,2.04337,0.0598932,8125.6,-2.02008,0.0572156,0.0
3870.0,0.18494540326340303,0.0708356,0.0,0.0,1.71209,1.09424,2.02624,0.0708356,8110.42,-1.90576,0.146574,0.0
3880.0,0.19586540326340307,0.0849201,0.0,0.0,1.09281,1.40845,2.01532,0.0849201,8103.34,-2.0055,0.197031,0.0
3890.0,0.1979054032634031,0.106775,0.0,0.0,0.203589,2.18547,2.01328,0.106775,8099.18,-2.01959,0.131571,0.0
3900.0,0.20065540326340292,0.141978,0.0,0.0,0.275511,3.52033,2.01053,0.141978,8094.76,-2.0058,0.0822297,0.0
3910.0,0.206495403263403,0.185192,0.0,0.0,0.58381,4.32143,2.00469,0.185192,8089.89,-2.05735,0.260331,0.0
3920.0,0.20370540326340292,0.219991,0.0,0.0,-0.27916,3.47985,2.00748,0.219991,8085.62,-2.02231,0.408935,0.0
3930.0,0.20896540326340318,0.236702,0.0,0.0,0.525757,1.67111,2.00222,0.236702,8082.37,-1.85769,0.503973,0.0
3940.0,0.26712540326340317,0.239699,0.0,0.0,5.81623,0.299728,1.94406,0.239699,8079.9,-2.01967,0.382651,0.0
3950.0,0.370575403263403,0.237633,0.0,0.0,10.3451,-0.206645,1.84061,0.237633,8078.19,-1.74563,0.267739,0.0
3960.0,0.42588540326340296,0.23566,0.0,0.0,5.53121,-0.197301,1.7853,0.23566,8077.32,-1.79068,0.165015,0.0
3970.0,0.42789540326340303,0.232039,0.0,0.0,0.200577,-0.362085,1.78329,0.232039,8076.98,-1.82399,0.0954141,0.0
3980.0,0.4275654032634031,0.226144,0.0,0.0,-0.0331133,-0.589502,1.78362,0.226144,8077.0,-1.75536,0.0103553,0.0
3990.0,0.413625403263403,0.222024,0.0,0.0,-1.39363,-0.411984,1.79756,0.222024,8077.58,-1.84353,0.123316,0.0
4000.0,0.427685403263403,0.219672,0.0,0.0,1.40529,-0.2352,1.7835,0.219672,8078.86,-1.80998,0.23879,0.0
4010.0,0.46374540326340297,0.218987,0.0,0.0,3.60621,-0.0684972,1.74744,0.218987,8080.97,-1.78586,0.228925,0.0
4020.0,0.995685403263403,0.199665,0.0,0.0,53.1939,-1.93219,1.2155,0.199665,8084.53,-0.294066,0.222987,0.0
4030.0,1.493289403263403,0.182198,0.0,0.0,49.7607,-1.74672,0.717896,0.182198,8089.78,-0.458866,0.158551,0.0
4040.0,1.5294244032634032,0.182479,0.0,0.0,3.6135,0.0281284,0.681761,0.182479,8095.41,-0.786023,0.328552,0.0
4050.0,1.5660784032634032,0.182808,0.0,0.0,3.66538,0.0328699,0.645107,0.182808,8100.82,-0.982378,-0.0762095,0.0
4060.0,1.567769403263403,0.184192,0.0,0.0,0.169146,0.138434,0.643416,0.184192,8108.28,-0.737732,0.188899,0.0
4070.0,1.568433403263403,0.185391,0.0,0.0,0.0663642,0.119846,0.642752,0.185391,8119.71,-0.588047,0.0983076,0.0
4080.0,1.5827974032634031,0.186119,0.0,0.0,1.43648,0.0728474,0.628388,0.186119,8132.72,-0.536737,0.209876,0.0
4090.0,1.614044403263403,0.186013,0.0,0.0,3.12467,-0.0106597,0.597141,0.186013,8143.28,-0.598094,0.194428,0.0
4100.0,1.619557403263403,0.186448,0.0,0.0,0.551235,0.043493,0.591628,0.186448,8150.91,-0.585342,0.162351,0.0
4110.0,1.622123403263403,0.186774,0.0,0.0,0.256646,0.0326835,0.589062,0.186774,8158.67,-0.597956,0.125325,0.0
4120.0,1.6256374032634031,0.187021,0.0,0.0,0.351441,0.0246061,0.585548,0.187021,8168.79,-0.498431,0.232134,0.0
4130.0,1.635797403263403,0.186578,0.0,0.0,1.01593,-0.0442048,0.575388,0.186578,8180.23,-0.671796,0.239701,0.0
4140.0,1.647671403263403,0.184522,0.0,0.0,1.18741,-0.205685,0.563514,0.184522,8191.59,-0.542556,0.177017,0.0
4150.0,1.656980403263403,0.1792,0.0,0.0,0.930927,-0.53212,0.554205,0.1792,8204.01,-0.568916,0.05911,0.0
4160.0,1.689198403263403,0.169303,0.0,0.0,3.22177,-0.989737,0.521987,0.169303,8218.8,-0.489948,0.204651,0.0
4170.0,1.726133403263403,0.157824,0.0,0.0,3.69348,-1.14795,0.485052,0.157824,8234.18,-0.369782,0.225816,0.0
4180.0,1.727010403263403,0.148602,0.0,0.0,0.0877683,-0.922201,0.484175,0.148602,8247.02,-0.460992,0.05502,0.0
4190.0,1.7264614032634031,0.142087,0.0,0.0,-0.0549343,-0.651454,0.484724,0.142087,8256.71,-0.461736,0.110295,0.0
4200.0,1.7239484032634032,0.139479,0.0,0.0,-0.251336,-0.260818,0.487237,0.139479,8265.38,-0.560061,0.130793,0.0
4210.0,1.6895184032634032,0.139852,0.0,0.0,-3.44298,0.037306,0.521667,0.139852,8275.01,-0.532451,0.164293,0.0
4220.0,1.659302403263403,0.138922,0.0,0.0,-3.02158,-0.0930036,0.551883,0.138922,8287.17,-0.5631,0.121533,0.0
4230.0,1.6510304032634031,0.1361,0.0,0.0,-0.827229,-0.282182,0.560155,0.1361,8304.09,-0.704632,-0.0150648,0.0
4240.0,1.650555403263403,0.133854,0.0,0.0,-0.0475179,-0.224644,0.56063,0.133854,8325.32,-0.550889,0.200537,0.0
4250.0,1.650941403263403,0.133893,0.0,0.0,0.03861,0.00398315,0.560244,0.133893,8345.81,-0.606218,0.126133,0.0
4260.0,1.6593864032634031,0.134649,0.0,0.0,0.844488,0.0755782,0.551799,0.134649,8361.41,-0.536386,0.220233,0.0
4270.0,1.6530304032634031,0.135263,0.0,0.0,-0.63554,0.0613708,0.558155,0.135263,8372.33,-0.529796,0.168635,0.0
4280.0,1.6705634032634031,0.135422,0.0,0.0,1.75326,0.0159108,0.540622,0.135422,8381.15,-0.519364,0.107047,0.0
4290.0,1.684189403263403,0.137795,0.0,0.0,1.36258,0.23729,0.526996,0.137795,8390.89,-0.587635,-0.0205265,0.0
4300.0,1.7034374032634032,0.143142,0.0,0.0,1.92479,0.534675,0.507748,0.143142,8404.42,-0.466102,0.272413,0.0
4310.0,1.723340403263403,0.152849,0.0,0.0,1.9903,0.970711,0.487845,0.152849,8422.67,-0.482373,0.130319,0.0
4320.0,1.7495654032634032,0.165516,0.0,0.0,2.62259,1.26672,0.46162,0.165516,8441.85,-0.448615,0.130032,0.0
4330.0,1.771342403263403,0.180371,0.0,0.0,2.17762,1.48548,0.439843,0.180371,8457.22,-0.301155,0.355715,0.0
4340.0,1.7737224032634031,0.199681,0.0,0.0,0.238088,1.93101,0.437463,0.199681,8468.98,-0.45339,0.116395,0.0
4350.0,1.755368403263403,0.222735,0.0,0.0,-1.83545,2.30542,0.455817,0.222735,8479.17,-0.405068,0.347725,0.0
4360.0,1.281235403263403,0.265322,0.0,0.0,-47.4133,4.2587,0.92995,0.265322,8487.51,-2.02416,0.279674,0.0
4370.0,0.8361854032634031,0.30906,0.0,0.0,-44.5046,4.37378,1.375,0.30906,8493.84,-1.42264,0.42907,0.0
4380.0,0.768185403263403,0.335311,0.0,0.0,-6.80073,2.62509,1.443,0.335311,8499.55,-1.50557,0.151968,0.0
4390.0,0.768155403263403,0.352087,0.0,0.0,-0.00246279,1.67759,1.44303,0.352087,8505.72,-1.34164,0.432277,0.0
4400.0,0.789735403263403,0.359672,0.0,0.0,2.15815,0.758563,1.42145,0.359672,8512.54,-1.54188,0.371575,0.0
4410.0,0.7757954032634031,0.36113,0.0,0.0,-1.39455,0.145736,1.43539,0.36113,8520.12,-1.40167,0.528134,0.0
4420.0,0.754795403263403,0.355985,0.0,0.0,-2.10012,-0.514437,1.45639,0.355985,8529.12,-1.41376,0.297794,0.0
4430.0,0.7137054032634031,0.344696,20.031,0.0,-4.10864,-1.12896,-21.5285,0.344696,8540.27,-1.59007,0.374502,0.0
4440.0,0.7204454032634031,0.328143,20.031,0.0,0.673758,-1.65523,-21.5218,0.328143,8552.7,-1.52682,0.296891,0.0
4450.0,0.7197954032634031,0.314025,20.031,0.0,-0.0647862,-1.41184,-21.5224,0.314025,8563.96,-1.47538,0.354583,0.0
4460.0,0.719995403263403,0.303697,20.031,0.0,0.0195415,-1.03281,-21.5222,0.303697,8572.41,-1.37417,0.272518,0.0
4470.0,0.741885403263403,0.295115,20.031,0.0,2.18933,-0.858185,-21.5003,0.295115,8578.99,-1.48321,0.312422,0.0
4480.0,0.746655403263403,0.289192,20.031,0.0,0.477014,-0.592264,-21.4955,0.289192,8585.72,-1.42435,0.255762,0.0
4490.0,0.746525403263403,0.285084,20.031,0.0,-0.0126929,-0.410812,-21.4957,0.285084,8592.66,-1.429,0.243116,0.0
4500.0,0.7435654032634031,0.281955,20.031,0.0,-0.296259,-0.312918,-21.4986,0.281955,8598.74,-1.53538,0.105352,0.0
4510.0,0.6798054032634031,0.281036,20.031,0.0,-6.37634,-0.0918565,-21.5624,0.281036,8604.76,-1.58109,0.407738,0.0
4520.0,0.6370954032634031,0.276205,20.031,0.0,-4.27026,-0.483117,-21.6051,0.276205,8613.85,-1.60245,0.296482,0.0
4530.0,0.615255403263403,0.26203,20.031,0.0,-2.18464,-1.41749,-21.6269,0.26203,8627.31,-1.63067,0.276891,0.0
4540.0,0.613125403263403,0.236447,20.031,0.0,-0.212768,-2.55838,-21.6291,0.236447,8640.81,-1.55637,0.308448,0.0
4550.0,0.6276454032634031,0.20745,20.031,0.0,1.4526,-2.89961,-21.6145,0.20745,8649.69,-1.61436,0.0908044,0.0
4560.0,0.6708554032634031,0.183295,20.031,0.0,4.32091,-2.41554,-21.5713,0.183295,8654.51,-1.51822,0.118954,0.0
4570.0,0.6982054032634031,0.165447,20.031,0.0,2.73422,-1.7848,-21.544,0.165447,8658.13,-1.38289,0.128314,0.0
4580.0,0.698365403263403,0.152134,20.031,0.0,0.0165677,-1.33128,-21.5438,0.152134,8662.19,-1.50788,0.0973437,0.0
4590.0,0.697885403263403,0.142554,20.031,0.0,-0.0486026,-0.957992,-21.5443,0.142554,8666.58,-1.51442,0.175008,0.0
4600.0,0.702095403263403,0.136281,20.031,0.0,0.421224,-0.627316,-21.5401,0.136281,8670.19,-1.56936,0.192018,0.0
4610.0,0.683385403263403,0.132272,20.031,0.0,-1.87048,-0.400956,-21.5588,0.132272,8672.42,-1.58442,0.0358948,0.0
4620.0,0.6825554032634031,0.116513,20.031,0.0,-0.0829199,-1.5759,-21.5596,0.116513,8673.7,-1.45186,0.142908,0.0
4630.0,0.738355403263403,0.0480605,20.031,0.0,5.57934,-6.84523,-21.5038,0.0480605,8674.36,-1.60629,0.148637,0.0
4640.0,1.6229864032634032,-0.173432,20.031,0.0,88.4633,-22.1492,-20.6192,-0.173432,8674.6,1.72169,-0.147718,0.0
4650.0,4.748695403263403,-0.630359,20.031,0.0,312.571,-45.6927,-17.4935,-0.630359,8674.65,7.79199,-1.02259,0.0
4660.0,10.727065403263403,-1.22436,20.031,0.0,597.837,-59.3998,-11.5151,-1.22436,8674.66,12.3419,-1.57279,0.0
4670.0,15.708085403263404,-1.69954,20.031,0.0,498.107,-47.5185,-6.53406,-1.69954,8674.68,14.8396,-2.1555,0.0
4680.0,17.898485403263404,-1.98987,20.031,0.0,219.035,-29.033,-4.34372,-1.98987,8674.81,16.6024,-2.01234,0.0
4690.0,18.887885403263404,-2.13435,20.031,0.0,98.9378,-14.4479,-3.35434,-2.13435,8675.28,18.0213,-2.37768,0.0
4700.0,19.315385403263402,-2.1972,20.031,0.0,42.7476,-6.28487,-2.92686,-2.1972,8676.2,17.003,-2.38808,0.0
4710.0,19.780385403263402,-2.23118,20.031,0.0,46.5009,-3.39857,-2.46185,-2.23118,8677.29,17.7608,-2.29096,0.0
4720.0,19.970185403263404,-2.25997,20.031,0.0,18.9856,-2.87859,-2.272,-2.25997,8678.19,17.8968,-2.43752,0.0
4730.0,19.974685403263404,-2.28796,20.031,0.0,0.451875,-2.79912,-2.26748,-2.28796,8678.87,17.8381,-2.18572,0.0
4740.0,19.970985403263402,-2.30879,20.031,0.0,-0.37256,-2.08235,-2.2712,-2.30879,8679.52,17.7711,-2.2416,0.0
4750.0,19.937785403263405,-2.31731,20.031,0.0,-3.3239,-0.852328,-2.30444,-2.31731,8680.21,17.5932,-2.35184,0.0
4760.0,19.935685403263403,-2.31752,20.031,0.0,-0.204309,-0.0211141,-2.30649,-2.31752,8681.02,17.8193,-2.41479,0.0
4770.0,19.921285403263404,-2.3163,20.031,0.0,-1.44471,0.121868,-2.32093,-2.3163,8682.06,17.5651,-2.56587,0.0
4780.0,19.899985403263404,-2.31558,20.031,0.0,-2.12814,0.0726028,-2.34221,-2.31558,8683.07,17.7472,-2.59669,0.0
4790.0,19.899085403263403,-2.31506,20.031,0.0,-0.085572,0.0511106,-2.34307,-2.31506,8683.72,17.7814,-2.30361,0.0
4800.0,19.898385403263404,-2.31485,20.031,0.0,-0.0772797,0.0215379,-2.34384,-2.31485,8683.99,17.7039,-2.17234,0.0
4810.0,19.879685403263405,-2.31484,20.031,0.0,-1.86648,0.000480378,-2.36251,-2.31484,8684.07,17.5888,-2.31524,0.0
4820.0,19.866685403263403,-2.31512,20.031,0.0,-1.29836,-0.0273228,-2.37549,-2.31512,8683.94,17.645,-2.42101,0.0
4830.0,19.865985403263405,-2.31708,20.031,0.0,-0.0751808,-0.196566,-2.37624,-2.31708,8683.44,17.6401,-2.31416,0.0
4840.0,19.866285403263404,-2.32417,20.031,0.0,0.0319373,-0.708712,-2.37592,-2.32417,8682.17,17.6754,-2.23399,0.0
4850.0,19.890585403263405,-2.33847,20.031,0.0,2.43219,-1.43012,-2.3516,-2.33847,8680.11,17.8325,-2.38256,0.0
4860.0,19.908685403263405,-2.35473,20.031,0.0,1.80446,-1.62596,-2.33356,-2.35473,8678.0,17.8069,-2.47918,0.0
4870.0,19.930385403263404,-2.36494,20.031,0.0,2.17441,-1.02071,-2.31181,-2.36494,8676.44,17.6817,-2.50819,0.0
4880.0,19.959985403263403,-2.36857,20.031,0.0,2.95747,-0.363013,-2.28224,-2.36857,8675.09,17.7051,-2.27252,0.0
4890.0,19.985685403263403,-2.36922,20.031,0.0,2.56934,-0.0650005,-2.25655,-2.36922,8673.51,17.8165,-2.46404,0.0
4900.0,20.018385403263405,-2.36783,20.031,0.0,3.27764,0.138997,-2.22377,-2.36783,8671.47,17.7543,-2.39347,0.0
4910.0,20.037385403263404,-2.3631,20.031,0.0,1.89521,0.472718,-2.20482,-2.3631,8668.5,17.8293,-2.31619,0.0
4920.0,20.042985403263405,-2.35568,20.031,0.0,0.557616,0.74244,-2.19924,-2.35568,8664.37,17.9188,-2.41406,0.0
4930.0,20.043085403263404,-2.34884,20.031,0.0,0.0126185,0.683268,-2.19911,-2.34884,8659.74,17.9604,-2.22157,0.0
4940.0,20.041485403263405,-2.34441,20.031,0.0,-0.162359,0.443714,-2.20074,-2.34441,8655.48,17.8388,-2.32642,0.0
4950.0,19.992585403263405,-2.34251,20.031,0.0,-4.883,0.190125,-2.24957,-2.34251,8651.81,17.6842,-2.37362,0.0
4960.0,19.951885403263404,-2.34264,20.031,0.0,-4.06965,-0.0136936,-2.29026,-2.34264,8649.01,17.7119,-2.33013,0.0
4970.0,19.946585403263402,-2.34373,20.031,0.0,-0.538025,-0.108401,-2.29564,-2.34373,8647.41,17.7391,-2.34715,0.0
4980.0,19.936585403263404,-2.34462,20.031,0.0,-0.997284,-0.0892422,-2.30562,-2.34462,8646.57,17.76,-2.28217,0.0
4990.0,19.938485403263403,-2.34497,20.031,0.0,0.188432,-0.0355011,-2.30373,-2.34497,8645.69,17.6929,-2.34286,0.0
5000.0,19.948785403263404,-2.34549,20.031,0.0,1.03321,-0.0519131,-2.2934,-2.34549,8644.12,17.7668,-2.33196,0.0
5010.0,19.961385403263403,-2.34813,20.031,0.0,1.25702,-0.263471,-2.28083,-2.34813,8641.17,17.5806,-2.63301,0.0
5020.0,19.993685403263402,-2.35678,20.031,0.0,3.23155,-0.86514,-2.24852,-2.35678,8636.04,17.8516,-2.36105,0.0
5030.0,20.016085403263403,-2.37459,20.031,0.0,2.23907,-1.7811,-2.22612,-2.37459,8628.37,17.8278,-2.41721,0.0
5040.0,20.014385403263404,-2.39863,20.031,0.0,-0.165557,-2.40413,-2.22778,-2.39863,8618.31,17.81,-2.33186,0.0
5050.0,20.010685403263402,-2.42287,20.031,0.0,-0.370911,-2.42423,-2.23149,-2.42287,8606.16,17.7835,-2.34852,0.0
5060.0,19.982285403263404,-2.44703,20.031,0.0,-2.83881,-2.41562,-2.25988,-2.44703,8593.9,17.5429,-2.45142,0.0
5070.0,19.920985403263405,-2.47694,20.031,0.0,-6.13622,-2.99066,-2.32124,-2.47694,8584.37,17.6213,-2.48394,0.0
5080.0,19.880485403263403,-2.51716,20.031,0.0,-4.05032,-4.02286,-2.36174,-2.51716,8578.35,17.7468,-2.56846,0.0
5090.0,19.867585403263405,-2.56298,20.031,0.0,-1.28374,-4.58126,-2.37458,-2.56298,8575.18,17.6835,-2.61921,0.0
5100.0,19.874385403263403,-2.60102,20.031,0.0,0.678785,-3.80453,-2.36779,-2.60102,8573.87,17.6005,-2.63638,0.0
5110.0,19.880185403263404,-2.62434,20.031,0.0,0.574048,-2.33184,-2.36205,-2.62434,8573.38,17.6419,-2.72773,0.0
5120.0,19.870785403263405,-2.63827,20.031,0.0,-0.938115,-1.39285,-2.37143,-2.63827,8572.98,17.7542,-2.6288,0.0
5130.0,19.869285403263405,-2.64908,20.031,0.0,-0.149381,-1.08085,-2.37293,-2.64908,8572.36,17.6853,-2.65812,0.0
5140.0,19.869385403263404,-2.65893,20.031,0.0,0.0113584,-0.985447,-2.37281,-2.65893,8571.52,17.5978,-2.63639,0.0
5150.0,19.862985403263405,-2.66752,20.031,0.0,-0.640613,-0.859202,-2.37922,-2.66752,8570.58,17.578,-2.7604,0.0
5160.0,19.847085403263403,-2.674,20.031,0.0,-1.59143,-0.64728,-2.39513,-2.674,8569.56,17.6837,-2.64888,0.0
5170.0,19.846285403263405,-2.68136,20.031,0.0,-0.0747782,-0.736406,-2.39588,-2.68136,8568.42,17.4524,-2.79943,0.0
5180.0,19.862185403263403,-2.69523,20.031,0.0,1.58502,-1.38642,-2.38003,-2.69523,8567.45,17.5637,-2.86967,0.0
5190.0,19.880785403263403,-2.72073,20.031,0.0,1.85957,-2.55058,-2.36144,-2.72073,8566.99,17.7485,-2.71149,0.0
5200.0,19.892885403263403,-2.7593,20.031,0.0,1.21369,-3.85672,-2.3493,-2.7593,8566.6,17.7872,-2.50943,0.0
5210.0,19.906385403263403,-2.80377,20.031,0.0,1.34802,-4.44668,-2.33582,-2.80377,8565.42,17.6741,-2.66787,0.0
5220.0,19.919485403263405,-2.84669,20.031,0.0,1.30948,-4.29234,-2.32272,-2.84669,8563.21,17.7567,-2.85624,0.0
5230.0,19.915385403263404,-2.88913,20.031,0.0,-0.405102,-4.24365,-2.32677,-2.88913,8560.05,17.6709,-2.99123,0.0
5240.0,19.908085403263403,-2.93326,20.031,0.0,-0.731063,-4.41366,-2.33409,-2.93326,8556.17,17.6696,-3.03484,0.0
5250.0,19.903385403263403,-2.97452,20.031,0.0,-0.471965,-4.12588,-2.33881,-2.97452,8552.79,17.76,-2.95811,0.0
5260.0,19.899785403263405,-3.00399,20.031,0.0,-0.365703,-2.94719,-2.34246,-3.00399,8551.0,17.5695,-3.14392,0.0
5270.0,19.913785403263404,-3.01745,20.031,0.0,1.40305,-1.34528,-2.32843,-3.01745,8550.46,17.667,-3.01062,0.0
5280.0,19.897585403263403,-3.01791,20.031,0.0,-1.6152,-0.0464699,-2.34458,-3.01791,8550.37,17.7965,-3.07723,0.0
5290.0,19.886085403263404,-3.00594,20.031,0.0,-1.15288,1.19751,-2.35611,-3.00594,8550.38,17.7337,-3.06863,0.0
5300.0,19.886785403263403,-2.97854,20.031,0.0,0.0664988,2.73933,-2.35545,-2.97854,8550.49,17.6314,-3.12593,0.0
5310.0,19.849185403263405,-2.93577,20.031,0.0,-3.75881,4.2767,-2.39304,-2.93577,8550.95,17.6216,-2.6845,0.0
5320.0,19.838185403263402,-2.88854,20.031,0.0,-1.09812,4.72372,-2.40402,-2.88854,8552.52,17.6293,-2.80209,0.0
5330.0,19.841185403263403,-2.8557,20.031,0.0,0.299909,3.28391,-2.40102,-2.8557,8556.6,17.6492,-2.74182,0.0
5340.0,19.842685403263403,-2.84232,20.031,0.0,0.147908,1.33775,-2.39954,-2.84232,8563.62,17.6501,-2.73793,0.0
5350.0,19.843385403263404,-2.83996,20.031,0.0,0.0737117,0.236262,-2.3988,-2.83996,8570.91,17.6034,-2.78513,0.0
5360.0,19.854285403263404,-2.84426,20.031,0.0,1.08441,-0.42998,-2.38796,-2.84426,8575.52,17.7261,-2.81843,0.0
5370.0,19.864285403263402,-2.85866,20.031,0.0,1.00293,-1.44026,-2.37793,-2.85866,8577.48,17.5391,-2.97253,0.0
5380.0,19.863885403263403,-2.88201,20.031,0.0,-0.042034,-2.33529,-2.37835,-2.88201,8578.25,17.7048,-2.91553,0.0
5390.0,19.893885403263404,-2.90258,20.031,0.0,3.00186,-2.05706,-2.34833,-2.90258,8578.62,17.5754,-3.05049,0.0
5400.0,19.919585403263405,-2.91273,20.031,0.0,2.57082,-1.01439,-2.32262,-2.91273,8578.82,17.8636,-2.97535,0.0
5410.0,19.925185403263402,-2.91518,20.031,0.0,0.560885,-0.245147,-2.31701,-2.91518,8579.12,17.8423,-2.81479,0.0
5420.0,19.997285403263405,-2.91282,20.031,0.0,7.21001,0.23579,-2.24491,-2.91282,8579.85,17.7137,-2.8835,0.0
5430.0,20.005485403263403,-2.90341,20.031,0.0,0.818809,0.940804,-2.23672,-2.90341,8581.06,17.6462,-2.95976,0.0
5440.0,20.004085403263403,-2.88434,20.031,0.0,-0.140194,1.90723,-2.23813,-2.88434,8582.9,17.8067,-2.91728,0.0
5450.0,19.995985403263404,-2.86142,20.031,0.0,-0.811718,2.29176,-2.24624,-2.86142,8586.66,17.7668,-2.84845,0.0
5460.0,19.997385403263404,-2.84476,20.031,0.0,0.138296,1.66602,-2.24486,-2.84476,8592.95,17.8233,-2.70404,0.0
5470.0,19.998185403263403,-2.83747,20.031,0.0,0.0807228,0.728975,-2.24405,-2.83747,8599.45,17.8207,-2.68022,0.0
5480.0,19.998685403263405,-2.83559,20.031,0.0,0.0572308,0.1879,-2.24348,-2.83559,8604.0,17.5732,-2.73174,0.0
5490.0,20.006985403263403,-2.83538,20.031,0.0,0.831366,0.0218696,-2.23517,-2.83538,8607.21,17.7056,-2.90049,0.0
5500.0,20.008985403263402,-2.83576,20.031,0.0,0.197437,-0.0379594,-2.23319,-2.83576,8610.15,17.9733,-2.85382,0.0
5510.0,20.048485403263403,-2.83681,20.031,0.0,3.94786,-0.105864,-2.19371,-2.83681,8612.34,17.8049,-2.85032,0.0
5520.0,20.095385403263403,-2.83833,20.031,0.0,4.69481,-0.151203,-2.14677,-2.83833,8612.61,17.8314,-2.82113,0.0
5530.0,20.095885403263402,-2.83955,20.031,0.0,0.0436714,-0.122643,-2.14633,-2.83955,8611.23,17.9006,-2.87923,0.0
5540.0,20.063385403263403,-2.84045,20.031,0.0,-3.25281,-0.0895641,-2.17886,-2.84045,8609.75,17.9673,-2.84412,0.0
5550.0,20.060785403263402,-2.84146,20.031,0.0,-0.255781,-0.100816,-2.18142,-2.84146,8609.03,17.7656,-2.82369,0.0
5560.0,20.037485403263403,-2.84194,20.031,0.0,-2.32949,-0.0479987,-2.20471,-2.84194,8608.85,17.7215,-2.84805,0.0
5570.0,20.036685403263405,-2.84024,20.031,0.0,-0.0833071,0.16988,-2.20554,-2.84024,8608.92,17.8206,-2.70016,0.0
5580.0,20.036485403263402,-2.83623,20.031,0.0,-0.0133663,0.400485,-2.20568,-2.83623,8609.17,17.8938,-2.79039,0.0
5590.0,20.024185403263402,-2.82935,20.031,0.0,-1.23767,0.688048,-2.21805,-2.82935,8609.63,17.8385,-2.74582,0.0
5600.0,20.025085403263404,-2.81565,20.031,0.0,0.0940258,1.37,-2.21711,-2.81565,8610.69,17.8602,-2.87058,0.0
5610.0,20.028385403263403,-2.79099,20.031,0.0,0.332271,2.46629,-2.21379,-2.79099,8614.02,17.7837,-2.83871,0.0
5620.0,20.044285403263405,-2.75606,20.031,0.0,1.58875,3.49307,-2.1979,-2.75606,8621.57,17.772,-2.79406,0.0
5630.0,20.017085403263405,-2.71426,20.031,0.0,-2.72277,4.17955,-2.22513,-2.71426,8632.41,17.7679,-2.63607,0.0
5640.0,20.020085403263405,-2.66823,20.031,0.0,0.306594,4.6038,-2.22207,-2.66823,8642.35,17.8968,-2.64356,0.0
5650.0,20.012785403263404,-2.62419,20.031,0.0,-0.73924,4.40386,-2.22946,-2.62419,8648.73,17.7187,-2.42428,0.0
5660.0,20.053885403263404,-2.59048,20.031,0.0,4.11304,3.37074,-2.18833,-2.59048,8653.08,17.8822,-2.5813,0.0
5670.0,20.103085403263403,-2.57001,20.031,0.0,4.92093,2.047,-2.13912,-2.57001,8658.23,17.8052,-2.5732,0.0
5680.0,20.098785403263403,-2.55909,20.031,0.0,-0.426048,1.09195,-2.14338,-2.55909,8665.32,17.9492,-2.68284,0.0
5690.0,20.098485403263403,-2.55365,20.031,0.0,-0.0368588,0.544393,-2.14375,-2.55365,8673.47,17.9511,-2.41592,0.0
5700.0,20.083985403263405,-2.5521,20.031,0.0,-1.44843,0.154521,-2.15823,-2.5521,8680.34,17.8947,-2.51649,0.0
5710.0,20.082385403263405,-2.55154,20.031,0.0,-0.154127,0.0558976,-2.15977,-2.55154,8684.39,17.7633,-2.53871,0.0
5720.0,20.060085403263404,-2.54892,20.031,0.0,-2.23582,0.261775,-2.18213,-2.54892,8686.29,17.8169,-2.54736,0.0
5730.0,20.040385403263404,-2.54485,20.031,0.0,-1.96776,0.407163,-2.20181,-2.54485,8687.19,17.7987,-2.65595,0.0
5740.0,20.024485403263405,-2.54126,20.031,0.0,-1.58547,0.359298,-2.21766,-2.54126,8687.61,17.841,-2.57166,0.0
5750.0,20.017885403263403,-2.53586,20.031,0.0,-0.665567,0.539526,-2.22432,-2.53586,8688.08,17.7394,-2.65121,0.0
5760.0,20.002085403263404,-2.51721,20.031,0.0,-1.58133,1.86566,-2.24013,-2.51721,8689.32,17.791,-2.53865,0.0
5770.0,19.7957854032634,-2.46363,20.031,0.0,-20.6235,5.35729,-2.44637,-2.46363,8692.17,17.4085,-2.45747,0.0
5780.0,19.151685403263404,-2.3615,20.031,0.0,-64.412,10.2139,-3.09049,-2.3615,8696.88,15.0704,-2.05536,0.0
5790.0,18.515985403263404,-2.23088,20.031,0.0,-63.5726,13.0612,-3.72621,-2.23088,8702.63,15.5688,-1.64841,0.0
5800.0,18.1631854032634,-2.11675,20.031,0.0,-35.2795,11.4136,-4.07901,-2.11675,8708.24,16.1557,-1.82675,0.0
5810.0,17.9649854032634,-2.04216,20.031,0.0,-19.8196,7.45911,-4.2772,-2.04216,8713.16,15.767,-2.12167,0.0
5820.0,17.962785403263403,-1.99583,20.031,0.0,-0.216718,4.63265,-4.27937,-1.99583,8717.05,15.6524,-1.86495,0.0
5830.0,17.994685403263404,-1.96219,20.031,0.0,3.18332,3.36406,-4.24754,-1.96219,8719.34,15.6646,-1.9507,0.0
5840.0,17.998385403263402,-1.93927,20.031,0.0,0.376359,2.2921,-4.24377,-1.93927,8720.32,15.8128,-1.70791,0.0
5850.0,18.000485403263404,-1.92811,20.031,0.0,0.207138,1.11622,-4.2417,-1.92811,8721.3,15.7766,-2.05716,0.0
5860.0,18.0017854032634,-1.92444,20.031,0.0,0.125751,0.366964,-4.24045,-1.92444,8722.85,15.8357,-1.98293,0.0
5870.0,18.002385403263403,-1.92405,20.031,0.0,0.0584796,0.0391661,-4.23986,-1.92405,8723.99,15.6698,-1.90272,0.0
5880.0,18.013585403263402,-1.92609,20.031,0.0,1.12786,-0.204047,-4.22858,-1.92609,8724.28,15.8857,-1.80324,0.0
5890.0,18.0123854032634,-1.92962,20.031,0.0,-0.127014,-0.353824,-4.22985,-1.92962,8724.68,15.7526,-1.71809,0.0
5900.0,17.9881854032634,-1.93257,20.031,0.0,-2.41696,-0.294691,-4.25402,-1.93257,8725.7,15.8133,-1.94225,0.0
5910.0,17.952485403263402,-1.93352,20.031,0.0,-3.57202,-0.0944146,-4.28974,-1.93352,8726.71,15.6675,-1.9742,0.0
5920.0,17.9469854032634,-1.93304,0.0,0.0,-0.547537,0.0473942,-15.7358,-1.93304,8727.34,15.7494,-1.9328,0.0
5930.0,17.946285403263403,-1.93233,0.0,0.0,-0.0700622,0.0709577,-15.7351,-1.93233,8727.73,15.7109,-2.12642,0.0
5940.0,17.932685403263402,-1.93149,0.0,0.0,-1.35933,0.0839718,-15.7215,-1.93149,8728.04,15.5671,-1.90391,0.0
5950.0,17.932285403263403,-1.92966,0.0,0.0,-0.0402618,0.18305,-15.7211,-1.92966,8728.29,15.6742,-2.01141,0.0
5960.0,17.932285403263403,-1.92593,0.0,0.0,0.00336999,0.372679,-15.7211,-1.92593,8728.46,15.7333,-2.05608,0.0
5970.0,17.9253854032634,-1.91793,0.0,0.0,-0.692213,0.800848,-15.7142,-1.91793,8728.59,15.7367,-1.93032,0.0
5980.0,17.941785403263403,-1.89949,0.0,0.0,1.63453,1.844,-15.7306,-1.89949,8728.72,15.8686,-1.85713,0.0
5990.0,17.947285403263404,-1.86473,0.0,0.0,0.55767,3.47543,-15.7361,-1.86473,8728.87,15.7312,-1.77053,0.0
6000.0,17.978085403263403,-1.81839,0.0,0.0,3.08074,4.63391,-15.7669,-1.81839,8729.17,15.7736,-1.90788,0.0
6010.0,17.970085403263404,-1.77788,0.0,0.0,-0.807182,4.05177,-15.7589,-1.77788,8730.07,15.7267,-1.70919,0.0
6020.0,17.9543854032634,-1.7566,0.0,0.0,-1.56216,2.12789,-15.7432,-1.7566,8731.72,15.8766,-1.6889,0.0
6030.0,17.956685403263403,-1.75125,0.0,0.0,0.227298,0.534603,-15.7455,-1.75125,8733.51,15.6048,-1.61412,0.0
6040.0,17.9468854032634,-1.75425,0.0,0.0,-0.977057,-0.299914,-15.7357,-1.75425,8734.73,15.7662,-1.74511,0.0
6050.0,17.944085403263404,-1.76417,0.0,0.0,-0.284971,-0.991829,-15.7329,-1.76417,8735.41,15.7461,-1.69157,0.0
6060.0,17.911285403263403,-1.78324,0.0,0.0,-3.28474,-1.90749,-15.7001,-1.78324,8735.65,15.719,-1.7965,0.0
6070.0,17.9040854032634,-1.80708,0.0,0.0,-0.714601,-2.38343,-15.6929,-1.80708,8735.06,15.5899,-2.04102,0.0
6080.0,17.826185403263402,-1.82315,0.0,0.0,-7.78925,-1.60781,-15.615,-1.82315,8733.69,15.4513,-1.8389,0.0
6090.0,17.749185403263404,-1.8228,0.0,0.0,-7.70335,0.0356273,-15.538,-1.8228,8731.98,15.5581,-1.88772,0.0
6100.0,17.687085403263403,-1.77832,0.0,0.0,-6.21101,4.44755,-15.4759,-1.77832,8729.18,15.5523,-2.00324,0.0
6110.0,17.2364854032634,-1.60752,0.0,0.0,-45.0561,17.0804,-15.0253,-1.60752,8723.36,14.2138,-2.02561,0.0
6120.0,12.636285403263404,-1.20057,0.0,0.0,-460.018,40.6949,-10.4251,-1.20057,8712.68,6.05624,-0.87046,0.0
6130.0,5.469645403263403,-0.568993,0.0,0.0,-716.668,63.1577,-3.25846,-0.568993,8697.02,0.175517,0.235893,0.0
6140.0,2.047462403263403,-0.0744453,0.0,0.0,-342.218,49.4548,0.163723,-0.0744453,8680.09,-1.52486,0.274105,0.0
6150.0,1.248607403263403,0.145939,0.0,0.0,-79.8856,22.0384,0.962578,0.145939,8667.37,-0.20586,0.120458,0.0
6160.0,0.9188954032634031,0.221319,0.0,0.0,-32.9712,7.53802,1.29229,0.221319,8660.92,-1.13937,0.24694,0.0
6170.0,0.890005403263403,0.240882,0.0,0.0,-2.88868,1.95631,1.32118,0.240882,8658.8,-1.71389,0.370618,0.0
6180.0,0.8880154032634031,0.250005,0.0,0.0,-0.19952,0.912316,1.32317,0.250005,8658.65,-1.40448,0.268296,0.0
6190.0,0.842135403263403,0.257078,0.0,0.0,-4.58823,0.707283,1.36905,0.257078,8659.71,-1.31637,0.159688,0.0
6200.0,0.7909754032634031,0.261921,0.0,0.0,-5.11536,0.484312,1.42021,0.261921,8661.9,-1.51212,0.193164,0.0
6210.0,0.7468854032634031,0.266794,0.0,0.0,-4.4087,0.487277,1.4643,0.266794,8664.67,-1.47343,0.186677,0.0
6220.0,0.638945403263403,0.276129,0.0,0.0,-10.794,0.933523,1.57224,0.276129,8666.91,-1.65638,0.308536,0.0
6230.0,0.539375403263403,0.286505,0.0,0.0,-9.95766,1.03764,1.67181,0.286505,8667.7,-1.76444,0.311445,0.0
6240.0,0.5356154032634031,0.292678,0.0,0.0,-0.37528,0.617256,1.67557,0.292678,8667.28,-1.69101,0.629795,0.0
6250.0,0.535845403263403,0.298453,0.0,0.0,0.0225174,0.57751,1.67534,0.298453,8666.39,-1.66122,0.414923,0.0
6260.0,0.5368754032634031,0.306024,0.0,0.0,0.102935,0.757138,1.67431,0.306024,8664.82,-1.64843,0.255402,0.0
6270.0,0.5481254032634031,0.314803,0.0,0.0,1.12548,0.877868,1.66306,0.314803,8661.9,-1.75826,0.527121,0.0
6280.0,0.5491754032634031,0.32241,0.0,0.0,0.104171,0.76065,1.66201,0.32241,8657.92,-1.6201,0.294726,0.0
6290.0,0.5494854032634031,0.326499,0.0,0.0,0.0309954,0.40894,1.6617,0.326499,8652.97,-1.68473,0.281055,0.0
6300.0,0.5503654032634031,0.328128,0.0,0.0,0.0886596,0.162927,1.66082,0.328128,8645.01,-1.65309,0.345929,0.0
6310.0,0.568035403263403,0.328872,0.0,0.0,1.76675,0.0743527,1.64315,0.328872,8631.96,-1.70282,0.328192,0.0
6320.0,0.5764354032634031,0.331702,0.0,0.0,0.840272,0.282979,1.63475,0.331702,8614.35,-1.60543,0.330176,0.0
6330.0,0.621895403263403,0.3373,0.0,0.0,4.54545,0.559817,1.58929,0.3373,8594.86,-1.41436,0.289919,0.0
6340.0,0.651385403263403,0.353938,0.0,0.0,2.9488,1.66379,1.5598,0.353938,8574.06,-1.54136,0.311794,0.0
6350.0,0.6608654032634032,0.391171,0.0,0.0,0.9489,3.72328,1.55032,0.391171,8550.01,-1.53106,0.561992,0.0
6360.0,0.6661754032634031,0.453345,0.0,0.0,0.530839,6.21742,1.54501,0.453345,8524.83,-1.64045,0.469937,0.0
6370.0,0.6795454032634032,0.529892,0.0,0.0,1.33628,7.65471,1.53164,0.529892,8502.99,-1.45205,0.629626,0.0
6380.0,0.686495403263403,0.599817,0.0,0.0,0.695947,6.99247,1.52469,0.599817,8483.07,-1.53852,0.778243,0.0
6390.0,0.7208154032634031,0.651745,0.0,0.0,3.43179,5.19288,1.49037,0.651745,8461.0,-1.44433,0.772512,0.0
6400.0,0.7478254032634031,0.693291,0.0,0.0,2.70038,4.1546,1.46336,0.693291,8437.51,-1.34387,0.601568,0.0
6410.0,0.7614554032634031,0.727038,0.0,0.0,1.36351,3.37467,1.44973,0.727038,8415.38,-1.45969,0.746848,0.0
6420.0,0.805945403263403,0.746627,0.0,0.0,4.44877,1.95888,1.40524,0.746627,8395.12,-1.47601,0.593943,0.0
6430.0,0.845155403263403,0.753951,0.0,0.0,3.92097,0.732406,1.36603,0.753951,8376.3,-1.36179,0.698862,0.0
6440.0,0.8241254032634031,0.757072,0.0,0.0,-2.10254,0.312068,1.38706,0.757072,8357.44,-1.36475,0.810522,0.0
6450.0,0.839835403263403,0.756765,0.0,0.0,1.57051,-0.0306606,1.37135,0.756765,8336.57,-1.29284,0.76653,0.0
6460.0,0.8405554032634031,0.756522,0.0,0.0,0.0718007,-0.0242867,1.37063,0.756522,8314.25,-1.41162,0.795512,0.0
6470.0,0.8404354032634032,0.75495,0.0,0.0,-0.0120859,-0.157207,1.37075,0.75495,8293.54,-1.40069,0.7455,0.0
6480.0,0.8422554032634031,0.748968,0.0,0.0,0.182015,-0.598183,1.36893,0.748968,8277.25,-1.35536,0.77048,0.0
6490.0,0.892985403263403,0.733771,0.0,0.0,5.07329,-1.51969,1.3182,0.733771,8264.34,-1.25389,0.708488,0.0
6500.0,0.8938154032634031,0.714959,0.0,0.0,0.0831598,-1.88121,1.31737,0.714959,8250.32,-1.11766,0.659554,0.0
6510.0,0.8923254032634031,0.696887,0.0,0.0,-0.149408,-1.80721,1.31886,0.696887,8232.68,-1.23255,0.523924,0.0
6520.0,0.880305403263403,0.684208,0.0,0.0,-1.20174,-1.26788,1.33088,0.684208,8211.8,-2.38333,0.730591,0.0
6530.0,0.675555403263403,0.681975,0.0,0.0,-20.4746,-0.223372,1.53563,0.681975,8187.59,-1.56767,0.547625,0.0
6540.0,0.5188554032634032,0.673366,0.0,0.0,-15.6699,-0.860861,1.69233,0.673366,8160.63,-1.81502,0.696712,0.0
6550.0,0.470155403263403,0.65204,0.0,0.0,-4.87061,-2.1326,1.74103,0.65204,8134.53,-1.71626,0.546193,0.0
6560.0,0.41537540326340316,0.62929,0.0,0.0,-5.47759,-2.27496,1.79581,0.62929,8112.64,-1.73656,0.527724,0.0
6570.0,0.39588540326340316,0.611831,0.0,0.0,-1.94908,-1.7459,1.8153,0.611831,8095.35,-1.82351,0.694086,0.0
6580.0,0.407355403263403,0.599495,0.0,0.0,1.14727,-1.23364,1.80383,0.599495,8080.98,-1.85245,0.402445,0.0
6590.0,0.40723540326340313,0.59023,0.0,0.0,-0.0124155,-0.926538,1.80395,0.59023,8065.7,-1.80772,0.665217,0.0
6600.0,0.407795403263403,0.583214,0.0,0.0,0.0558061,-0.701562,1.80339,0.583214,8045.7,-1.72267,0.643946,0.0
6610.0,0.4333954032634031,0.578245,0.0,0.0,2.56068,-0.496895,1.77779,0.578245,8022.04,-1.77509,0.597066,0.0
6620.0,0.4628854032634031,0.57548,0.0,0.0,2.94817,-0.276492,1.7483,0.57548,8000.27,-1.75595,0.423706,0.0
6630.0,0.49497540326340306,0.574229,0.0,0.0,3.20909,-0.125116,1.71621,0.574229,7983.68,-1.62588,0.600934,0.0
6640.0,0.5421254032634031,0.573511,0.0,0.0,4.71573,-0.0717596,1.66906,0.573511,7969.97,-1.65208,0.553494,0.0
6650.0,0.574995403263403,0.574311,0.0,0.0,3.28631,0.0799455,1.63619,0.574311,7954.89,-1.62372,0.429223,0.0
6660.0,0.589805403263403,0.579589,0.0,0.0,1.48151,0.527773,1.62138,0.579589,7935.83,-1.66911,0.499278,0.0
6670.0,0.615965403263403,0.595652,0.0,0.0,2.61606,1.6063,1.59522,0.595652,7912.81,-1.57599,0.722742,0.0
6680.0,0.7153954032634031,0.62282,0.0,0.0,9.94287,2.71685,1.49579,0.62282,7888.39,-1.36968,0.686292,0.0
6690.0,0.817805403263403,0.652146,0.0,0.0,10.2404,2.93255,1.39338,0.652146,7864.96,-1.31613,0.469836,0.0
6700.0,0.8236954032634032,0.673873,0.0,0.0,0.589225,2.17271,1.38749,0.673873,7842.96,-1.40473,0.668854,0.0
6710.0,0.823295403263403,0.68383,0.0,0.0,-0.0395678,0.995761,1.38789,0.68383,7822.14,-1.35572,0.735792,0.0
6720.0,0.797055403263403,0.689891,0.0,0.0,-2.62434,0.606115,1.41413,0.689891,7803.39,-1.52617,0.668237,0.0
6730.0,0.7893554032634031,0.695867,0.0,0.0,-0.769979,0.597509,1.42183,0.695867,7787.83,-1.44933,0.707286,0.0
6740.0,0.7794954032634032,0.704005,0.0,0.0,-0.986125,0.81381,1.43169,0.704005,7773.07,-1.48934,0.715319,0.0
6750.0,0.765035403263403,0.713239,0.0,0.0,-1.44581,0.923458,1.44615,0.713239,7754.33,-1.4124,0.755382,0.0
6760.0,0.765975403263403,0.722945,0.0,0.0,0.0935463,0.970583,1.44521,0.722945,7729.28,-1.41398,0.632569,0.0
6770.0,0.786485403263403,0.741432,0.0,0.0,2.05164,1.84867,1.4247,0.741432,7697.65,-1.46068,0.667608,0.0
6780.0,0.7919254032634031,0.791562,0.0,0.0,0.543509,5.013,1.41926,0.791562,7662.83,-1.31832,0.705571,0.0
6790.0,0.8180954032634031,0.891771,0.0,0.0,2.61765,10.0209,1.39309,0.891771,7633.42,-0.735198,1.18875,0.0
6800.0,0.8671754032634031,1.02451,0.0,0.0,4.90806,13.2743,1.34401,1.02451,7613.78,-1.3867,1.40006,0.0
6810.0,0.978125403263403,1.13268,0.0,0.0,11.0942,10.8163,1.23306,1.13268,7598.17,-1.21607,1.25045,0.0
6820.0,1.096685403263403,1.18548,0.0,0.0,11.8568,5.28044,1.1145,1.18548,7579.63,-0.976407,0.894149,0.0
6830.0,1.113085403263403,1.20279,0.0,0.0,1.63947,1.73048,1.0981,1.20279,7558.19,-1.12462,1.28974,0.0
6840.0,1.1328354032634032,1.20505,0.0,0.0,1.97559,0.226559,1.07835,1.20505,7538.65,-1.00464,1.2199,0.0
6850.0,1.123555403263403,1.20324,0.0,0.0,-0.928793,-0.180973,1.08763,1.20324,7523.75,-1.10502,1.28002,0.0
6860.0,1.103225403263403,1.19863,0.0,0.0,-2.03299,-0.461066,1.10796,1.19863,7510.86,-1.03825,1.17489,0.0
6870.0,1.101815403263403,1.19164,0.0,0.0,-0.140479,-0.698934,1.10937,1.19164,7496.61,-1.10308,1.1744,0.0
6880.0,1.101675403263403,1.18381,0.0,0.0,-0.0143768,-0.783543,1.10951,1.18381,7482.37,-1.13051,1.10731,0.0
6890.0,1.111575403263403,1.17445,0.0,0.0,0.990461,-0.935743,1.09961,1.17445,7471.43,-1.05114,1.22317,0.0
6900.0,1.113845403263403,1.16578,0.0,0.0,0.226778,-0.866633,1.09734,1.16578,7464.87,-1.16168,1.22395,0.0
6910.0,1.171765403263403,1.15795,0.0,0.0,5.79145,-0.783482,1.03942,1.15795,7461.98,-0.986331,1.16395,0.0
6920.0,1.223133403263403,1.15417,0.0,0.0,5.13733,-0.377497,0.988052,1.15417,7461.25,-0.846318,1.13074,0.0
6930.0,1.226516403263403,1.15549,0.0,0.0,0.338253,0.131511,0.984669,1.15549,7461.69,-0.985484,1.10968,0.0
6940.0,1.2281484032634031,1.15943,0.0,0.0,0.163247,0.394746,0.983037,1.15943,7463.7,-1.2604,1.07258,0.0
6950.0,1.2287744032634031,1.16672,0.0,0.0,0.0626087,0.728278,0.982411,1.16672,7467.98,-0.987491,1.15503,0.0
6960.0,1.231569403263403,1.17997,0.0,0.0,0.279489,1.32511,0.979616,1.17997,7473.87,-0.844617,1.27605,0.0
6970.0,1.274309403263403,1.19646,0.0,0.0,4.27399,1.64952,0.936876,1.19646,7479.88,-1.00418,1.2139,0.0
6980.0,1.310951403263403,1.21377,0.0,0.0,3.6642,1.73015,0.900234,1.21377,7485.77,-0.867453,1.26845,0.0
6990.0,1.330045403263403,1.23123,0.0,0.0,1.90939,1.74611,0.88114,1.23123,7493.14,-0.847022,1.29258,0.0
7000.0,1.314995403263403,1.24692,0.0,0.0,-1.50496,1.56909,0.89619,1.24692,7503.66,-0.899168,1.33641,0.0
7010.0,1.314430403263403,1.25537,0.0,0.0,-0.0565766,0.8454,0.896755,1.25537,7517.22,-0.856142,1.22967,0.0
7020.0,1.3028014032634032,1.25732,0.0,0.0,-1.16288,0.194875,0.908384,1.25732,7533.25,-0.9831,1.16382,0.0
7030.0,1.2816574032634032,1.2536,0.0,0.0,-2.11439,-0.371843,0.929528,1.2536,7551.56,-0.905336,1.39348,0.0
7040.0,1.238699403263403,1.24675,0.0,0.0,-4.2958,-0.684934,0.972486,1.24675,7570.51,-0.990996,1.33493,0.0
7050.0,1.193085403263403,1.24092,0.0,0.0,-4.56121,-0.582907,1.0181,1.24092,7587.48,-1.0942,1.35932,0.0
7060.0,1.190235403263403,1.23789,0.0,0.0,-0.28549,-0.302951,1.02095,1.23789,7602.02,-0.939617,1.18107,0.0
7070.0,1.1738454032634031,1.23968,0.0,0.0,-1.63821,0.178327,1.03734,1.23968,7616.79,-1.12347,1.12047,0.0
7080.0,1.165425403263403,1.2431,0.0,0.0,-0.842181,0.341916,1.04576,1.2431,7633.42,-0.977434,1.27164,0.0
7090.0,1.1651054032634032,1.24556,0.0,0.0,-0.0321962,0.245899,1.04608,1.24556,7649.55,-1.03595,1.21014,0.0
7100.0,1.161325403263403,1.24725,0.0,0.0,-0.378279,0.16912,1.04986,1.24725,7663.4,-1.16041,1.24033,0.0
7110.0,1.156975403263403,1.2495,0.0,0.0,-0.43492,0.22511,1.05421,1.2495,7677.63,-0.979312,1.23585,0.0
7120.0,1.156995403263403,1.25217,0.0,0.0,0.00170091,0.266939,1.05419,1.25217,7695.46,-1.07919,1.30841,0.0
7130.0,1.1578154032634032,1.25398,0.0,0.0,0.082428,0.181513,1.05337,1.25398,7716.84,-1.03432,1.45574,0.0
7140.0,1.1743854032634031,1.25401,0.0,0.0,1.65673,0.00284599,1.0368,1.25401,7740.15,-1.02229,1.27834,0.0
7150.0,1.1985254032634032,1.2533,0.0,0.0,2.41397,-0.0708723,1.01266,1.2533,7763.88,-0.954024,1.36342,0.0
7160.0,1.199815403263403,1.2537,0.0,0.0,0.12891,0.040276,1.01137,1.2537,7785.39,-0.982656,1.13992,0.0
7170.0,1.205005403263403,1.25486,0.0,0.0,0.519756,0.115393,1.00618,1.25486,7803.69,-0.996093,1.17527,0.0
7180.0,1.205665403263403,1.25804,0.0,0.0,0.0656174,0.318623,1.00552,1.25804,7821.93,-1.06122,1.21858,0.0
7190.0,1.210225403263403,1.26323,0.0,0.0,0.455591,0.51875,1.00096,1.26323,7842.3,-0.931808,1.22159,0.0
7200.0,1.211451403263403,1.27004,0.0,0.0,0.122968,0.680695,0.999734,1.27004,7863.49,-1.03448,1.27631,0.0
7210.0,1.225605403263403,1.27886,0.0,0.0,1.41539,0.881941,0.98558,1.27886,7885.53,-0.957549,1.34212,0.0
7220.0,1.2684864032634031,1.28917,0.0,0.0,4.2881,1.03087,0.942699,1.28917,7909.67,-0.883929,1.30046,0.0
7230.0,1.3070204032634032,1.2991,0.0,0.0,3.85345,0.993654,0.904165,1.2991,7933.44,-0.853805,1.25348,0.0
7240.0,1.329219403263403,1.30997,0.0,0.0,2.21985,1.08625,0.881966,1.30997,7953.17,-0.876248,1.40983,0.0
7250.0,1.3314264032634031,1.32696,0.0,0.0,0.220691,1.69935,0.879759,1.32696,7969.93,-0.874034,1.30257,0.0
7260.0,1.329716403263403,1.35124,0.0,0.0,-0.171005,2.4283,0.881469,1.35124,7986.44,-0.885204,1.2253,0.0
7270.0,1.243523403263403,1.38379,0.0,0.0,-8.61926,3.25495,0.967662,1.38379,8002.15,-1.06358,1.30084,0.0
7280.0,1.0960554032634031,1.42224,0.0,0.0,-14.7469,3.84449,1.11513,1.42224,8017.0,-1.45076,1.68346,0.0
7290.0,1.039305403263403,1.45937,0.0,0.0,-5.67481,3.71302,1.17188,1.45937,8033.11,-1.15178,1.83635,0.0
7300.0,1.037445403263403,1.48977,0.0,0.0,-0.186166,3.04033,1.17374,1.48977,8049.6,-1.14991,1.49359,0.0
7310.0,0.996565403263403,1.51173,0.0,0.0,-4.08803,2.19581,1.21462,1.51173,8063.67,-1.38785,1.42104,0.0
7320.0,1.006555403263403,1.52885,0.0,0.0,0.998675,1.7125,1.20463,1.52885,8076.73,-1.13291,1.71663,0.0
7330.0,0.9944154032634032,1.54969,0.0,0.0,-1.21386,2.0839,1.21677,1.54969,8093.92,-1.24116,1.7123,0.0
7340.0,0.9940954032634031,1.56625,0.0,0.0,-0.0316154,1.65524,1.21709,1.56625,8117.36,-1.26499,1.53146,0.0
7350.0,0.971305403263403,1.57438,0.0,0.0,-2.27946,0.81398,1.23988,1.57438,8142.81,-1.22033,1.35621,0.0
7360.0,0.944405403263403,1.57475,0.0,0.0,-2.68931,0.0360522,1.26678,1.57475,8164.57,-1.30152,1.31752,0.0
7370.0,0.9151354032634031,1.56755,0.0,0.0,-2.92713,-0.719395,1.29605,1.56755,8181.9,-1.32901,1.67223,0.0
7380.0,0.881125403263403,1.55349,0.0,0.0,-3.4015,-1.40622,1.33006,1.55349,8196.73,-1.40825,1.74825,0.0
7390.0,0.854005403263403,1.53726,0.0,0.0,-2.71199,-1.62343,1.35718,1.53726,8208.99,-1.3539,1.65572,0.0
7400.0,0.827255403263403,1.52385,0.0,0.0,-2.67514,-1.34041,1.38393,1.52385,8219.08,-1.51758,1.54332,0.0
7410.0,0.784865403263403,1.51129,-5.20788,0.0,-4.23809,-1.25594,-3.78157,1.51129,8229.96,-1.37323,1.59755,0.0
7420.0,0.7492154032634031,1.4871,-5.20788,0.0,-3.56549,-2.41898,-3.74591,1.4871,8242.88,-1.56128,1.45627,0.0
7430.0,0.733175403263403,1.44673,-5.20788,0.0,-1.60447,-4.03699,-3.72987,1.44673,8255.08,-1.52647,1.2422,0.0
7440.0,0.727815403263403,1.40545,-5.20788,0.0,-0.535479,-4.12827,-3.72451,1.40545,8264.54,-1.48737,1.31185,0.0
7450.0,0.719275403263403,1.37454,-5.20788,0.0,-0.854069,-3.09064,-3.71597,1.37454,8272.97,-1.49428,1.30017,0.0
7460.0,0.7234354032634032,1.34951,-5.20788,0.0,0.416173,-2.50313,-3.72013,1.34951,8282.73,-1.35728,1.24251,0.0
7470.0,0.7218954032634031,1.32977,-5.20788,0.0,-0.154642,-1.97404,-3.71859,1.32977,8293.97,-1.59066,1.47687,0.0
7480.0,0.712935403263403,1.31736,-5.20788,0.0,-0.895816,-1.24158,-3.70963,1.31736,8305.41,-1.34471,1.11814,0.0
7490.0,0.6869854032634031,1.31092,-5.20788,0.0,-2.59438,-0.643325,-3.68368,1.31092,8315.76,-1.40405,1.46854,0.0
7500.0,0.682065403263403,1.30611,-5.20788,0.0,-0.492175,-0.481097,-3.67876,1.30611,8323.89,-1.59783,1.26942,0.0
7510.0,0.6994254032634031,1.30091,-5.20788,0.0,1.73542,-0.520094,-3.69612,1.30091,8330.33,-1.54209,1.34539,0.0
7520.0,0.697345403263403,1.29679,-5.20788,0.0,-0.207328,-0.412305,-3.69404,1.29679,8337.2,-1.48353,1.32564,0.0
7530.0,0.698255403263403,1.293,-5.20788,0.0,0.0907475,-0.378669,-3.69495,1.293,8345.07,-1.42484,1.22973,0.0
7540.0,0.728835403263403,1.28594,-5.20788,0.0,3.05778,-0.705953,-3.72553,1.28594,8353.09,-1.50279,1.41758,0.0
7550.0,0.7586154032634032,1.2739,-5.20788,0.0,2.97796,-1.20364,-3.75531,1.2739,8360.93,-1.45077,1.32485,0.0
7560.0,0.7653554032634031,1.25796,-5.20788,0.0,0.673986,-1.59463,-3.76205,1.25796,8368.11,-1.41423,1.16364,0.0
7570.0,0.7655854032634031,1.23857,-5.20788,0.0,0.0234951,-1.93908,-3.76228,1.23857,8373.97,-1.45215,1.25321,0.0
7580.0,0.7985054032634031,1.21279,-5.20788,0.0,3.29145,-2.57725,-3.7952,1.21279,8379.39,-1.31618,1.14636,0.0
7590.0,0.8499254032634032,1.16945,-5.20788,0.0,5.14281,-4.33489,-3.84663,1.16945,8387.03,-1.35305,1.27321,0.0
7600.0,1.004845403263403,1.06431,-5.20788,0.0,15.4912,-10.5132,-4.00154,1.06431,8399.88,-1.20429,1.28286,0.0
7610.0,2.933556403263403,0.77233,-5.20788,0.0,192.871,-29.1984,-5.93025,0.77233,8418.75,2.63646,0.603276,0.0
7620.0,5.409765403263403,0.361355,-5.20788,0.0,247.621,-41.0976,-8.40646,0.361355,8440.14,5.90212,-0.452478,0.0
7630.0,6.2788954032634035,0.0339579,-5.20788,0.0,86.913,-32.7397,-9.27559,0.0339579,8458.61,3.83285,-0.666323,0.0
7640.0,6.500495403263404,-0.137096,-5.20788,0.0,22.1597,-17.1054,-9.49719,-0.137096,8471.79,3.48476,-0.198558,0.0
7650.0,6.590355403263404,-0.200923,-5.20788,0.0,8.98616,-6.38268,-9.58705,-0.200923,8480.46,4.74286,-0.148031,0.0
7660.0,6.596235403263403,-0.231124,-5.20788,0.0,0.588369,-3.02011,-9.59294,-0.231124,8485.66,4.65304,-0.367505,0.0
7670.0,6.704705403263404,-0.257209,-5.20788,0.0,10.8465,-2.60851,-9.7014,-0.257209,8488.4,4.46206,-0.177726,0.0
7680.0,6.7558354032634025,-0.273413,-5.20788,0.0,5.11327,-1.62035,-9.75253,-0.273413,8490.07,4.73086,-0.0898417,0.0
7690.0,6.7618154032634035,-0.283849,-5.20788,0.0,0.597664,-1.04363,-9.75851,-0.283849,8491.8,4.53731,-0.259281,0.0
7700.0,6.760965403263404,-0.295648,-5.20788,0.0,-0.0850237,-1.17995,-9.75766,-0.295648,8494.58,4.55528,-0.292848,0.0
7710.0,6.7593554032634025,-0.308781,-5.20788,0.0,-0.160617,-1.31327,-9.75605,-0.308781,8499.2,4.43507,-0.348393,0.0
7720.0,6.7482554032634035,-0.322847,-5.20788,0.0,-1.10978,-1.40663,-9.74496,-0.322847,8505.65,4.5609,-0.344343,0.0
7730.0,6.742185403263402,-0.339233,-5.20788,0.0,-0.607886,-1.63857,-9.73888,-0.339233,8512.36,4.47823,-0.366326,0.0
7740.0,6.741105403263402,-0.353495,-5.20788,0.0,-0.107101,-1.42619,-9.73781,-0.353495,8517.38,4.67537,-0.311321,0.0
7750.0,6.749425403263404,-0.361169,-5.20788,0.0,0.831376,-0.767415,-9.74612,-0.361169,8520.43,4.44539,-0.482824,0.0
7760.0,6.750895403263403,-0.363324,-5.20788,0.0,0.146864,-0.21549,-9.74759,-0.363324,8522.54,4.72346,-0.450263,0.0
7770.0,6.780005403263402,-0.360561,-5.20788,0.0,2.9116,0.27632,-9.7767,-0.360561,8524.44,4.50599,-0.623362,0.0
7780.0,6.784215403263403,-0.336224,-5.20788,0.0,0.42086,2.43371,-9.78091,-0.336224,8526.52,4.58424,-0.390855,0.0
7790.0,6.790795403263402,-0.258252,-5.20788,0.0,0.658164,7.7972,-9.78749,-0.258252,8528.92,4.58475,-0.32819,0.0
7800.0,6.788415403263404,-0.118431,-5.20788,0.0,-0.238781,13.9821,-9.78511,-0.118431,8531.11,4.58102,0.116618,0.0
7810.0,6.702985403263403,0.0297037,-5.20788,0.0,-8.54262,14.8135,-9.69968,0.0297037,8532.88,4.19686,1.14669,0.0
7820.0,6.625535403263402,0.132533,-5.20788,0.0,-7.74518,10.283,-9.62223,0.132533,8534.89,4.22282,0.271929,0.0
7830.0,6.555435403263402,0.206714,-5.20788,0.0,-7.00974,7.41802,-9.55213,0.206714,8538.37,4.34218,0.150197,0.0
7840.0,6.525005403263403,0.281757,-5.20788,0.0,-3.04272,7.50436,-9.5217,0.281757,8543.84,4.45172,0.355192,0.0
7850.0,6.531055403263403,0.351973,-5.20788,0.0,0.604798,7.02155,-9.52775,0.351973,8549.57,4.30507,0.532026,0.0
7860.0,6.563695403263402,0.404414,-5.20788,0.0,3.26347,5.24419,-9.56039,0.404414,8553.38,4.34691,0.405153,0.0
7870.0,6.568245403263402,0.450844,-5.20788,0.0,0.45574,4.64298,-9.56494,0.450844,8555.13,4.4497,0.632706,0.0
7880.0,6.5537154032634035,0.505273,-5.20788,0.0,-1.45282,5.4429,-9.55042,0.505273,8555.78,4.37695,0.432679,0.0
7890.0,6.555285403263403,0.557032,-5.20788,0.0,0.156772,5.17589,-9.55198,0.557032,8556.05,4.31888,0.410369,0.0
7900.0,6.505525403263404,0.58982,-5.20788,0.0,-4.97607,3.27879,-9.50222,0.58982,8556.49,4.26897,0.774442,0.0
7910.0,6.4680154032634025,0.601334,-5.20788,0.0,-3.7511,1.15134,-9.46471,0.601334,8557.61,4.21092,0.612642,0.0
7920.0,6.466225403263403,0.600816,-5.20788,0.0,-0.178812,-0.0517988,-9.46292,0.600816,8560.32,4.19932,0.644805,0.0
7930.0,6.4616554032634035,0.596749,-5.20788,0.0,-0.457345,-0.406648,-9.45835,0.596749,8564.82,4.26042,0.638199,0.0
7940.0,6.442175403263404,0.593278,-5.20788,0.0,-1.9482,-0.347123,-9.43887,0.593278,8569.24,4.30156,0.586343,0.0
7950.0,6.463285403263404,0.588235,-5.20788,0.0,2.11135,-0.504245,-9.45998,0.588235,8571.74,4.23141,0.47681,0.0
7960.0,6.481115403263402,0.579296,-5.20788,0.0,1.78286,-0.893967,-9.47781,0.579296,8572.57,4.19252,0.584771,0.0
7970.0,6.493345403263403,0.562428,-5.20788,0.0,1.22276,-1.68679,-9.49004,0.562428,8572.65,4.35339,0.404484,0.0
7980.0,6.4742554032634025,0.53619,-5.20788,0.0,-1.90838,-2.6238,-9.47095,0.53619,8572.3,4.38991,0.57107,0.0
7990.0,6.464905403263403,0.503839,-5.20788,0.0,-0.935276,-3.23509,-9.4616,0.503839,8571.13,4.20062,0.576097,0.0
8000.0,6.460425403263404,0.472444,-5.20788,0.0,-0.448479,-3.13954,-9.45712,0.472444,8568.34,4.18703,0.492416,0.0
8010.0,6.425085403263402,0.445586,-5.20788,0.0,-3.53384,-2.68571,-9.42178,0.445586,8562.96,4.21694,0.372859,0.0
8020.0,6.358105403263403,0.418022,-5.20788,0.0,-6.69768,-2.75648,-9.3548,0.418022,8553.41,4.23155,0.525034,0.0
8030.0,5.1927254032634025,0.393861,-5.20788,0.0,-116.538,-2.41604,-8.18942,0.393861,8537.87,-0.197158,0.515686,0.0
8040.0,1.468860403263403,0.374962,-5.20788,0.0,-372.386,-1.88995,-4.46556,0.374962,8514.26,-6.32293,0.717987,0.0
8050.0,-3.9874945967365973,0.324045,-5.20788,0.0,-545.635,-5.09171,0.990794,0.324045,8477.45,-9.21369,0.126843,0.0
8060.0,-7.319374596736596,0.099812,-5.20788,0.0,-333.188,-22.4233,4.32268,0.099812,8427.52,-10.9018,-0.361143,0.0
8070.0,-8.158714596736596,-0.221879,-5.20788,0.0,-83.9336,-32.1691,5.16201,-0.221879,8379.76,-11.0422,-0.525666,0.0
8080.0,-8.577814596736596,-0.417604,-5.20788,0.0,-41.9105,-19.5725,5.58112,-0.417604,8349.49,-10.5131,-0.501927,0.0
8090.0,-8.629314596736597,-0.519178,-5.20788,0.0,-5.14697,-10.1574,5.63259,-0.519178,8336.24,-10.9584,-0.410198,0.0
8100.0,-8.633614596736596,-0.579731,-5.20788,0.0,-0.428472,-6.05531,5.63687,-0.579731,8331.61,-10.9118,-0.626442,0.0
8110.0,-8.635014596736596,-0.625462,-5.20788,0.0,-0.142413,-4.57305,5.6383,-0.625462,8330.26,-10.7876,-0.735858,0.0
8120.0,-8.617214596736597,-0.659531,-5.20788,0.0,1.78044,-3.40693,5.62049,-0.659531,8330.39,-10.7789,-0.793954,0.0
8130.0,-8.596414596736597,-0.682783,-5.20788,0.0,2.0735,-2.32519,5.59976,-0.682783,8331.2,-10.7701,-0.728817,0.0
8140.0,-8.576014596736597,-0.698031,-5.20788,0.0,2.04307,-1.52482,5.57933,-0.698031,8332.28,-10.8705,-0.609861,0.0
8150.0,-8.572614596736596,-0.706291,-5.20788,0.0,0.338205,-0.826009,5.57595,-0.706291,8333.26,-10.8799,-0.607298,0.0
8160.0,-8.567214596736596,-0.710722,-5.20788,0.0,0.543762,-0.443057,5.57051,-0.710722,8333.82,-10.7861,-0.677938,0.0
8170.0,-8.559014596736597,-0.712632,-5.20788,0.0,0.816652,-0.190983,5.56234,-0.712632,8334.05,-10.7675,-0.975239,0.0
8180.0,-8.528514596736596,-0.71457,-5.20788,0.0,3.05149,-0.193845,5.53183,-0.71457,8334.26,-10.6592,-0.645292,0.0
8190.0,-8.512414596736596,-0.715299,-5.20788,0.0,1.60988,-0.0728456,5.51573,-0.715299,8334.78,-10.7063,-0.752906,0.0
8200.0,-8.503114596736596,-0.715751,-5.20788,0.0,0.932202,-0.0452091,5.50641,-0.715751,8336.22,-10.8196,-0.816823,0.0
8210.0,-8.502314596736596,-0.70731,-5.20788,0.0,0.079856,0.84401,5.50561,-0.70731,8339.22,-10.7476,-0.823583,0.0
8220.0,-8.497714596736596,-0.651008,-5.20788,0.0,0.462925,5.63028,5.50098,-0.651008,8343.69,-10.611,-0.682364,0.0
8230.0,-8.423914596736596,-0.469072,-5.20788,0.0,7.37258,18.1936,5.42725,-0.469072,8349.16,-10.7648,-0.761556,0.0
8240.0,-7.845614596736597,-0.162154,-5.20788,0.0,57.8359,30.6917,4.84889,-0.162154,8356.17,-8.52773,0.292933,0.0
8250.0,-6.704374596736596,0.140885,-5.20788,0.0,114.122,30.304,3.70767,0.140885,8366.35,-7.41895,0.99493,0.0
8260.0,-5.892924596736597,0.356242,-5.20788,0.0,81.145,21.5356,2.89622,0.356242,8380.39,-7.91197,0.662528,0.0
8270.0,-5.677474596736596,0.496141,-5.20788,0.0,21.5449,13.9899,2.68077,0.496141,8395.88,-7.96008,0.440306,0.0
8280.0,-5.605284596736597,0.583436,-5.20788,0.0,7.21898,8.72951,2.60859,0.583436,8410.06,-7.76339,0.593628,0.0
8290.0,-5.568594596736597,0.630501,-5.20788,0.0,3.66856,4.70649,2.5719,0.630501,8422.45,-7.79446,0.511375,0.0
8300.0,-5.553484596736597,0.648754,-5.20788,0.0,1.51083,1.82535,2.55679,0.648754,8432.35,-7.69568,0.686184,0.0
8310.0,-5.537444596736597,0.65363,-5.20788,0.0,1.60452,0.487596,2.54075,0.65363,8438.61,-7.76606,0.861956,0.0
8320.0,-5.515254596736597,0.654684,-5.20788,0.0,2.2191,0.10542,2.51855,0.654684,8441.67,-7.64074,0.646204,0.0
8330.0,-5.510484596736596,0.655562,-5.20788,0.0,0.476717,0.087797,2.51379,0.655562,8442.98,-7.71051,0.646196,0.0
8340.0,-5.509914596736596,0.655716,-5.20788,0.0,0.0574451,0.015409,2.51321,0.655716,8443.73,-7.73635,0.764256,0.0
8350.0,-5.5013245967365965,0.65396,-5.20788,0.0,0.85826,-0.175631,2.50463,0.65396,8444.98,-7.71426,0.695101,0.0
8360.0,-5.511414596736596,0.648835,-5.20788,0.0,-1.00827,-0.51249,2.51471,0.648835,8447.48,-7.82726,0.676893,0.0
8370.0,-5.538654596736597,0.63477,-5.20788,0.0,-2.72477,-1.40656,2.54196,0.63477,8451.01,-7.52783,0.630535,0.0
8380.0,-5.569214596736597,0.607793,-5.20788,0.0,-3.05562,-2.6977,2.57252,0.607793,8454.6,-7.80754,0.350168,0.0
8390.0,-5.581544596736597,0.572501,-5.20788,0.0,-1.23276,-3.52912,2.58484,0.572501,8457.82,-7.7771,0.489766,0.0
8400.0,-5.575614596736598,0.54173,-5.20788,0.0,0.592366,-3.07718,2.57892,0.54173,8461.06,-7.82917,0.37445,0.0
8410.0,-5.575904596736597,0.523957,-5.20788,0.0,-0.0282767,-1.77731,2.5792,0.523957,8464.48,-7.81041,0.541751,0.0
8420.0,-5.5665645967365975,0.514989,-5.20788,0.0,0.933273,-0.896747,2.56987,0.514989,8467.57,-7.78471,0.436197,0.0
8430.0,-5.555544596736597,0.509864,-5.20788,0.0,1.1024,-0.512525,2.55885,0.509864,8469.87,-7.74295,0.534,0.0
8440.0,-5.554634596736596,0.507584,-5.20788,0.0,0.0913662,-0.228025,2.55793,0.507584,8471.41,-7.74902,0.491613,0.0
8450.0,-5.541544596736596,0.507104,-5.20788,0.0,1.30856,-0.0479311,2.54485,0.507104,8472.93,-7.74916,0.631167,0.0
8460.0,-5.537314596736596,0.508575,-5.20788,0.0,0.422775,0.147079,2.54062,0.508575,8475.94,-7.79397,0.654353,0.0
8470.0,-5.537034596736596,0.510616,-5.20788,0.0,0.0278105,0.204067,2.54034,0.510616,8481.7,-7.73836,0.514092,0.0
8480.0,-5.537824596736597,0.512445,-5.20788,0.0,-0.0783539,0.18289,2.54113,0.512445,8489.33,-7.74708,0.464498,0.0
8490.0,-5.558014596736596,0.514309,-5.20788,0.0,-2.01925,0.186437,2.56132,0.514309,8496.41,-7.73047,0.504805,0.0
8500.0,-5.561924596736597,0.513777,-5.20788,0.0,-0.39087,-0.0531807,2.56523,0.513777,8501.92,-7.85103,0.462545,0.0
8510.0,-5.632574596736596,0.515863,-5.20788,0.0,-7.06483,0.208621,2.63588,0.515863,8506.4,-7.8848,0.634433,0.0
8520.0,-5.701494596736596,0.517519,-5.20788,0.0,-6.89237,0.165552,2.7048,0.517519,8510.26,-7.93595,0.534163,0.0
8530.0,-5.733214596736596,0.516923,-5.20788,0.0,-3.17149,-0.0596021,2.73651,0.516923,8513.57,-7.96414,0.559842,0.0
8540.0,-5.763384596736596,0.513478,-5.20788,0.0,-3.01756,-0.34445,2.76669,0.513478,8516.17,-7.99796,0.534764,0.0
8550.0,-5.7874745967365975,0.500306,-5.20788,0.0,-2.40919,-1.31729,2.79078,0.500306,8518.08,-7.99674,0.502778,0.0
8560.0,-5.799624596736596,0.473847,-5.20788,0.0,-1.21441,-2.64581,2.80293,0.473847,8519.86,-8.11438,0.444761,0.0
8570.0,-5.810314596736596,0.444202,-5.20788,0.0,-1.06934,-2.96457,2.81362,0.444202,8521.83,-8.04583,0.35253,0.0
8580.0,-5.811864596736596,0.424073,-5.20788,0.0,-0.155318,-2.01289,2.81517,0.424073,8523.85,-8.02401,0.309119,0.0
8590.0,-5.812474596736596,0.415994,-5.20788,0.0,-0.0602179,-0.807918,2.81577,0.415994,8526.2,-8.02504,0.390071,0.0
8600.0,-5.815534596736596,0.415082,-5.20788,0.0,-0.306298,-0.0912017,2.81884,0.415082,8529.38,-7.86065,0.359569,0.0
8610.0,-5.817324596736597,0.420694,-5.20788,0.0,-0.179537,0.561264,2.82063,0.420694,8533.73,-8.01179,0.43493,0.0
8620.0,-5.832454596736596,0.440841,-5.20788,0.0,-1.51299,2.01468,2.83576,0.440841,8538.75,-8.07905,0.390238,0.0
8630.0,-5.853494596736596,0.477893,-5.20788,0.0,-2.10319,3.70523,2.85679,0.477893,8542.61,-8.05356,0.62933,0.0
8640.0,-5.855484596736597,0.516356,-5.20788,0.0,-0.199784,3.84625,2.85879,0.516356,8544.41,-8.05814,0.566213,0.0
8650.0,-5.856774596736596,0.540483,-5.20788,0.0,-0.128221,2.41269,2.86007,0.540483,8545.05,-8.07015,0.565429,0.0
8660.0,-5.859694596736597,0.549417,-5.20788,0.0,-0.292503,0.893398,2.863,0.549417,8545.24,-8.22244,0.54181,0.0
8670.0,-5.878874596736596,0.551669,-5.20788,0.0,-1.91802,0.225284,2.88218,0.551669,8544.93,-8.07205,0.676599,0.0
8680.0,-5.9049445967365966,0.550858,-5.20788,0.0,-2.60673,-0.0811616,2.90825,0.550858,8544.17,-7.97374,0.584955,0.0
8690.0,-5.917344596736596,0.546902,-5.20788,0.0,-1.24018,-0.395586,2.92065,0.546902,8543.5,-8.12971,0.546268,0.0
8700.0,-5.911174596736597,0.541019,-5.20788,0.0,0.617507,-0.588268,2.91447,0.541019,8543.35,-8.12444,0.628983,0.0
8710.0,-5.911214596736597,0.535014,-5.20788,0.0,-0.00419024,-0.600546,2.91452,0.535014,8543.69,-8.16453,0.503111,0.0
8720.0,-5.909614596736596,0.526175,-5.20788,0.0,0.159413,-0.883855,2.91292,0.526175,8544.57,-8.10024,0.527874,0.0
8730.0,-5.861804596736597,0.511214,-5.20788,0.0,4.78096,-1.49612,2.86511,0.511214,8546.47,-7.94239,0.296099,0.0
8740.0,-5.844034596736597,0.498244,-5.20788,0.0,1.77772,-1.29697,2.84733,0.498244,8549.4,-7.93516,0.434464,0.0
8750.0,-5.812594596736597,0.487464,-5.20788,0.0,3.14329,-1.07802,2.8159,0.487464,8552.14,-8.02832,0.485445,0.0
8760.0,-5.803044596736596,0.480605,-5.20788,0.0,0.954921,-0.685964,2.80635,0.480605,8553.51,-8.09612,0.294656,0.0
8770.0,-5.793494596736597,0.476832,-5.20788,0.0,0.955368,-0.377254,2.7968,0.476832,8553.75,-7.80094,0.506832,0.0
8780.0,-5.807884596736596,0.478761,-5.20788,0.0,-1.43858,0.192923,2.81118,0.478761,8553.66,-8.01487,0.412539,0.0
8790.0,-5.805244596736596,0.486372,-5.20788,0.0,0.263418,0.761108,2.80855,0.486372,8553.64,-7.99269,0.533971,0.0
8800.0,-5.805014596736596,0.502066,-5.20788,0.0,0.0230437,1.56935,2.80832,0.502066,8553.73,-8.05503,0.414849,0.0
8810.0,-5.823684596736596,0.52135,-5.20788,0.0,-1.86638,1.9284,2.82698,0.52135,8553.9,-8.01741,0.565839,0.0
8820.0,-5.854404596736597,0.537038,-5.20788,0.0,-3.07262,1.5688,2.85771,0.537038,8554.07,-8.11783,0.499433,0.0
8830.0,-5.901024596736596,0.549664,-5.20788,0.0,-4.66218,1.26258,2.90433,0.549664,8554.24,-8.1768,0.603997,0.0
8840.0,-5.902554596736596,0.558149,-5.20788,0.0,-0.152975,0.848494,2.90586,0.558149,8554.55,-8.24348,0.544994,0.0
8850.0,-5.901994596736596,0.566702,-5.20788,0.0,0.0566196,0.855378,2.9053,0.566702,8555.55,-8.1502,0.695844,0.0
8860.0,-5.897164596736596,0.580011,-5.20788,0.0,0.482896,1.33091,2.90047,0.580011,8558.31,-8.06971,0.686298,0.0
8870.0,-5.836384596736597,0.599545,-5.20788,0.0,6.07735,1.95338,2.83969,0.599545,8563.84,-8.02694,0.471132,0.0
8880.0,-5.725414596736597,0.624207,-5.20788,0.0,11.0979,2.46621,2.72871,0.624207,8572.55,-7.92382,0.634688,0.0
8890.0,-4.201524596736597,0.574424,-5.20788,0.0,152.388,-4.97835,1.20483,0.574424,8584.48,-5.02716,0.373507,0.0
8900.0,-0.6004645967365971,0.435111,0.0,0.0,360.106,-13.9313,-2.81165,0.435111,8600.35,-0.434998,0.695493,0.0
8910.0,1.6989924032634032,0.376525,0.0,0.0,229.946,-5.85858,-0.512193,0.376525,8619.24,0.215794,0.666757,0.0
8920.0,1.873522403263403,0.411757,0.0,0.0,17.4531,3.52318,-0.337663,0.411757,8636.23,-1.24541,0.818232,0.0
8930.0,1.9811924032634032,0.460784,0.0,0.0,10.7669,4.90274,-0.229993,0.460784,8647.08,-0.30194,0.375034,0.0
8940.0,2.1121442032634032,0.514202,0.0,0.0,13.0952,5.34175,-0.0990412,0.514202,8652.83,0.0380972,0.465479,0.0
8950.0,2.124413603263403,0.560563,0.0,0.0,1.22694,4.63617,-0.0867718,0.560563,8656.43,-0.0172377,0.735692,0.0
8960.0,2.198723503263403,0.582399,0.0,0.0,7.43099,2.18358,-0.0124619,0.582399,8658.87,-0.00306234,0.64637,0.0
8970.0,2.2068590332634033,0.591017,0.0,0.0,0.813557,0.861785,-0.00432637,0.591017,8660.08,0.00765566,0.57756,0.0
8980.0,2.207344703263403,0.594734,0.0,0.0,0.0485668,0.371673,-0.0038407,0.594734,8660.44,0.0426071,0.637276,0.0
8990.0,2.206939523263403,0.596515,0.0,0.0,-0.0405185,0.178128,-0.00424588,0.596515,8660.54,-0.178217,0.869172,0.0
9000.0,2.193298703263403,0.596557,0.0,0.0,-1.36408,0.00416868,-0.0178867,0.596557,8660.68,-0.0300305,0.547214,0.0
9010.0,2.165069403263403,0.593857,0.0,0.0,-2.82294,-0.269928,-0.046116,0.593857,8661.26,-0.224152,0.566717,0.0
9020.0,2.144758403263403,0.586858,0.0,0.0,-2.03109,-0.699972,-0.066427,0.586858,8662.95,-0.0358832,0.433516,0.0
9030.0,2.142194203263403,0.577013,0.0,0.0,-0.256427,-0.984489,-0.0689912,0.577013,8666.04,-0.116805,0.511742,0.0
9040.0,2.136709403263403,0.568745,0.0,0.0,-0.548473,-0.826824,-0.074476,0.568745,8670.0,0.145026,0.646972,0.0
9050.0,2.138478603263403,0.56386,0.0,0.0,0.176912,-0.488482,-0.0727068,0.56386,8674.44,-0.109242,0.618008,0.0
9060.0,2.134095903263403,0.561795,0.0,0.0,-0.438265,-0.20652,-0.0770895,0.561795,8679.44,-0.067403,0.717665,0.0
9070.0,2.129695303263403,0.559883,0.0,0.0,-0.440061,-0.191196,-0.0814901,0.559883,8684.44,-0.0823369,0.461453,0.0
9080.0,2.126465003263403,0.554783,0.0,0.0,-0.323026,-0.509984,-0.0847204,0.554783,8688.32,-0.0704684,0.760459,0.0
9090.0,2.128137503263403,0.541162,0.0,0.0,0.167248,-1.36208,-0.0830479,0.541162,8690.72,-0.0937368,0.463851,0.0
9100.0,2.128693203263403,0.517525,0.0,0.0,0.0555707,-2.36374,-0.0824922,0.517525,8692.02,-0.138772,0.4863,0.0
9110.0,2.121345003263403,0.491658,0.0,0.0,-0.734818,-2.58664,-0.0898404,0.491658,8692.49,-0.0509874,0.49398,0.0
9120.0,2.116363803263403,0.471533,0.0,0.0,-0.498127,-2.01256,-0.0948216,0.471533,8692.44,0.0298648,0.646168,0.0
9130.0,2.0743424032634032,0.458614,0.0,0.0,-4.20211,-1.29185,-0.136843,0.458614,8692.01,-0.271391,0.363017,0.0
9140.0,1.960642403263403,0.449602,0.0,0.0,-11.37,-0.901218,-0.250543,0.449602,8690.16,-0.186162,0.327716,0.0
9150.0,1.167955403263403,0.465499,0.0,0.0,-79.2683,1.58972,-1.04323,0.465499,8684.22,-3.00857,0.466195,0.0
9160.0,0.457005403263403,0.481379,0.0,0.0,-71.0957,1.588,-1.75418,0.481379,8673.18,-1.85568,0.494002,0.0
9170.0,0.368675403263403,0.47687,0.0,0.0,-8.83283,-0.450898,-1.84251,0.47687,8661.38,-1.79882,0.460045,0.0
9180.0,0.301605403263403,0.474648,0.0,0.0,-6.70656,-0.2222,-1.90958,0.474648,8653.97,-1.73313,0.518188,0.0
9190.0,0.29623540326340314,0.472058,0.0,0.0,-0.537028,-0.258998,-1.91495,0.472058,8651.19,-1.97452,0.456863,0.0
9200.0,0.24300540326340303,0.473671,0.0,0.0,-5.32365,0.161253,-1.96818,0.473671,8650.53,-2.07905,0.55461,0.0
9210.0,0.23956540326340314,0.475271,0.0,0.0,-0.343381,0.160078,-1.97162,0.475271,8650.5,-1.96029,0.499279,0.0
9220.0,0.2265454032634031,0.477659,0.0,0.0,-1.30233,0.238743,-1.98464,0.477659,8650.94,-2.03187,0.397971,0.0
9230.0,0.22463540326340303,0.476869,0.0,0.0,-0.190519,-0.0789501,-1.98655,0.476869,8652.66,-1.97598,0.382328,0.0
9240.0,0.22418540326340297,0.471612,0.0,0.0,-0.0450573,-0.525729,-1.987,0.471612,8656.95,-2.03509,0.704721,0.0
9250.0,0.22289540326340318,0.46396,0.0,0.0,-0.129496,-0.765217,-1.98829,0.46396,8664.22,-1.99177,0.355822,0.0
9260.0,0.2060054032634029,0.457457,0.0,0.0,-1.68846,-0.65028,-2.00518,0.457457,8673.11,-1.91567,0.541454,0.0
9270.0,0.206495403263403,0.452353,0.0,0.0,0.0481556,-0.510392,-2.00469,0.452353,8682.07,-2.21122,0.312133,0.0
9280.0,0.24317540326340303,0.445937,0.0,0.0,3.66884,-0.641637,-1.96801,0.445937,8690.12,-2.08361,0.475206,0.0
9290.0,0.2680654032634031,0.435133,0.0,0.0,2.48865,-1.08044,-1.94312,0.435133,8695.99,-1.8972,0.260621,0.0
9300.0,0.24871540326340313,0.422069,0.0,0.0,-1.9351,-1.30631,-1.96247,0.422069,8699.24,-1.98688,0.488509,0.0
9310.0,0.24681540326340312,0.408131,0.0,0.0,-0.190178,-1.39381,-1.96437,0.408131,8700.97,-1.91885,0.51142,0.0
9320.0,0.244185403263403,0.395332,0.0,0.0,-0.262493,-1.27998,-1.967,0.395332,8702.39,-1.9351,0.540273,0.0
9330.0,0.20407540326340312,0.386552,0.0,0.0,-4.01144,-0.877995,-2.00711,0.386552,8704.39,-2.04831,0.399639,0.0
9340.0,0.16549540326340306,0.381711,0.0,0.0,-3.85743,-0.484093,-2.04569,0.381711,8708.12,-2.03988,0.364723,0.0
9350.0,0.1549254032634031,0.37754,0.0,0.0,-1.05718,-0.417022,-2.05626,0.37754,8713.87,-2.08782,0.22806,0.0
9360.0,0.15285540326340286,0.369584,0.0,0.0,-0.207266,-0.795613,-2.05833,0.369584,8721.09,-2.14001,0.26821,0.0
9370.0,0.1263354032634032,0.358138,0.0,0.0,-2.65226,-1.14468,-2.08485,0.358138,8729.29,-2.17021,0.325716,0.0
9380.0,0.10760540326340307,0.341484,0.0,0.0,-1.87312,-1.66533,-2.10358,0.341484,8738.1,-1.82097,0.337449,0.0
9390.0,0.10172540326340318,0.318006,0.0,0.0,-0.587307,-2.34781,-2.10946,0.318006,8747.4,-2.17476,0.437491,0.0
9400.0,0.07930540326340285,0.295572,0.0,0.0,-2.24263,-2.24338,-2.13188,0.295572,8755.25,-2.129,0.366448,0.0
9410.0,0.05727540326340286,0.28243,0.0,0.0,-2.20243,-1.31423,-2.15391,0.28243,8759.64,-2.08473,0.170746,0.0
9420.0,0.05133540326340302,0.276802,0.0,0.0,-0.594595,-0.562845,-2.15985,0.276802,8761.2,-2.1837,0.156646,0.0
9430.0,0.05090540326340287,0.273836,0.0,0.0,-0.042517,-0.296593,-2.16028,0.273836,8761.31,-2.24962,0.197359,0.0
9440.0,0.052355403263403044,0.272225,0.0,0.0,0.145389,-0.161042,-2.15883,0.272225,8760.55,-2.16225,0.179402,0.0
9450.0,0.09017540326340301,0.270921,0.0,0.0,3.78103,-0.130388,-2.12101,0.270921,8759.06,-2.08138,0.221875,0.0
9460.0,0.13988540326340315,0.271641,0.0,0.0,4.97154,0.0719407,-2.0713,0.271641,8756.85,-2.04362,0.308606,0.0
9470.0,0.157895403263403,0.276197,0.0,0.0,1.80099,0.455608,-2.05329,0.276197,8754.28,-2.08356,0.377396,0.0
9480.0,0.1882254032634032,0.282393,0.0,0.0,3.03294,0.61964,-2.02296,0.282393,8751.6,-1.95948,0.277001,0.0
9490.0,0.23094540326340307,0.29391,0.0,0.0,4.27209,1.15165,-1.98024,0.29391,8748.23,-2.00147,0.281695,0.0
9500.0,0.25588540326340303,0.322568,0.0,0.0,2.49412,2.86586,-1.9553,0.322568,8743.66,-1.89045,0.270704,0.0
9510.0,0.280455403263403,0.381084,0.0,0.0,2.45691,5.85157,-1.93073,0.381084,8737.53,-1.94724,0.391022,0.0
9520.0,0.34731540326340316,0.469516,0.0,0.0,6.68615,8.84319,-1.86387,0.469516,8728.8,-1.38487,0.632901,0.0
9530.0,0.43708540326340306,0.566106,0.0,0.0,8.97713,9.65902,-1.7741,0.566106,8717.43,-1.7197,0.749825,0.0
9540.0,0.515745403263403,0.638399,0.0,0.0,7.86557,7.2293,-1.69544,0.638399,8706.18,-1.80073,0.739229,0.0
9550.0,0.5379254032634031,0.675559,0.0,0.0,2.21812,3.71595,-1.67326,0.675559,8697.33,-1.58351,0.696784,0.0
9560.0,0.5407454032634031,0.689344,0.0,0.0,0.282331,1.37855,-1.67044,0.689344,8690.14,-1.46036,0.732006,0.0
9570.0,0.5682254032634031,0.692639,0.0,0.0,2.74782,0.329462,-1.64296,0.692639,8683.16,-1.68843,0.694065,0.0
9580.0,0.6439854032634031,0.690734,0.0,0.0,7.57561,-0.190436,-1.5672,0.690734,8675.29,-1.49966,0.344688,0.0
9590.0,0.7096354032634031,0.688291,0.0,0.0,6.56553,-0.244319,-1.50155,0.688291,8665.72,-1.50944,0.530945,0.0
9600.0,0.712695403263403,0.688303,0.0,0.0,0.305348,0.00118192,-1.49849,0.688303,8655.69,-1.33294,0.761663,0.0
9610.0,0.7192254032634031,0.688917,0.0,0.0,0.653706,0.0614312,-1.49196,0.688917,8647.55,-1.50772,0.625902,0.0
9620.0,0.712595403263403,0.692728,0.0,0.0,-0.663158,0.381035,-1.49859,0.692728,8641.45,-1.55515,0.639187,0.0
9630.0,0.7030954032634031,0.701353,0.0,0.0,-0.950188,0.862544,-1.50809,0.701353,8634.94,-1.47595,0.570677,0.0
9640.0,0.7025254032634032,0.713133,0.0,0.0,-0.0566462,1.17802,-1.50866,0.713133,8625.45,-1.57578,0.562299,0.0
9650.0,0.681145403263403,0.722561,0.0,0.0,-2.13795,0.942754,-1.53004,0.722561,8613.38,-1.54921,0.801476,0.0
9660.0,0.712775403263403,0.725103,0.0,0.0,3.16296,0.25425,-1.49841,0.725103,8602.01,-1.46589,0.87058,0.0
9670.0,0.7064154032634031,0.734775,0.0,0.0,-0.636146,0.96717,-1.50477,0.734775,8592.29,-1.55259,0.805578,0.0
9680.0,0.7261154032634032,0.754421,0.0,0.0,1.96975,1.96458,-1.48507,0.754421,8581.66,-1.41406,0.877956,0.0
9690.0,0.7435954032634031,0.776811,0.0,0.0,1.7477,2.23903,-1.46759,0.776811,8569.64,-1.47756,0.838796,0.0
9700.0,0.7361754032634031,0.793005,0.0,0.0,-0.741861,1.61936,-1.47501,0.793005,8559.09,-1.52301,0.534456,0.0
9710.0,0.732535403263403,0.801582,0.0,0.0,-0.363552,0.857686,-1.47865,0.801582,8551.79,-1.44168,0.722839,0.0
9720.0,0.642635403263403,0.813176,0.0,0.0,-8.98998,1.15948,-1.56855,0.813176,8546.8,-1.69063,0.786322,0.0
9730.0,0.584785403263403,0.828516,0.0,0.0,-5.78556,1.53393,-1.6264,0.828516,8542.46,-1.60485,0.882564,0.0
9740.0,0.5831854032634032,0.846047,0.0,0.0,-0.159722,1.75312,-1.628,0.846047,8538.16,-1.72226,0.940373,0.0
9750.0,0.5738954032634032,0.866883,0.0,0.0,-0.929151,2.08358,-1.63729,0.866883,8534.67,-1.60675,0.863787,0.0
9760.0,0.593875403263403,0.890171,0.0,0.0,1.99773,2.32883,-1.61731,0.890171,8532.67,-1.48013,0.985817,0.0
9770.0,0.617195403263403,0.913613,0.0,0.0,2.33219,2.34415,-1.59399,0.913613,8531.84,-1.75671,0.827162,0.0
9780.0,0.628135403263403,0.931274,0.0,0.0,1.09448,1.76616,-1.58305,0.931274,8531.38,-1.65154,0.942001,0.0
9790.0,0.6283554032634031,0.940851,0.0,0.0,0.0220431,0.957702,-1.58283,0.940851,8530.6,-1.50731,1.00478,0.0
9800.0,0.6080854032634031,0.945249,0.0,0.0,-2.02734,0.439808,-1.6031,0.945249,8528.94,-1.44722,1.02326,0.0
9810.0,0.600415403263403,0.946275,0.0,0.0,-0.767458,0.102575,-1.61077,0.946275,8526.64,-1.6417,1.02851,0.0
9820.0,0.5690154032634032,0.946731,0.0,0.0,-3.13981,0.0455686,-1.64217,0.946731,8524.96,-1.63725,0.953839,0.0
9830.0,0.552345403263403,0.944657,0.0,0.0,-1.66675,-0.207398,-1.65884,0.944657,8524.71,-1.66726,0.977879,0.0
9840.0,0.5369454032634031,0.940725,0.0,0.0,-1.54045,-0.393177,-1.67424,0.940725,8525.94,-1.68925,0.810559,0.0
9850.0,0.47914540326340305,0.937632,0.0,0.0,-5.77978,-0.309294,-1.73204,0.937632,8527.99,-1.91348,0.814685,0.0
9860.0,0.406875403263403,0.934226,0.0,0.0,-7.22729,-0.340583,-1.80431,0.934226,8529.83,-1.89937,0.89147,0.0
9870.0,0.40166540326340305,0.92756,0.0,0.0,-0.520044,-0.666611,-1.80952,0.92756,8531.53,-1.83816,0.981288,0.0
9880.0,0.3640954032634032,0.92257,0.0,0.0,-3.75753,-0.499044,-1.84709,0.92257,8533.75,-1.815,0.891517,0.0
9890.0,0.36238540326340307,0.916914,0.0,0.0,-0.170928,-0.565544,-1.8488,0.916914,8536.56,-1.74639,1.04761,0.0
9900.0,0.3700154032634031,0.91128,0.0,0.0,0.762562,-0.563365,-1.84117,0.91128,8539.9,-1.9751,0.950623,0.0
9910.0,0.36941540326340316,0.905339,0.0,0.0,-0.0595058,-0.594175,-1.84177,0.905339,8544.16,-1.77928,0.906444,0.0
9920.0,0.35507540326340314,0.89902,0.0,0.0,-1.43398,-0.631867,-1.85611,0.89902,8549.77,-1.80504,0.968034,0.0
9930.0,0.29937540326340306,0.894934,0.0,0.0,-5.57041,-0.408564,-1.91181,0.894934,8556.19,-1.90451,0.811346,0.0
9940.0,0.352815403263403,0.889021,0.0,0.0,5.34425,-0.591311,-1.85837,0.889021,8562.27,-2.00632,0.805595,0.0
9950.0,0.3319654032634032,0.888889,0.0,0.0,-2.08509,-0.0132523,-1.87922,0.888889,8567.41,-1.99573,0.829946,0.0
9960.0,0.32018540326340306,0.890682,0.0,0.0,-1.1781,0.17929,-1.891,0.890682,8572.48,-1.82098,0.800513,0.0
9970.0,0.320615403263403,0.895739,0.0,0.0,0.0429414,0.505762,-1.89057,0.895739,8579.44,-1.899,0.963404,0.0
9980.0,0.33331540326340314,0.905363,0.0,0.0,1.27002,0.962401,-1.87787,0.905363,8589.05,-1.87021,0.923524,0.0
9990.0,0.3345654032634031,0.919599,0.0,0.0,0.125554,1.42357,-1.87662,0.919599,8599.64,-1.876,0.999206,0.0
10000.0,0.3277854032634031,0.934986,0.0,0.0,-0.678014,1.5387,-1.8834,0.934986,8609.01,-1.7438,0.942233,0.0
10010.0,0.327935403263403,0.945884,0.0,0.0,0.0150908,1.08985,-1.88325,0.945884,8618.12,-1.88557,1.02492,0.0
10020.0,0.3209054032634031,0.950959,0.0,0.0,-0.703204,0.507465,-1.89028,0.950959,8631.25,-1.97131,0.97032,0.0
10030.0,0.3206354032634031,0.951687,0.0,0.0,-0.0270733,0.0727503,-1.89055,0.951687,8650.76,-2.01087,0.898007,0.0
10040.0,0.32055540326340304,0.949546,0.0,0.0,-0.00784728,-0.214112,-1.89063,0.949546,8672.78,-1.79099,1.16471,0.0
10050.0,0.32260540326340315,0.942969,0.0,0.0,0.204655,-0.657615,-1.88858,0.942969,8690.8,-1.79382,1.00631,0.0
10060.0,0.336855403263403,0.927769,0.0,0.0,1.42524,-1.52002,-1.87433,0.927769,8702.78,-1.91236,0.914819,0.0
10070.0,0.35724540326340315,0.898399,0.0,0.0,2.03909,-2.93701,-1.85394,0.898399,8711.73,-1.88737,0.946552,0.0
10080.0,0.4612954032634031,0.845383,0.0,0.0,10.405,-5.3016,-1.74989,0.845383,8721.44,-1.69705,0.695899,0.0
10090.0,1.030255403263403,0.756335,0.0,0.0,56.8959,-8.90479,-1.18093,0.756335,8733.56,0.118241,0.786901,0.0
10100.0,1.525517403263403,0.673088,0.0,0.0,49.5261,-8.32467,-0.685668,0.673088,8747.96,-0.676702,0.566805,0.0
10110.0,1.545181403263403,0.629083,0.0,0.0,1.96641,-4.4006,-0.666004,0.629083,8763.61,-0.759337,0.557569,0.0
10120.0,1.5433904032634032,0.605066,0.0,0.0,-0.179164,-2.40166,-0.667795,0.605066,8778.43,-0.663869,0.547499,0.0
10130.0,1.542159403263403,0.589397,0.0,0.0,-0.123071,-1.56689,-0.669026,0.589397,8790.14,-0.62667,0.502518,0.0
10140.0,1.540795403263403,0.575188,0.0,0.0,-0.136351,-1.42088,-0.67039,0.575188,8798.55,-0.677357,0.623306,0.0
10150.0,1.5312414032634032,0.558279,0.0,0.0,-0.955383,-1.6909,-0.679944,0.558279,8805.31,-0.594883,0.577082,0.0
10160.0,1.468586403263403,0.539612,0.0,0.0,-6.26557,-1.86668,-0.742599,0.539612,8811.93,-0.833462,0.485161,0.0
10170.0,1.418542403263403,0.522846,0.0,0.0,-5.00437,-1.67666,-0.792643,0.522846,8819.5,-0.780583,0.475217,0.0
10180.0,1.415703403263403,0.512457,0.0,0.0,-0.28394,-1.0389,-0.795482,0.512457,8828.46,-0.843178,0.520674,0.0
10190.0,1.416534403263403,0.508628,0.0,0.0,0.0830936,-0.382879,-0.794651,0.508628,8838.48,-0.787649,0.497262,0.0
10200.0,1.444984403263403,0.505581,0.0,0.0,2.84507,-0.304653,-0.766201,0.505581,8849.91,-0.714126,0.467236,0.0
10210.0,1.513031403263403,0.499239,0.0,0.0,6.80465,-0.63429,-0.698154,0.499239,8863.43,-0.635821,0.562779,0.0
10220.0,1.515385403263403,0.491483,0.0,0.0,0.235438,-0.775599,-0.6958,0.491483,8877.91,-0.455146,0.716085,0.0
10230.0,1.5140504032634032,0.479874,0.0,0.0,-0.133475,-1.16084,-0.697135,0.479874,8890.53,-0.617769,0.527431,0.0
10240.0,1.5037464032634031,0.46649,0.0,0.0,-1.03045,-1.33839,-0.707439,0.46649,8899.56,-0.783161,0.465914,0.0
10250.0,1.511477403263403,0.448443,0.0,0.0,0.773079,-1.80472,-0.699708,0.448443,8906.14,-0.766105,0.429641,0.0
10260.0,1.5095834032634032,0.414837,0.0,0.0,-0.189394,-3.36065,-0.701602,0.414837,8913.34,-0.819712,0.436147,0.0
10270.0,1.5739324032634032,0.344606,0.0,0.0,6.43494,-7.02304,-0.637253,0.344606,8923.0,-0.614518,0.368476,0.0
10280.0,3.050504403263403,0.190049,0.0,0.0,147.657,-15.4557,0.839319,0.190049,8933.24,2.30229,0.00745699,0.0
10290.0,4.480295403263403,0.0446555,0.0,0.0,142.979,-14.5394,2.26911,0.0446555,8941.39,3.21897,-0.161192,0.0
10300.0,4.636985403263403,-0.0234405,0.0,0.0,15.6685,-6.8096,2.4258,-0.0234405,8948.04,1.9662,-0.0678171,0.0
10310.0,4.774075403263403,-0.0597538,0.0,0.0,13.7091,-3.63134,2.56289,-0.0597538,8955.97,2.37451,-0.0797793,0.0
10320.0,4.832955403263403,-0.0780759,0.0,0.0,5.88786,-1.8322,2.62177,-0.0780759,8965.64,2.62374,-0.194137,0.0
10330.0,4.810785403263403,-0.0856982,0.0,0.0,-2.21644,-0.762234,2.5996,-0.0856982,8974.03,2.771,0.0602559,0.0
10340.0,4.834225403263403,-0.0917113,0.0,0.0,2.34407,-0.601307,2.62304,-0.0917113,8978.76,2.62876,0.0596383,0.0
10350.0,4.833685403263403,-0.0980618,0.0,0.0,-0.0545451,-0.635057,2.6225,-0.0980618,8980.74,2.57254,-0.0577673,0.0
10360.0,4.807045403263404,-0.103793,0.0,0.0,-2.66403,-0.573147,2.59586,-0.103793,8981.85,2.63455,-0.122401,0.0
10370.0,4.780665403263403,-0.107043,0.0,0.0,-2.63811,-0.324953,2.56948,-0.107043,8983.11,2.52254,-0.195454,0.0
10380.0,4.7757754032634026,-0.108971,0.0,0.0,-0.48879,-0.192813,2.56459,-0.108971,8984.65,2.55181,-0.207215,0.0
10390.0,4.775665403263403,-0.110894,-5.20788,0.0,-0.0110759,-0.192302,-7.77236,-0.110894,8986.12,2.56878,-0.107045,0.0
10400.0,4.778335403263403,-0.113042,-5.20788,0.0,0.267614,-0.21476,-7.77503,-0.113042,8987.63,2.56789,-0.0250124,0.0
10410.0,4.845895403263404,-0.117165,-5.20788,0.0,6.75547,-0.412369,-7.84259,-0.117165,8989.66,2.7279,0.00370438,0.0
10420.0,4.9171054032634025,-0.122657,-5.20788,0.0,7.12128,-0.549203,-7.9138,-0.122657,8992.06,2.79143,-0.308274,0.0
10430.0,4.921345403263404,-0.13086,-5.20788,0.0,0.424277,-0.82027,-7.91804,-0.13086,8994.98,2.68462,-0.119984,0.0
10440.0,4.919885403263403,-0.145012,-5.20788,0.0,-0.146206,-1.41519,-7.91658,-0.145012,8998.76,2.73316,-0.167876,0.0
10450.0,4.910405403263403,-0.160588,-5.20788,0.0,-0.948021,-1.55763,-7.9071,-0.160588,9002.53,2.71853,0.0356345,0.0
10460.0,4.8941354032634035,-0.175371,-5.20788,0.0,-1.627,-1.47832,-7.89083,-0.175371,9005.24,2.45427,-0.247592,0.0
10470.0,4.891385403263403,-0.199896,-5.20788,0.0,-0.275216,-2.45247,-7.88808,-0.199896,9007.25,2.6286,-0.170105,0.0
10480.0,4.9212354032634025,-0.25858,-5.20788,0.0,2.98514,-5.86841,-7.91793,-0.25858,9009.38,2.60308,-0.217678,0.0
10490.0,5.786065403263403,-0.406314,-5.20788,0.0,86.483,-14.7734,-8.78276,-0.406314,9011.87,4.40687,-0.433967,0.0
10500.0,7.753485403263403,-0.641594,-5.20788,0.0,196.742,-23.528,-10.7502,-0.641594,9014.42,7.61285,-0.991473,0.0
10510.0,9.166005403263403,-0.850555,-5.20788,0.0,141.252,-20.8961,-12.1627,-0.850555,9016.33,7.58514,-1.34877,0.0
10520.0,9.470985403263404,-0.969501,-5.20788,0.0,30.4975,-11.8946,-12.4677,-0.969501,9017.19,6.72063,-0.895429,0.0
10530.0,9.535715403263403,-1.03024,-5.20788,0.0,6.47354,-6.07364,-12.5324,-1.03024,9017.11,7.11917,-1.13306,0.0
10540.0,9.532905403263403,-1.06589,-5.20788,0.0,-0.281582,-3.56487,-12.5296,-1.06589,9016.11,7.38513,-1.147,0.0
10550.0,9.533225403263403,-1.08892,-5.20788,0.0,0.0326448,-2.30334,-12.5299,-1.08892,9014.34,7.42398,-0.871521,0.0
10560.0,9.591095403263402,-1.10495,-5.20788,0.0,5.78626,-1.60311,-12.5878,-1.10495,9012.34,7.38899,-1.01395,0.0
10570.0,9.592655403263404,-1.11593,-5.20788,0.0,0.156227,-1.0979,-12.5894,-1.11593,9010.26,7.39298,-1.13292,0.0
10580.0,9.590785403263403,-1.12469,-5.20788,0.0,-0.186766,-0.876174,-12.5875,-1.12469,9008.11,7.27691,-1.04848,0.0
10590.0,9.566975403263402,-1.12957,-5.20788,0.0,-2.38083,-0.48829,-12.5637,-1.12957,9006.5,7.40933,-1.16615,0.0
10600.0,9.569285403263404,-1.13153,-5.20788,0.0,0.230603,-0.195415,-12.566,-1.13153,9005.83,7.25534,-1.13349,0.0
10610.0,9.569845403263404,-1.13055,-5.20788,0.0,0.0557344,0.097414,-12.5665,-1.13055,9006.07,7.29439,-1.16768,0.0
10620.0,9.577925403263404,-1.12266,-5.20788,0.0,0.808857,0.789907,-12.5746,-1.12266,9007.51,7.57051,-1.13263,0.0
10630.0,9.588545403263403,-1.09807,-5.20788,0.0,1.0615,2.45889,-12.5852,-1.09807,9010.36,7.50186,-1.15087,0.0
10640.0,9.625765403263403,-1.05709,-5.20788,0.0,3.72172,4.09813,-12.6225,-1.05709,9014.28,7.38415,-0.928279,0.0
10650.0,9.634395403263403,-1.01488,-5.20788,0.0,0.863245,4.22017,-12.6311,-1.01488,9019.27,7.37019,-0.869923,0.0
10660.0,9.645665403263402,-0.984771,-5.20788,0.0,1.12713,3.01131,-12.6424,-0.984771,9025.64,7.43349,-0.956842,0.0
10670.0,9.639045403263403,-0.967519,-5.20788,0.0,-0.662493,1.72514,-12.6357,-0.967519,9032.91,7.42096,-0.878843,0.0
10680.0,9.639165403263403,-0.962208,-5.20788,0.0,0.0127245,0.531115,-12.6359,-0.962208,9040.21,7.44212,-0.958986,0.0
10690.0,9.638755403263403,-0.968368,-5.20788,0.0,-0.0410163,-0.615982,-12.6355,-0.968368,9047.17,7.35157,-1.04561,0.0
10700.0,9.641215403263404,-0.985669,-5.20788,0.0,0.24584,-1.7301,-12.6379,-0.985669,9053.89,7.50578,-1.03699,0.0
10710.0,9.639565403263402,-1.00853,-5.20788,0.0,-0.164682,-2.28592,-12.6363,-1.00853,9061.55,7.24029,-0.905612,0.0
10720.0,9.619215403263404,-1.02757,-5.20788,0.0,-2.03544,-1.90462,-12.6159,-1.02757,9071.04,7.47058,-1.07951,0.0
10730.0,9.614745403263402,-1.0398,-5.20788,0.0,-0.447092,-1.22228,-12.6114,-1.0398,9080.01,7.44265,-1.03619,0.0
10740.0,9.557535403263403,-1.04599,-5.20788,0.0,-5.72085,-0.619409,-12.5542,-1.04599,9085.89,7.37706,-1.21701,0.0
10750.0,9.552845403263403,-1.05229,-5.20788,0.0,-0.469317,-0.629647,-12.5495,-1.05229,9089.79,7.30394,-0.945311,0.0
10760.0,9.515605403263404,-1.05966,-5.20788,0.0,-3.72394,-0.737618,-12.5123,-1.05966,9093.59,7.26988,-1.10777,0.0
10770.0,9.512605403263404,-1.06815,-5.20788,0.0,-0.299515,-0.848201,-12.5093,-1.06815,9097.25,7.26284,-0.991169,0.0
10780.0,9.498505403263403,-1.07518,-5.20788,0.0,-1.41048,-0.70333,-12.4952,-1.07518,9100.44,7.30195,-1.17128,0.0
10790.0,9.492255403263403,-1.08146,-5.20788,0.0,-0.625107,-0.627955,-12.4889,-1.08146,9104.21,7.34545,-0.870889,0.0
10800.0,9.471345403263403,-1.08541,-5.20788,0.0,-2.09039,-0.395453,-12.468,-1.08541,9109.49,7.16702,-1.09921,0.0
10810.0,9.420935403263403,-1.0852,-5.20788,0.0,-5.04173,0.0208852,-12.4176,-1.0852,9115.44,7.1744,-1.07531,0.0
10820.0,9.417445403263404,-1.0832,-5.20788,0.0,-0.348366,0.200359,-12.4141,-1.0832,9120.64,7.19847,-1.10577,0.0
10830.0,9.417665403263403,-1.08022,-5.20788,0.0,0.0217675,0.298403,-12.4144,-1.08022,9124.5,7.13717,-1.15896,0.0
10840.0,9.420185403263403,-1.07749,-5.20788,0.0,0.251669,0.272179,-12.4169,-1.07749,9127.62,7.23247,-1.1492,0.0
10850.0,9.471585403263402,-1.07731,-5.20788,0.0,5.14079,0.0183069,-12.4683,-1.07731,9131.72,7.30578,-1.03336,0.0
10860.0,9.473765403263403,-1.07817,-5.20788,0.0,0.217581,-0.0862231,-12.4705,-1.07817,9138.49,7.31334,-0.812619,0.0
10870.0,9.473035403263403,-1.08045,-5.20788,0.0,-0.0728295,-0.227899,-12.4697,-1.08045,9147.46,7.28432,-1.0732,0.0
10880.0,9.458995403263403,-1.085,-5.20788,0.0,-1.40442,-0.454336,-12.4557,-1.085,9156.85,7.0498,-1.03089,0.0
10890.0,9.411625403263404,-1.09829,-5.20788,0.0,-4.73674,-1.3294,-12.4083,-1.09829,9166.16,7.14582,-1.058,0.0
10900.0,9.387855403263403,-1.1299,-5.20788,0.0,-2.37727,-3.16065,-12.3845,-1.1299,9175.0,7.17585,-1.2118,0.0
10910.0,9.382365403263403,-1.17427,-5.20788,0.0,-0.54889,-4.43707,-12.3791,-1.17427,9181.92,7.14027,-1.25861,0.0
10920.0,9.369075403263404,-1.21101,-5.20788,0.0,-1.32909,-3.67406,-12.3658,-1.21101,9186.36,7.0069,-1.268,0.0
10930.0,9.376585403263404,-1.22938,-5.20788,0.0,0.750768,-1.83706,-12.3733,-1.22938,9189.12,7.16667,-1.36257,0.0
10940.0,9.363975403263403,-1.23415,-5.20788,0.0,-1.26067,-0.477248,-12.3607,-1.23415,9191.22,7.14097,-1.29049,0.0
10950.0,9.363805403263402,-1.23454,-5.20788,0.0,-0.0172708,-0.0386361,-12.3605,-1.23454,9194.25,7.19614,-1.15482,0.0
10960.0,9.373575403263404,-1.23384,-5.20788,0.0,0.976976,0.0695101,-12.3703,-1.23384,9201.2,7.11054,-1.24866,0.0
10970.0,9.380525403263404,-1.23296,-5.20788,0.0,0.694954,0.0883434,-12.3772,-1.23296,9213.42,7.14092,-1.21253,0.0
10980.0,9.425865403263403,-1.2329,-5.20788,0.0,4.53475,0.00551545,-12.4226,-1.2329,9226.99,7.27248,-1.20255,0.0
10990.0,9.439285403263403,-1.23148,-5.20788,0.0,1.34182,0.142127,-12.436,-1.23148,9237.18,7.23032,-1.19136,0.0
11000.0,9.439955403263403,-1.2297,-5.20788,0.0,0.0666942,0.178274,-12.4367,-1.2297,9244.0,7.28092,-1.02104,0.0
11010.0,9.439385403263403,-1.2286,-5.20788,0.0,-0.0571595,0.109618,-12.4361,-1.2286,9250.38,7.19769,-1.39801,0.0
11020.0,9.423785403263404,-1.22782,-5.20788,0.0,-1.55919,0.0788474,-12.4205,-1.22782,9257.8,7.20377,-1.26535,0.0
11030.0,9.415195403263404,-1.2275,-5.20788,0.0,-0.859741,0.031488,-12.4119,-1.2275,9264.94,7.19144,-1.23371,0.0
11040.0,9.379765403263404,-1.22532,-5.20788,0.0,-3.54304,0.21812,-12.3765,-1.22532,9270.48,7.08178,-1.28236,0.0
11050.0,9.316905403263403,-1.21378,-5.20788,0.0,-6.28581,1.1539,-12.3136,-1.21378,9275.63,6.94908,-1.22556,0.0
11060.0,9.254955403263404,-1.17651,-5.20788,0.0,-6.19488,3.72724,-12.2517,-1.17651,9281.59,7.03592,-1.35928,0.0
11070.0,8.760755403263403,-1.09368,-5.20788,0.0,-49.4196,8.28291,-11.7575,-1.09368,9287.23,5.68967,-0.996811,0.0
11080.0,8.210045403263402,-0.995571,-5.20788,0.0,-55.0717,9.8108,-11.2067,-0.995571,9291.6,5.49443,-0.616742,0.0
11090.0,8.120175403263403,-0.932143,-5.20788,0.0,-8.98712,6.34282,-11.1169,-0.932143,9295.79,6.06062,-0.903504,0.0
11100.0,8.024665403263404,-0.902923,-5.20788,0.0,-9.55073,2.92198,-11.0214,-0.902923,9300.96,5.83991,-0.948386,0.0
11110.0,8.099655403263403,-0.897046,-5.20788,0.0,7.49867,0.587627,-11.0963,-0.897046,9307.1,5.99301,-0.783866,0.0
11120.0,8.102905403263403,-0.895322,-5.20788,0.0,0.325827,0.172437,-11.0996,-0.895322,9313.56,5.68574,-0.887656,0.0
11130.0,8.094705403263402,-0.89489,-5.20788,0.0,-0.820161,0.0431899,-11.0914,-0.89489,9320.01,5.88403,-0.748306,0.0
11140.0,8.094295403263404,-0.89546,-5.20788,0.0,-0.0414844,-0.0570217,-11.091,-0.89546,9326.49,5.84534,-0.945077,0.0
11150.0,8.094095403263402,-0.897602,-5.20788,0.0,-0.0198078,-0.214203,-11.0908,-0.897602,9332.17,5.98302,-0.831355,0.0
11160.0,8.094305403263403,-0.904432,-5.20788,0.0,0.0210386,-0.68295,-11.091,-0.904432,9336.03,5.93661,-0.728878,0.0
11170.0,8.112395403263402,-0.917878,-5.20788,0.0,1.80896,-1.34456,-11.1091,-0.917878,9338.19,5.88672,-1.07177,0.0
11180.0,8.116245403263402,-0.931834,-5.20788,0.0,0.384966,-1.39568,-11.1129,-0.931834,9339.5,5.82423,-1.10314,0.0
11190.0,8.123625403263404,-0.940039,-5.20788,0.0,0.738448,-0.820443,-11.1203,-0.940039,9340.93,5.94965,-1.06591,0.0
11200.0,8.129735403263403,-0.942136,-5.20788,0.0,0.610509,-0.20968,-11.1264,-0.942136,9343.64,6.11475,-0.872323,0.0
11210.0,8.129905403263404,-0.941066,-5.20788,0.0,0.0168041,0.107,-11.1266,-0.941066,9348.51,5.80381,-0.930812,0.0
11220.0,8.142575403263404,-0.937579,-5.20788,0.0,1.2674,0.348635,-11.1393,-0.937579,9354.95,5.99181,-0.992782,0.0
11230.0,8.138305403263404,-0.929587,-5.20788,0.0,-0.427096,0.799173,-11.135,-0.929587,9361.99,5.90511,-0.953386,0.0
11240.0,8.138565403263403,-0.918181,-5.20788,0.0,0.0256112,1.14067,-11.1353,-0.918181,9369.71,5.93802,-0.894707,0.0
11250.0,8.126175403263403,-0.90458,-5.20788,0.0,-1.23869,1.3601,-11.1229,-0.90458,9377.58,5.91932,-0.925718,0.0
11260.0,8.102365403263404,-0.886595,-5.20788,0.0,-2.38075,1.79851,-11.0991,-0.886595,9384.12,5.77179,-0.803194,0.0
11270.0,8.061545403263404,-0.861646,-5.20788,0.0,-4.08227,2.49483,-11.0582,-0.861646,9389.06,5.82754,-0.830113,0.0
11280.0,8.033235403263403,-0.83642,-5.20788,0.0,-2.83106,2.52265,-11.0299,-0.83642,9393.55,5.75215,-0.773692,0.0
11290.0,8.010355403263404,-0.817749,-5.20788,0.0,-2.28784,1.86708,-11.0071,-0.817749,9398.79,5.76349,-0.938683,0.0
11300.0,8.001885403263403,-0.805312,-5.20788,0.0,-0.847382,1.24374,-10.9986,-0.805312,9405.17,5.81478,-0.857346,0.0
11310.0,7.994005403263403,-0.796967,-5.20788,0.0,-0.787245,0.834456,-10.9907,-0.796967,9411.36,5.75396,-0.713685,0.0
11320.0,7.995975403263403,-0.793093,-5.20788,0.0,0.196836,0.387455,-10.9927,-0.793093,9415.64,5.78538,-0.787285,0.0
11330.0,8.004555403263403,-0.79257,-5.20788,0.0,0.85771,0.052308,-11.0013,-0.79257,9418.1,5.82028,-0.883536,0.0
11340.0,8.004835403263403,-0.793519,-5.20788,0.0,0.0283946,-0.0949657,-11.0015,-0.793519,9420.22,5.79267,-0.70329,0.0
11350.0,8.004585403263404,-0.79711,-5.20788,0.0,-0.0256274,-0.35909,-11.0013,-0.79711,9423.35,5.75099,-0.735767,0.0
11360.0,8.006565403263403,-0.808605,-5.20788,0.0,0.198294,-1.14947,-11.0033,-0.808605,9428.59,5.91616,-0.798777,0.0
11370.0,8.036165403263404,-0.833806,-5.20788,0.0,2.96025,-2.5201,-11.0329,-0.833806,9435.81,5.72379,-0.950003,0.0
11380.0,8.070875403263402,-0.870541,-5.20788,0.0,3.47059,-3.67357,-11.0676,-0.870541,9442.66,5.97276,-1.01246,0.0
11390.0,8.099695403263404,-0.910148,-5.20788,0.0,2.88212,-3.96065,-11.0964,-0.910148,9447.03,5.84493,-0.853644,0.0
11400.0,8.111935403263404,-0.942832,-5.20788,0.0,1.22384,-3.26836,-11.1086,-0.942832,9449.93,6.0799,-0.971775,0.0
11410.0,8.155475403263402,-0.967962,-5.20788,0.0,4.35454,-2.51306,-11.1522,-0.967962,9454.34,6.00571,-0.908109,0.0
11420.0,8.185865403263403,-0.992104,-5.20788,0.0,3.0387,-2.41423,-11.1826,-0.992104,9462.01,5.92915,-0.940203,0.0
11430.0,8.236875403263403,-1.01874,-5.20788,0.0,5.10097,-2.6636,-11.2336,-1.01874,9471.5,6.06375,-1.07058,0.0
11440.0,8.276255403263404,-1.04034,-5.20788,0.0,3.93762,-2.16023,-11.2729,-1.04034,9480.41,6.11889,-1.1185,0.0
11450.0,8.277355403263403,-1.05222,-5.20788,0.0,0.110366,-1.18737,-11.2741,-1.05222,9488.3,6.05251,-1.19686,0.0
11460.0,8.287895403263404,-1.05734,-5.20788,0.0,1.05447,-0.512198,-11.2846,-1.05734,9495.56,6.11846,-1.22342,0.0
11470.0,8.287995403263404,-1.05867,-5.20788,0.0,0.00925216,-0.133366,-11.2847,-1.05867,9501.78,6.04276,-1.07107,0.0
11480.0,8.282255403263402,-1.0588,-5.20788,0.0,-0.573358,-0.0124023,-11.279,-1.0588,9507.27,6.31217,-1.02728,0.0
11490.0,8.290525403263404,-1.05909,-5.20788,0.0,0.826375,-0.0292548,-11.2872,-1.05909,9513.43,5.92987,-0.927443,0.0
11500.0,8.291175403263402,-1.05898,-5.20788,0.0,0.0653824,0.0106359,-11.2879,-1.05898,9520.35,6.08425,-0.964999,0.0
11510.0,8.298485403263403,-1.05816,-5.20788,0.0,0.731234,0.0826155,-11.2952,-1.05816,9526.62,6.3789,-0.910876,0.0
11520.0,8.324855403263403,-1.05589,-5.20788,0.0,2.63682,0.226537,-11.3216,-1.05589,9531.26,6.08807,-1.10453,0.0
11530.0,8.326415403263404,-1.05138,-5.20788,0.0,0.155604,0.450782,-11.3231,-1.05138,9534.16,6.18291,-1.22101,0.0
11540.0,8.326915403263403,-1.04593,-5.20788,0.0,0.0506218,0.545135,-11.3236,-1.04593,9535.72,6.38965,-1.15961,0.0
11550.0,8.304635403263402,-1.03668,-5.20788,0.0,-2.22829,0.92489,-11.3013,-1.03668,9536.61,6.08275,-1.07152,0.0
11560.0,7.7321854032634025,-1.00991,-5.20788,0.0,-57.2449,2.67761,-10.7289,-1.00991,9537.34,4.9957,-1.09415,0.0
11570.0,6.593605403263403,-0.965866,-5.20788,0.0,-113.858,4.40402,-9.5903,-0.965866,9538.22,3.5598,-0.794138,0.0
11580.0,5.9944054032634035,-0.936423,-5.20788,0.0,-59.9199,2.94434,-8.9911,-0.936423,9539.7,3.60663,-0.839192,0.0
11590.0,5.969975403263403,-0.928092,-5.20788,0.0,-2.44286,0.833103,-8.96667,-0.928092,9542.94,4.11125,-0.937438,0.0
11600.0,5.952855403263403,-0.925027,-5.20788,0.0,-1.71144,0.306474,-8.94956,-0.925027,9548.83,3.82827,-0.924563,0.0
11610.0,5.988345403263403,-0.925596,-5.20788,0.0,3.54811,-0.0569114,-8.98504,-0.925596,9556.91,3.77782,-0.995212,0.0
11620.0,6.009085403263403,-0.9263,-5.20788,0.0,2.0748,-0.0704081,-9.00579,-0.9263,9565.13,3.76548,-0.918355,0.0
11630.0,6.017845403263403,-0.927588,-5.20788,0.0,0.875258,-0.128792,-9.01454,-0.927588,9571.25,3.78321,-1.09288,0.0
11640.0,6.0428554032634025,-0.931961,-5.20788,0.0,2.50175,-0.437225,-9.03956,-0.931961,9575.22,3.89449,-0.976473,0.0
11650.0,6.056895403263403,-0.941104,-5.20788,0.0,1.40358,-0.914353,-9.05359,-0.941104,9577.62,3.82788,-1.12501,0.0
11660.0,6.064655403263403,-0.959291,-5.20788,0.0,0.776273,-1.81871,-9.06135,-0.959291,9578.67,3.87994,-0.850942,0.0
11670.0,6.061455403263404,-0.994459,-5.20788,0.0,-0.319866,-3.51681,-9.05816,-0.994459,9578.86,3.84011,-0.869448,0.0
11680.0,6.038715403263403,-1.04849,-5.20788,0.0,-2.27451,-5.4035,-9.03541,-1.04849,9578.58,3.97636,-0.92483,0.0
11690.0,5.829285403263404,-1.10287,-5.20788,0.0,-20.9433,-5.43779,-8.82598,-1.10287,9577.98,3.1783,-1.10205,0.0
11700.0,4.688115403263403,-1.11966,-5.20788,0.0,-114.117,-1.67912,-7.68481,-1.11966,9577.32,0.692578,-1.10342,0.0
11710.0,3.6940554032634028,-1.12476,-5.20788,0.0,-99.406,-0.510022,-6.69075,-1.12476,9576.89,1.43474,-1.24943,0.0
11720.0,3.643795403263403,-1.1496,-5.20788,0.0,-5.02589,-2.48316,-6.64049,-1.1496,9576.72,1.56876,-1.3174,0.0
11730.0,3.629785403263403,-1.17009,-5.20788,0.0,-1.40064,-2.04969,-6.62648,-1.17009,9576.68,1.37227,-1.20825,0.0
11740.0,3.6256754032634033,-1.1854,-5.20788,0.0,-0.411009,-1.53043,-6.62237,-1.1854,9576.64,1.42685,-1.1818,0.0
11750.0,3.570185403263403,-1.19123,-5.20788,0.0,-5.54892,-0.582964,-6.56689,-1.19123,9576.58,1.22742,-1.20473,0.0
11760.0,3.5189754032634033,-1.19221,-5.20788,0.0,-5.12125,-0.0985867,-6.51567,-1.19221,9576.47,1.26641,-0.972009,0.0
11770.0,3.516265403263403,-1.19417,-5.20788,0.0,-0.270769,-0.195878,-6.51297,-1.19417,9576.35,1.35823,-1.11938,0.0
11780.0,3.506865403263403,-1.19712,-5.20788,0.0,-0.940561,-0.294449,-6.50356,-1.19712,9576.33,1.26685,-1.15923,0.0
11790.0,3.5064254032634032,-1.20192,-5.20788,0.0,-0.0440646,-0.480975,-6.50312,-1.20192,9576.5,1.39533,-1.46986,0.0
11800.0,3.514605403263403,-1.20753,-5.20788,0.0,0.818236,-0.560764,-6.5113,-1.20753,9576.94,1.28721,-1.23901,0.0
11810.0,3.528685403263403,-1.21152,-5.20788,0.0,1.40758,-0.398631,-6.52538,-1.21152,9577.57,1.10858,-1.32645,0.0
11820.0,3.565715403263403,-1.21386,-5.20788,0.0,3.70297,-0.233775,-6.56241,-1.21386,9578.32,1.3438,-1.20484,0.0
11830.0,3.529185403263403,-1.21195,-5.20788,0.0,-3.65221,0.190405,-6.52588,-1.21195,9579.04,1.46692,-1.3037,0.0
11840.0,3.526725403263403,-1.20931,-5.20788,0.0,-0.246652,0.263811,-6.52342,-1.20931,9579.49,1.39363,-1.28706,0.0
11850.0,3.501855403263403,-1.2043,-5.20788,0.0,-2.48714,0.500973,-6.49855,-1.2043,9579.82,1.12637,-1.10797,0.0
11860.0,3.4422554032634034,-1.19763,-5.20788,0.0,-5.95994,0.667424,-6.43895,-1.19763,9580.15,1.13584,-1.19082,0.0
11870.0,3.432655403263403,-1.19089,-5.20788,0.0,-0.959785,0.674074,-6.42935,-1.19089,9580.21,1.12225,-1.38053,0.0
11880.0,3.433285403263403,-1.17908,0.0,0.0,0.0632704,1.18131,1.2221,-1.17908,9579.59,1.2635,-1.17181,0.0
11890.0,3.4378454032634034,-1.16159,0.0,0.0,0.455655,1.74889,1.22666,-1.16159,9577.92,1.24177,-1.19937,0.0
11900.0,3.513005403263403,-1.147,0.0,0.0,7.51583,1.45834,1.30182,-1.147,9574.98,1.36373,-0.962129,0.0
11910.0,3.582455403263403,-1.13719,0.0,0.0,6.94537,0.981183,1.37127,-1.13719,9571.2,1.40263,-1.03634,0.0
11920.0,3.638215403263403,-1.1289,0.0,0.0,5.57651,0.829297,1.42703,-1.1289,9567.76,1.52198,-1.15329,0.0
11930.0,3.6862754032634033,-1.12148,0.0,0.0,4.80548,0.74223,1.47509,-1.12148,9565.52,1.51093,-1.29301,0.0
11940.0,3.689245403263403,-1.11723,0.0,0.0,0.297597,0.424565,1.47806,-1.11723,9564.31,1.4642,-1.11127,0.0
11950.0,3.689145403263403,-1.11883,0.0,0.0,-0.0103508,-0.15996,1.47796,-1.11883,9563.13,1.51558,-1.14086,0.0
11960.0,3.686865403263403,-1.12439,0.0,0.0,-0.228475,-0.55566,1.47568,-1.12439,9560.61,1.46568,-1.07075,0.0
11970.0,3.644135403263403,-1.13067,0.0,0.0,-4.27294,-0.628382,1.43295,-1.13067,9555.88,1.29414,-1.0864,0.0
11980.0,3.626975403263403,-1.14205,0.0,0.0,-1.7154,-1.13752,1.41579,-1.14205,9549.85,1.40628,-1.08779,0.0
11990.0,3.624765403263403,-1.16128,0.0,0.0,-0.221395,-1.9238,1.41358,-1.16128,9544.85,1.28099,-1.30367,0.0
12000.0,3.625005403263403,-1.18377,0.0,0.0,0.0240684,-2.24858,1.41382,-1.18377,9541.9,1.44299,-1.29021,0.0
12010.0,3.673585403263403,-1.20225,0.0,0.0,4.85834,-1.84829,1.4624,-1.20225,9540.07,1.58553,-1.29407,0.0
12020.0,3.733975403263403,-1.21211,0.0,0.0,6.03907,-0.985883,1.52279,-1.21211,9538.63,1.4214,-1.21432,0.0
12030.0,3.754575403263403,-1.21456,0.0,0.0,2.05916,-0.24449,1.54339,-1.21456,9537.56,1.55011,-1.20601,0.0
12040.0,3.755595403263403,-1.21191,0.0,0.0,0.101991,0.265145,1.54441,-1.21191,9536.81,1.65217,-1.38019,0.0
12050.0,3.7565554032634028,-1.20026,0.0,0.0,0.0960619,1.1646,1.54537,-1.20026,9536.19,1.3478,-1.23523,0.0
12060.0,3.758495403263403,-1.1716,0.0,0.0,0.194286,2.8661,1.54731,-1.1716,9535.65,1.53729,-1.10837,0.0
12070.0,3.736795403263403,-1.11781,0.0,0.0,-2.17011,5.37921,1.52561,-1.11781,9534.58,1.56898,-1.11237,0.0
12080.0,3.286975403263403,-1.01558,0.0,0.0,-44.9819,10.2229,1.07579,-1.01558,9530.29,0.737533,-1.00535,0.0
12090.0,1.3696124032634032,-0.817654,0.0,0.0,-191.736,19.7924,-0.841573,-0.817654,9517.51,-3.16814,-0.245161,0.0
12100.0,-0.26593459673659714,-0.605554,0.0,0.0,-163.555,21.21,-2.47712,-0.605554,9495.26,-2.8944,-0.0830144,0.0
12110.0,-0.44883459673659676,-0.481615,0.0,0.0,-18.2902,12.3938,-2.66002,-0.481615,9472.93,-1.93188,-0.542105,0.0
12120.0,-0.44718459673659705,-0.417863,0.0,0.0,0.165539,6.37525,-2.65837,-0.417863,9459.64,-2.56738,-0.323521,0.0
12130.0,-0.389554596736597,-0.395481,0.0,0.0,5.7627,2.23821,-2.60074,-0.395481,9454.2,-2.68003,-0.284802,0.0
12140.0,-0.3842945967365967,-0.387866,0.0,0.0,0.525354,0.761432,-2.59548,-0.387866,9451.81,-2.56842,-0.425916,0.0
12150.0,-0.3332645967365968,-0.386926,0.0,0.0,5.10353,0.0940388,-2.54445,-0.386926,9450.46,-2.43066,-0.447527,0.0
12160.0,-0.33106459673659705,-0.387498,0.0,0.0,0.219796,-0.057169,-2.54225,-0.387498,9449.68,-2.46844,-0.337098,0.0
12170.0,-0.33325459673659674,-0.395049,0.0,0.0,-0.218788,-0.755152,-2.54444,-0.395049,9449.04,-2.37455,-0.40142,0.0
12180.0,-0.3699545967365969,-0.406416,0.0,0.0,-3.66981,-1.13671,-2.58114,-0.406416,9448.32,-2.64826,-0.408738,0.0
12190.0,-0.34055459673659705,-0.419857,0.0,0.0,2.93951,-1.34411,-2.55174,-0.419857,9447.47,-2.66507,-0.451113,0.0
12200.0,-0.34018459673659684,-0.427731,0.0,0.0,0.0370589,-0.787412,-2.55137,-0.427731,9445.86,-2.6895,-0.307932,0.0
12210.0,-0.34703459673659687,-0.43096,0.0,0.0,-0.685082,-0.322897,-2.55822,-0.43096,9441.57,-2.38379,-0.446107,0.0
12220.0,-0.258324596736597,-0.435318,0.0,0.0,8.87092,-0.435764,-2.46951,-0.435318,9431.71,-2.44646,-0.613763,0.0
12230.0,-0.2454245967365969,-0.433454,0.0,0.0,1.29008,0.186361,-2.45661,-0.433454,9415.41,-2.48465,-0.559283,0.0
12240.0,-0.24446459673659682,-0.425539,0.0,0.0,0.096724,0.791562,-2.45565,-0.425539,9396.12,-2.46122,-0.489314,0.0
12250.0,-0.2436645967365969,-0.411139,0.0,0.0,0.0792635,1.43997,-2.45485,-0.411139,9377.5,-2.46423,-0.555759,0.0
12260.0,-0.2480345967365971,-0.390169,0.0,0.0,-0.436798,2.09698,-2.45922,-0.390169,9357.45,-2.44734,-0.368402,0.0
12270.0,-0.24666459673659702,-0.360573,0.0,0.0,0.136652,2.95963,-2.45785,-0.360573,9328.91,-2.59046,-0.174819,0.0
12280.0,-0.2557845967365968,-0.31808,0.0,0.0,-0.91166,4.24931,-2.46697,-0.31808,9288.83,-2.47536,-0.331406,0.0
12290.0,-0.252354596736597,-0.263868,0.0,0.0,0.342773,5.42121,-2.46354,-0.263868,9243.97,-2.47807,-0.0676263,0.0
12300.0,-0.24509459673659695,-0.210976,0.0,0.0,0.726123,5.28919,-2.45628,-0.210976,9200.29,-2.45062,0.0625367,0.0
12310.0,-0.15960459673659688,-0.176016,0.0,0.0,8.5491,3.49601,-2.37079,-0.176016,9153.79,-2.2798,-0.142413,0.0
12320.0,-0.01824459673659673,-0.153949,0.0,0.0,14.1358,2.2067,-2.22943,-0.153949,9100.98,-2.07873,-0.218179,0.0
12330.0,0.11363540326340305,-0.133066,0.0,0.0,13.1887,2.08824,-2.09755,-0.133066,9047.08,-1.53342,-0.0267322,0.0
12340.0,0.19956540326340289,-0.108656,0.0,0.0,8.59221,2.44102,-2.01162,-0.108656,8994.08,-1.95106,-0.244133,0.0
12350.0,0.24122540326340314,-0.0749702,0.0,0.0,4.16645,3.36857,-1.96996,-0.0749702,8934.26,-2.02058,-0.202437,0.0
12360.0,0.30259540326340306,-0.0303602,0.0,0.0,6.13677,4.461,-1.90859,-0.0303602,8863.27,-1.69174,0.0176031,0.0
12370.0,0.37117540326340315,0.0140621,0.0,0.0,6.85837,4.44224,-1.84001,0.0140621,8788.14,-1.81927,0.115421,0.0
12380.0,0.42679540326340315,0.044579,0.0,0.0,5.56197,3.05169,-1.78439,0.044579,8718.01,-1.76044,0.175119,0.0
12390.0,0.4448854032634031,0.0645187,0.0,0.0,1.80865,1.99397,-1.7663,0.0645187,8654.74,-1.76427,0.0693209,0.0
12400.0,0.4471254032634031,0.0841212,0.0,0.0,0.224311,1.96025,-1.76406,0.0841212,8595.67,-1.69706,0.300806,0.0
12410.0,0.451855403263403,0.106136,0.0,0.0,0.472654,2.20146,-1.75933,0.106136,8536.56,-1.72707,0.135305,0.0
12420.0,0.45319540326340313,0.128095,0.0,0.0,0.134311,2.19594,-1.75799,0.128095,8473.47,-1.76806,0.324428,0.0
12430.0,0.4446954032634032,0.150107,0.0,0.0,-0.849948,2.20113,-1.76649,0.150107,8408.38,-1.67293,-0.0259928,0.0
12440.0,0.445785403263403,0.171654,0.0,0.0,0.108467,2.15472,-1.7654,0.171654,8347.94,-1.79104,0.129541,0.0
12450.0,0.44550540326340315,0.188878,0.0,0.0,-0.0278678,1.7224,-1.76568,0.188878,8293.14,-1.77371,0.237308,0.0
12460.0,0.45838540326340316,0.198207,0.0,0.0,1.28868,0.932904,-1.7528,0.198207,8234.71,-1.73879,0.345949,0.0
12470.0,0.4610554032634031,0.203813,0.0,0.0,0.266428,0.560642,-1.75013,0.203813,8168.49,-1.75875,0.20365,0.0
12480.0,0.5029254032634032,0.207143,0.0,0.0,4.18742,0.332929,-1.70826,0.207143,8104.54,-1.59189,0.180598,0.0
12490.0,0.570445403263403,0.209502,0.0,0.0,6.75208,0.235964,-1.64074,0.209502,8047.0,-1.5242,0.337277,0.0
12500.0,0.574245403263403,0.214932,0.0,0.0,0.379831,0.542947,-1.63694,0.214932,7987.49,-1.54362,0.451704,0.0
12510.0,0.586415403263403,0.220423,0.0,0.0,1.21691,0.549151,-1.62477,0.220423,7925.14,-1.60746,0.19405,0.0
12520.0,0.5945254032634031,0.225831,0.0,0.0,0.811348,0.54078,-1.61666,0.225831,7865.97,-1.69394,0.256754,0.0
12530.0,0.5952854032634032,0.231652,0.0,0.0,0.0757786,0.582126,-1.6159,0.231652,7810.05,-1.68876,0.130294,0.0
12540.0,0.5963254032634031,0.238093,0.0,0.0,0.103277,0.64405,-1.61486,0.238093,7756.24,-1.50245,0.338379,0.0
12550.0,0.6100954032634032,0.244316,0.0,0.0,1.37753,0.622313,-1.60109,0.244316,7705.17,-1.57159,0.253776,0.0
12560.0,0.6320154032634031,0.250135,0.0,0.0,2.19227,0.581882,-1.57917,0.250135,7654.93,-1.5883,0.282582,0.0
12570.0,0.637355403263403,0.255385,0.0,0.0,0.533606,0.525032,-1.57383,0.255385,7603.01,-1.53741,0.181851,0.0
12580.0,0.6376154032634032,0.258868,0.0,0.0,0.0264637,0.348333,-1.57357,0.258868,7551.99,-1.58409,0.20445,0.0
12590.0,0.632775403263403,0.260555,0.0,0.0,-0.484183,0.168715,-1.57841,0.260555,7508.11,-1.5062,0.270887,0.0
12600.0,0.6111654032634031,0.261411,0.0,0.0,-2.16138,0.0855764,-1.60002,0.261411,7471.74,-1.65132,0.265882,0.0
12610.0,0.6107354032634031,0.261816,0.0,0.0,-0.0425359,0.0404709,-1.60045,0.261816,7436.0,-1.63546,0.335339,0.0
12620.0,0.6253454032634032,0.261557,0.0,0.0,1.46061,-0.0259323,-1.58584,0.261557,7395.23,-1.60129,0.287549,0.0
12630.0,0.710335403263403,0.25413,0.0,0.0,8.49894,-0.74262,-1.50085,0.25413,7351.46,-1.38957,0.161619,0.0
12640.0,0.8344054032634032,0.2387,0.0,0.0,12.4075,-1.54306,-1.37678,0.2387,7311.54,-1.29294,0.146428,0.0
12650.0,0.8680154032634031,0.223535,0.0,0.0,3.36018,-1.51643,-1.34317,0.223535,7276.9,-1.42253,0.104266,0.0
12660.0,0.8951354032634031,0.209652,0.0,0.0,2.71261,-1.38834,-1.31605,0.209652,7242.5,-1.33598,0.289266,0.0
12670.0,0.9074354032634031,0.200175,0.0,0.0,1.22945,-0.947655,-1.30375,0.200175,7205.55,-1.30851,0.184039,0.0
12680.0,0.8952654032634031,0.196154,0.0,0.0,-1.21678,-0.402174,-1.31592,0.196154,7169.49,-1.30718,0.080931,0.0
12690.0,0.892805403263403,0.194742,0.0,0.0,-0.246046,-0.141183,-1.31838,0.194742,7139.0,-1.26299,0.194073,0.0
12700.0,0.851015403263403,0.196388,0.0,0.0,-4.17896,0.164572,-1.36017,0.196388,7113.34,-1.42336,0.190097,0.0
12710.0,0.8302654032634031,0.199711,0.0,0.0,-2.07443,0.332373,-1.38092,0.199711,7086.98,-1.40228,0.254881,0.0
12720.0,0.798855403263403,0.213003,0.0,0.0,-3.14099,1.32917,-1.41233,0.213003,7057.48,-1.53535,0.227151,0.0
12730.0,0.792455403263403,0.249889,0.0,0.0,-0.640312,3.68861,-1.41873,0.249889,7028.84,-1.34658,0.192953,0.0
12740.0,0.695955403263403,0.325495,0.0,0.0,-9.65013,7.5606,-1.51523,0.325495,7004.33,-1.60505,0.486804,0.0
12750.0,0.504495403263403,0.426307,0.0,0.0,-19.1457,10.0812,-1.70669,0.426307,6983.5,-2.5579,0.874681,0.0
12760.0,0.308855403263403,0.517227,0.0,0.0,-19.5646,9.09196,-1.90233,0.517227,6966.82,-1.98071,0.644065,0.0
12770.0,0.19347540326340296,0.578204,0.0,0.0,-11.5374,6.0977,-2.01771,0.578204,6954.86,-2.02504,0.709755,0.0
12780.0,0.19001540326340294,0.61402,0.0,0.0,-0.346541,3.58165,-2.02117,0.61402,6946.2,-2.22027,0.542677,0.0
12790.0,0.16327540326340317,0.636939,0.0,0.0,-2.6741,2.29191,-2.04791,0.636939,6939.21,-2.16332,0.891883,0.0
12800.0,0.16364540326340293,0.647434,0.0,0.0,0.037425,1.04949,-2.04754,0.647434,6932.8,-1.99852,0.511234,0.0
12810.0,0.18294540326340325,0.650774,0.0,0.0,1.92966,0.334038,-2.02824,0.650774,6925.79,-1.91371,0.555223,0.0
12820.0,0.18504540326340324,0.652828,0.0,0.0,0.210697,0.205333,-2.02614,0.652828,6917.39,-2.1447,0.661226,0.0
12830.0,0.2090354032634032,0.654434,0.0,0.0,2.39838,0.160584,-2.00215,0.654434,6907.95,-1.96391,0.769167,0.0
12840.0,0.17579540326340304,0.661926,0.0,0.0,-3.32418,0.749289,-2.03539,0.661926,6898.7,-2.1398,0.62836,0.0
12850.0,0.17405540326340319,0.673409,0.0,0.0,-0.173141,1.14825,-2.03713,0.673409,6890.42,-2.00669,0.714944,0.0
12860.0,0.14975540326340298,0.688573,0.0,0.0,-2.4302,1.51641,-2.06143,0.688573,6882.51,-2.01437,0.985979,0.0
12870.0,0.12007540326340305,0.704259,0.0,0.0,-2.96807,1.56856,-2.09111,0.704259,6873.81,-2.08488,0.69786,0.0
12880.0,0.12329540326340327,0.720938,0.0,0.0,0.321582,1.66795,-2.08789,0.720938,6864.87,-2.19241,0.650835,0.0
12890.0,0.12418540326340288,0.741502,0.0,0.0,0.089729,2.0564,-2.087,0.741502,6857.84,-2.12601,0.787728,0.0
12900.0,0.10766540326340301,0.760931,0.0,0.0,-1.65289,1.94291,-2.10352,0.760931,6853.84,-2.10031,0.939879,0.0
12910.0,0.1085754032634032,0.771311,0.0,0.0,0.091848,1.03793,-2.10261,0.771311,6852.17,-2.02258,0.858812,0.0
12920.0,0.1298454032634031,0.77263,0.0,0.0,2.12617,0.131915,-2.08134,0.77263,6851.9,-2.09278,0.788833,0.0
12930.0,0.13050540326340299,0.765821,0.0,0.0,0.0660183,-0.680893,-2.08068,0.765821,6852.37,-2.04054,0.760916,0.0
12940.0,0.13358540326340318,0.740917,0.0,0.0,0.308351,-2.49034,-2.0776,0.740917,6853.37,-1.99186,0.905661,0.0
12950.0,0.11727540326340291,0.694293,0.0,0.0,-1.6305,-4.66245,-2.09391,0.694293,6855.71,-2.17918,0.538492,0.0
12960.0,0.09983540326340323,0.642318,0.0,0.0,-1.74444,-5.19744,-2.11135,0.642318,6860.29,-2.10348,0.486409,0.0
12970.0,0.09167540326340307,0.604344,0.0,0.0,-0.816337,-3.79742,-2.11951,0.604344,6866.82,-1.9809,0.592608,0.0
12980.0,0.0856854032634029,0.582831,0.0,0.0,-0.598826,-2.15136,-2.1255,0.582831,6874.72,-2.27613,0.700356,0.0
12990.0,0.09809540326340294,0.57478,0.0,0.0,1.24078,-0.805032,-2.11309,0.57478,6883.49,-2.13607,0.444279,0.0
13000.0,0.09938540326340295,0.581474,0.0,0.0,0.129096,0.669337,-2.1118,0.581474,6892.4,-2.09315,0.495371,0.0
13010.0,0.10546540326340326,0.59914,0.0,0.0,0.60822,1.76667,-2.10572,0.59914,6901.83,-2.09731,0.7162,0.0
13020.0,0.10738540326340296,0.624765,0.0,0.0,0.191946,2.56243,-2.1038,0.624765,6913.02,-2.0264,0.526227,0.0
13030.0,0.1051854032634032,0.655118,0.0,0.0,-0.219731,3.03533,-2.106,0.655118,6926.48,-2.07442,0.739029,0.0
13040.0,0.11295540326340303,0.679898,0.0,0.0,0.776555,2.47796,-2.09823,0.679898,6942.73,-2.15976,0.748996,0.0
13050.0,0.10353540326340305,0.693223,0.0,0.0,-0.941333,1.3325,-2.10765,0.693223,6962.28,-2.19353,0.722167,0.0
13060.0,0.08856540326340312,0.697797,0.0,0.0,-1.49782,0.457461,-2.12262,0.697797,6984.1,-2.0946,0.684894,0.0
13070.0,0.08634540326340323,0.698055,0.0,0.0,-0.22181,0.0257949,-2.12484,0.698055,7005.84,-2.06967,0.783916,0.0
13080.0,0.08612540326340312,0.696144,0.0,0.0,-0.021299,-0.191128,-2.12506,0.696144,7026.32,-2.15573,0.729017,0.0
13090.0,0.08545540326340317,0.692313,0.0,0.0,-0.0677439,-0.383066,-2.12573,0.692313,7047.12,-2.1906,0.656698,0.0
13100.0,0.07604540326340326,0.686606,0.0,0.0,-0.940568,-0.570724,-2.13514,0.686606,7069.27,-2.09048,0.690665,0.0
13110.0,0.07309540326340302,0.675411,0.0,0.0,-0.295379,-1.11948,-2.13809,0.675411,7089.97,-2.14379,0.69188,0.0
13120.0,0.08036540326340313,0.651121,0.0,0.0,0.727016,-2.42899,-2.13082,0.651121,7108.02,-2.15288,0.662556,0.0
13130.0,0.08402540326340313,0.604472,0.0,0.0,0.366692,-4.66497,-2.12716,0.604472,7127.18,-2.12548,0.592145,0.0
13140.0,0.086785403263403,0.529901,0.0,0.0,0.275675,-7.45702,-2.1244,0.529901,7150.01,-2.1205,0.437209,0.0
13150.0,0.2756854032634031,0.427581,0.0,0.0,18.89,-10.232,-1.9355,0.427581,7175.0,-1.39694,0.246277,0.0
13160.0,0.5916154032634031,0.324077,0.0,0.0,31.5931,-10.3504,-1.61957,0.324077,7199.65,-1.3417,0.00938918,0.0
13170.0,0.742385403263403,0.252456,0.0,0.0,15.0765,-7.16204,-1.4688,0.252456,7224.75,-1.57245,0.00537066,0.0
13180.0,0.7460354032634031,0.206283,0.0,0.0,0.365748,-4.61731,-1.46515,0.206283,7252.07,-1.522,0.154109,0.0
13190.0,0.762145403263403,0.155859,0.0,0.0,1.61043,-5.04246,-1.44904,0.155859,7277.93,-1.42709,0.219847,0.0
13200.0,0.741845403263403,0.0953204,0.0,0.0,-2.03003,-6.05381,-1.46934,0.0953204,7299.2,-1.55385,0.208163,0.0
13210.0,0.7303454032634031,0.0384404,0.0,0.0,-1.15027,-5.688,-1.48084,0.0384404,7319.49,-1.43211,0.0208886,0.0
13220.0,0.7260754032634031,-0.00209161,0.0,0.0,-0.426114,-4.0532,-1.48511,-0.00209161,7341.05,-1.48163,-0.0302991,0.0
13230.0,0.702945403263403,-0.0290172,0.0,0.0,-2.31375,-2.69256,-1.50824,-0.0290172,7360.74,-1.6909,-0.0262441,0.0
13240.0,0.685385403263403,-0.0518595,0.0,0.0,-1.75591,-2.28423,-1.5258,-0.0518595,7377.7,-1.58654,-0.241937,0.0
13250.0,0.6830654032634031,-0.073791,0.0,0.0,-0.231798,-2.19315,-1.52812,-0.073791,7395.63,-1.38037,-0.098839,0.0
13260.0,0.6827254032634031,-0.0914506,0.0,0.0,-0.0342575,-1.76596,-1.52846,-0.0914506,7418.05,-1.5385,-0.227675,0.0
13270.0,0.704425403263403,-0.104,0.0,0.0,2.17045,-1.25495,-1.50676,-0.104,7444.28,-1.4487,-0.142824,0.0
13280.0,0.7048554032634031,-0.111463,0.0,0.0,0.0429812,-0.746251,-1.50633,-0.111463,7468.99,-1.44476,-0.10314,0.0
13290.0,0.7035254032634031,-0.117112,0.0,0.0,-0.13351,-0.564929,-1.50766,-0.117112,7488.48,-1.52013,-0.118792,0.0
13300.0,0.682165403263403,-0.121493,0.0,0.0,-2.13608,-0.438064,-1.52902,-0.121493,7504.8,-1.62197,-0.00985303,0.0
13310.0,0.6706154032634031,-0.124957,0.0,0.0,-1.15456,-0.346428,-1.54057,-0.124957,7521.77,-1.68817,-0.148841,0.0
13320.0,0.6338854032634031,-0.125212,0.0,0.0,-3.67289,-0.0255504,-1.5773,-0.125212,7542.52,-1.64222,-0.296637,0.0
13330.0,0.6289354032634031,-0.125357,0.0,0.0,-0.4947,-0.0144788,-1.58225,-0.125357,7567.27,-1.49676,-0.0415028,0.0
13340.0,0.6178754032634031,-0.124852,0.0,0.0,-1.10647,0.0505337,-1.59331,-0.124852,7591.69,-1.55188,-0.136687,0.0
13350.0,0.620815403263403,-0.124803,0.0,0.0,0.293784,0.00489172,-1.59037,-0.124803,7612.51,-1.61189,-0.114088,0.0
13360.0,0.6289754032634032,-0.124991,0.0,0.0,0.816369,-0.0187795,-1.58221,-0.124991,7630.78,-1.73009,-0.0453127,0.0
13370.0,0.6302954032634032,-0.12503,10.3311,0.0,0.132226,-0.00394014,-11.912,-0.12503,7648.25,-1.59535,-0.0719619,0.0
13380.0,0.6532354032634031,-0.126009,10.3311,0.0,2.29388,-0.0978895,-11.8891,-0.126009,7664.65,-1.49303,-0.138085,0.0
13390.0,0.674805403263403,-0.126819,10.3311,0.0,2.15728,-0.0809773,-11.8675,-0.126819,7678.64,-1.55257,-0.151902,0.0
13400.0,0.6837754032634031,-0.126763,10.3311,0.0,0.896408,0.00558583,-11.8585,-0.126763,7690.26,-1.51909,-0.15375,0.0
13410.0,0.6919154032634032,-0.125811,10.3311,0.0,0.813923,0.0951407,-11.8504,-0.125811,7701.89,-1.5651,-0.207923,0.0
13420.0,0.692465403263403,-0.123044,10.3311,0.0,0.0549198,0.276755,-11.8498,-0.123044,7715.07,-1.515,0.00354084,0.0
13430.0,0.6924454032634031,-0.117709,10.3311,0.0,-0.00144563,0.533479,-11.8498,-0.117709,7727.87,-1.50635,-0.119349,0.0
13440.0,0.6825454032634031,-0.109081,10.3311,0.0,-0.990642,0.862819,-11.8597,-0.109081,7738.16,-1.46942,-0.10018,0.0
13450.0,0.657015403263403,-0.0988356,10.3311,0.0,-2.55286,1.02453,-11.8853,-0.0988356,7746.38,-1.64928,-0.261974,0.0
13460.0,0.601525403263403,-0.0892609,10.3311,0.0,-5.54875,0.957469,-11.9408,-0.0892609,7753.49,-1.53332,-0.0557759,0.0
13470.0,0.5788054032634031,-0.0845351,10.3311,0.0,-2.27208,0.472583,-11.9635,-0.0845351,7760.13,-1.68837,0.0317457,0.0
13480.0,0.5648054032634031,-0.0833682,10.3311,0.0,-1.39982,0.116691,-11.9775,-0.0833682,7767.6,-1.67647,0.0613042,0.0
13490.0,0.5669354032634031,-0.0866355,10.3311,0.0,0.213037,-0.326728,-11.9754,-0.0866355,7776.34,-1.63044,-0.0975933,0.0
13500.0,0.566245403263403,-0.0975856,10.3311,0.0,-0.0696099,-1.09501,-11.976,-0.0975856,7784.69,-1.61985,0.0304361,0.0
13510.0,0.5649454032634031,-0.119222,10.3311,0.0,-0.129747,-2.16368,-11.9773,-0.119222,7791.82,-1.77038,-0.281561,0.0
13520.0,0.5704954032634031,-0.146768,10.3311,0.0,0.554959,-2.75461,-11.9718,-0.146768,7799.41,-1.6324,-0.361828,0.0
13530.0,0.569365403263403,-0.168921,10.3311,0.0,-0.112407,-2.21524,-11.9729,-0.168921,7808.8,-1.73705,-0.15618,0.0
13540.0,0.5682654032634031,-0.18005,10.3311,0.0,-0.110856,-1.11294,-11.974,-0.18005,7819.42,-1.68014,-0.188984,0.0
13550.0,0.5605354032634031,-0.182227,10.3311,0.0,-0.772464,-0.217731,-11.9818,-0.182227,7829.94,-1.59973,-0.142121,0.0
13560.0,0.5342754032634032,-0.176778,10.3311,0.0,-2.62646,0.544969,-12.008,-0.176778,7839.65,-1.65107,-0.194103,0.0
13570.0,0.5600254032634031,-0.162253,10.3311,0.0,2.57527,1.45246,-11.9823,-0.162253,7849.88,-1.78597,-0.207247,0.0
13580.0,0.5221354032634031,-0.133245,10.3311,0.0,-3.78859,2.90078,-12.0202,-0.133245,7862.04,-1.94269,0.0466206,0.0
13590.0,0.48255540326340296,-0.10293,10.3311,0.0,-3.95793,3.03153,-12.0597,-0.10293,7874.31,-1.62487,-0.0299174,0.0
13600.0,0.45967540326340317,-0.0821386,10.3311,0.0,-2.28858,2.07915,-12.0826,-0.0821386,7884.39,-1.76986,-0.029413,0.0
13610.0,0.45381540326340297,-0.071252,10.3311,0.0,-0.585555,1.08866,-12.0885,-0.071252,7892.69,-1.67615,-0.00764887,0.0
13620.0,0.48253540326340305,-0.0665468,10.3311,0.0,2.87226,0.470511,-12.0598,-0.0665468,7900.3,-1.86682,-0.218158,0.0
13630.0,0.46638540326340316,-0.0609023,10.3311,0.0,-1.61499,0.564452,-12.0759,-0.0609023,7907.99,-1.79276,-0.0953814,0.0
13640.0,0.43693540326340297,-0.0542439,10.3311,0.0,-2.94546,0.665839,-12.1054,-0.0542439,7916.8,-1.72758,-0.232245,0.0
13650.0,0.423485403263403,-0.0461113,10.3311,0.0,-1.34454,0.813265,-12.1188,-0.0461113,7926.55,-1.73714,-0.0961881,0.0
13660.0,0.42483540326340297,-0.0282416,10.3311,0.0,0.134254,1.78697,-12.1175,-0.0282416,7935.78,-1.83552,0.0338302,0.0
13670.0,0.4407154032634031,0.0127642,10.3311,0.0,1.58814,4.10058,-12.1016,0.0127642,7943.91,-1.8688,-0.0356782,0.0
13680.0,0.48078540326340313,0.0935736,10.3311,0.0,4.00712,8.08094,-12.0615,0.0935736,7951.57,-1.73373,0.0592061,0.0
13690.0,1.350249403263403,0.200165,10.3311,0.0,86.9464,10.6591,-11.192,0.200165,7960.71,1.58254,0.369026,0.0
13700.0,3.7350254032634034,0.303799,10.3311,0.0,238.478,10.3634,-8.80726,0.303799,7974.06,4.82564,0.782466,0.0
13710.0,5.605885403263403,0.433288,10.3311,0.0,187.086,12.9489,-6.9364,0.433288,7991.68,4.84192,1.04211,0.0
13720.0,6.307205403263403,0.558253,10.3311,0.0,70.1316,12.4965,-6.23509,0.558253,8009.56,3.73621,0.797341,0.0
13730.0,6.735985403263403,0.643821,10.3311,0.0,42.8787,8.55685,-5.8063,0.643821,8023.59,4.49154,0.516667,0.0
13740.0,6.851375403263402,0.698608,10.3311,0.0,11.5387,5.47874,-5.69091,0.698608,8034.49,4.64139,0.633204,0.0
13750.0,6.860425403263402,0.725812,10.3311,0.0,0.904917,2.72039,-5.68186,0.725812,8046.26,4.73648,0.978832,0.0
13760.0,6.924275403263403,0.733352,10.3311,0.0,6.38506,0.753947,-5.61801,0.733352,8059.63,4.89269,0.906996,0.0
13770.0,6.972955403263404,0.734091,10.3311,0.0,4.86762,0.0738843,-5.56934,0.734091,8071.21,4.73683,0.987813,0.0
13780.0,7.019685403263404,0.732836,10.3311,0.0,4.67283,-0.125496,-5.52261,0.732836,8078.52,4.91127,0.553151,0.0
13790.0,7.0210854032634025,0.729376,10.3311,0.0,0.140257,-0.345971,-5.52121,0.729376,8082.61,4.80577,0.723649,0.0
13800.0,7.0140654032634036,0.713309,10.3311,0.0,-0.701384,-1.60668,-5.52822,0.713309,8086.8,4.78473,0.436488,0.0
13810.0,7.015515403263404,0.668388,10.3311,0.0,0.144607,-4.49212,-5.52677,0.668388,8094.34,4.78221,0.762626,0.0
13820.0,7.009055403263403,0.589342,10.3311,0.0,-0.646111,-7.90461,-5.53324,0.589342,8105.93,4.78345,0.699301,0.0
13830.0,7.017045403263403,0.490108,10.3311,0.0,0.798708,-9.92334,-5.52525,0.490108,8118.67,4.81899,0.571412,0.0
13840.0,7.205645403263404,0.374523,10.3311,0.0,18.8603,-11.5586,-5.33665,0.374523,8129.18,5.32515,0.353398,0.0
13850.0,8.798455403263404,0.208608,10.3311,0.0,159.281,-16.5914,-3.74384,0.208608,8136.48,8.62827,-0.152697,0.0
13860.0,10.297465403263404,0.0502591,10.3311,0.0,149.901,-15.8349,-2.24483,0.0502591,8141.28,9.21051,-0.198222,0.0
13870.0,10.452715403263403,-0.0433604,10.3311,0.0,15.5246,-9.36195,-2.08958,-0.0433604,8144.52,7.57551,-0.0249792,0.0
13880.0,10.561115403263404,-0.0906002,10.3311,0.0,10.84,-4.72398,-1.98118,-0.0906002,8146.92,8.18464,0.150201,0.0
13890.0,10.568835403263403,-0.109926,10.3311,0.0,0.772338,-1.93261,-1.97346,-0.109926,8149.21,8.46147,-0.0956814,0.0
13900.0,10.682765403263403,-0.119952,10.3311,0.0,11.3933,-1.00257,-1.85952,-0.119952,8152.21,8.69528,-0.203452,0.0
13910.0,10.798345403263404,-0.125307,10.3311,0.0,11.5582,-0.535453,-1.74394,-0.125307,8155.99,8.61852,-0.30865,0.0
13920.0,10.802855403263404,-0.129243,10.3311,0.0,0.450197,-0.393687,-1.73944,-0.129243,8159.56,8.79699,-0.0196209,0.0
13930.0,10.802045403263403,-0.137372,10.3311,0.0,-0.080284,-0.812873,-1.74024,-0.137372,8162.28,8.65008,-0.27106,0.0
13940.0,10.798605403263403,-0.15185,10.3311,0.0,-0.344291,-1.4478,-1.74368,-0.15185,8165.1,8.55135,-0.0843714,0.0
13950.0,10.752925403263404,-0.17336,10.3311,0.0,-4.56791,-2.15096,-1.78936,-0.17336,8170.1,8.45636,-0.076734,0.0
13960.0,10.748325403263404,-0.200753,10.3311,0.0,-0.460167,-2.73934,-1.79397,-0.200753,8179.13,8.48426,-0.147678,0.0
13970.0,10.746195403263403,-0.232654,10.3311,0.0,-0.212544,-3.19012,-1.79609,-0.232654,8191.06,8.71588,-0.258333,0.0
13980.0,10.766885403263403,-0.278186,10.3311,0.0,2.06829,-4.55314,-1.77541,-0.278186,8201.88,8.58406,-0.257514,0.0
13990.0,10.816755403263404,-0.338469,10.3311,0.0,4.98687,-6.02829,-1.72554,-0.338469,8209.77,8.68237,-0.452815,0.0
14000.0,10.867585403263403,-0.394113,10.3311,0.0,5.08341,-5.5644,-1.67471,-0.394113,8216.32,8.55541,-0.431281,0.0
14010.0,10.868725403263403,-0.427121,10.3311,0.0,0.113713,-3.30087,-1.67357,-0.427121,8222.05,8.76749,-0.413234,0.0
14020.0,10.914625403263404,-0.444826,10.3311,0.0,4.5908,-1.77049,-1.62766,-0.444826,8226.14,8.77511,-0.510314,0.0
14030.0,10.962895403263403,-0.467381,10.3311,0.0,4.82621,-2.25549,-1.5794,-0.467381,8228.64,8.56179,-0.527325,0.0
14040.0,11.060315403263404,-0.520125,10.3311,0.0,9.74201,-5.27439,-1.48198,-0.520125,8230.18,8.88476,-0.442959,0.0
14050.0,11.712825403263404,-0.623579,10.3311,0.0,65.2512,-10.3454,-0.829466,-0.623579,8231.39,11.2873,-0.724106,0.0
14060.0,12.937085403263403,-0.755063,10.3311,0.0,122.426,-13.1484,0.394789,-0.755063,8232.76,12.4432,-1.02585,0.0
14070.0,13.706385403263404,-0.863061,10.3311,0.0,76.9292,-10.7998,1.16408,-0.863061,8234.87,11.527,-1.00385,0.0
14080.0,13.886385403263404,-0.934175,10.3311,0.0,17.9992,-7.11145,1.34407,-0.934175,8239.04,11.7039,-1.07389,0.0
14090.0,14.107985403263404,-0.984339,10.3311,0.0,22.1634,-5.01642,1.56571,-0.984339,8246.4,12.0578,-1.23727,0.0
14100.0,14.284585403263403,-1.01963,10.3311,0.0,17.6541,-3.5288,1.74225,-1.01963,8256.11,12.0917,-0.928134,0.0
14110.0,14.290085403263404,-1.03904,10.3311,0.0,0.552724,-1.9416,1.74778,-1.03904,8265.69,12.0325,-1.04886,0.0
14120.0,14.292685403263404,-1.04532,10.3311,0.0,0.257383,-0.627927,1.75035,-1.04532,8273.31,12.2275,-0.988228,0.0
14130.0,14.350085403263403,-1.04182,10.3311,0.0,5.74791,0.350254,1.80783,-1.04182,8279.91,11.9176,-1.18016,0.0
14140.0,14.421885403263403,-1.02998,10.3311,0.0,7.18018,1.18425,1.87963,-1.02998,8288.12,12.171,-1.05177,0.0
14150.0,14.497385403263403,-1.01171,10.3311,0.0,7.55131,1.82637,1.95514,-1.01171,8298.68,12.3374,-1.09286,0.0
14160.0,14.587985403263403,-0.986706,10.3311,0.0,9.05203,2.50079,2.04566,-0.986706,8309.02,12.5277,-0.882034,0.0
14170.0,14.594685403263403,-0.957778,10.3311,0.0,0.674763,2.89282,2.05241,-0.957778,8316.3,12.1995,-1.0767,0.0
14180.0,14.595185403263404,-0.937782,10.3311,0.0,0.0462762,1.99955,2.05287,-0.937782,8320.69,12.503,-0.733533,0.0
14190.0,14.555585403263404,-0.930291,10.3311,0.0,-3.95781,0.749129,2.0133,-0.930291,8324.88,12.2637,-0.776742,0.0
14200.0,14.474985403263403,-0.930219,10.3311,0.0,-8.05509,0.00718532,1.93274,-0.930219,8331.45,12.3059,-0.876959,0.0
14210.0,14.460485403263403,-0.936016,10.3311,0.0,-1.45735,-0.579672,1.91817,-0.936016,8341.4,12.1481,-0.897117,0.0
14220.0,14.458985403263403,-0.944001,10.3311,0.0,-0.149663,-0.798521,1.91667,-0.944001,8354.31,12.1893,-1.06871,0.0
14230.0,14.453285403263404,-0.948698,10.3311,0.0,-0.563132,-0.469649,1.91104,-0.948698,8368.97,12.3253,-1.06415,0.0
14240.0,14.441085403263404,-0.949613,10.3311,0.0,-1.22558,-0.0915536,1.89879,-0.949613,8383.49,12.2897,-1.01499,0.0
14250.0,14.434285403263404,-0.949364,10.3311,0.0,-0.680091,0.02496,1.89199,-0.949364,8396.32,12.1526,-1.16293,0.0
14260.0,14.432785403263404,-0.948423,10.3311,0.0,-0.148807,0.0940826,1.8905,-0.948423,8407.89,12.1666,-0.953078,0.0
14270.0,14.402285403263404,-0.945289,10.3311,0.0,-3.04554,0.313378,1.86004,-0.945289,8418.68,12.2566,-0.840419,0.0
14280.0,14.377585403263403,-0.939984,10.3311,0.0,-2.47545,0.530463,1.83529,-0.939984,8427.38,12.1712,-0.846978,0.0
14290.0,14.348485403263403,-0.933985,10.3311,0.0,-2.91138,0.599957,1.80618,-0.933985,8433.53,12.0965,-0.935586,0.0
14300.0,14.346485403263404,-0.929031,10.3311,0.0,-0.193715,0.495368,1.80424,-0.929031,8438.9,11.9587,-0.86751,0.0
14310.0,14.319585403263403,-0.924966,10.3311,0.0,-2.69043,0.406472,1.77733,-0.924966,8444.9,12.1102,-0.931285,0.0
14320.0,14.311085403263403,-0.922512,10.3311,0.0,-0.858633,0.245453,1.76875,-0.922512,8450.94,12.1707,-0.895863,0.0
14330.0,14.275885403263404,-0.921166,10.3311,0.0,-3.51662,0.134611,1.73358,-0.921166,8456.29,11.878,-1.12901,0.0
14340.0,14.276685403263404,-0.920996,10.3311,0.0,0.0818216,0.0169419,1.7344,-0.920996,8462.0,12.0179,-0.919967,0.0
14350.0,14.260685403263404,-0.920921,10.3311,0.0,-1.59715,0.00756465,1.71843,-0.920921,8470.04,12.0286,-0.887498,0.0
14360.0,14.262285403263403,-0.921052,10.3311,0.0,0.156436,-0.0131158,1.71999,-0.921052,8480.72,12.1941,-0.979013,0.0
14370.0,14.315785403263403,-0.921778,10.3311,0.0,5.3496,-0.0726302,1.77349,-0.921778,8492.36,12.1111,-0.92241,0.0
14380.0,14.353685403263404,-0.922701,10.3311,0.0,3.79314,-0.0922516,1.81142,-0.922701,8504.6,12.068,-0.662524,0.0
14390.0,14.365785403263404,-0.924397,10.3311,0.0,1.21111,-0.169652,1.82353,-0.924397,8519.5,12.1872,-0.992263,0.0
14400.0,14.366785403263403,-0.927843,10.3311,0.0,0.0983414,-0.344628,1.82451,-0.927843,8536.82,12.177,-0.737816,0.0
14410.0,14.386785403263403,-0.933818,10.3311,0.0,1.9964,-0.59743,1.84448,-0.933818,8552.01,12.2722,-0.945745,0.0
14420.0,14.404985403263403,-0.942134,10.3311,0.0,1.81961,-0.831659,1.86267,-0.942134,8562.88,12.1912,-0.980464,0.0
14430.0,14.406785403263404,-0.951462,10.3311,0.0,0.182555,-0.9328,1.8645,-0.951462,8573.41,12.1184,-0.90965,0.0
14440.0,14.405985403263404,-0.959861,10.3311,0.0,-0.0784978,-0.839881,1.86371,-0.959861,8587.05,12.1867,-1.08101,0.0
14450.0,14.403285403263403,-0.967355,10.3311,0.0,-0.273014,-0.749418,1.86098,-0.967355,8601.76,12.2084,-0.91599,0.0
14460.0,14.355785403263404,-0.974185,10.3311,0.0,-4.74425,-0.682964,1.81354,-0.974185,8614.02,12.0647,-1.07828,0.0
14470.0,14.300185403263404,-0.979283,10.3311,0.0,-5.5622,-0.509821,1.75792,-0.979283,8623.05,12.0983,-1.04609,0.0
14480.0,14.288385403263403,-0.983332,10.3311,0.0,-1.1793,-0.404931,1.74613,-0.983332,8630.55,12.0541,-1.26921,0.0
14490.0,14.287485403263403,-0.989202,10.3311,0.0,-0.0969917,-0.586958,1.74516,-0.989202,8639.36,12.0814,-0.877674,0.0
14500.0,14.287485403263403,-0.997188,10.3311,0.0,0.00139033,-0.798611,1.74517,-0.997188,8651.47,12.0456,-0.993278,0.0
14510.0,14.287285403263404,-1.00352,10.3311,0.0,-0.0212576,-0.633093,1.74496,-1.00352,8665.51,12.1068,-0.91052,0.0
14520.0,14.296785403263403,-1.00749,10.3311,0.0,0.9575,-0.397087,1.75453,-1.00749,8679.17,12.091,-0.842708,0.0
14530.0,14.313385403263403,-1.01309,10.3311,0.0,1.65686,-0.560225,1.7711,-1.01309,8692.88,12.1662,-0.947647,0.0
14540.0,14.320385403263403,-1.0237,10.3311,0.0,0.703303,-1.06042,1.77814,-1.0237,8706.79,12.2194,-1.18528,0.0
14550.0,14.322785403263403,-1.03688,10.3311,0.0,0.23198,-1.31829,1.78045,-1.03688,8718.74,12.0443,-1.15098,0.0
14560.0,14.321585403263404,-1.04772,10.3311,0.0,-0.112448,-1.08373,1.77933,-1.04772,8729.75,12.0489,-1.03572,0.0
14570.0,14.316985403263404,-1.05561,10.3311,0.0,-0.461725,-0.789082,1.77471,-1.05561,8745.79,12.1603,-1.06201,0.0
14580.0,14.304685403263404,-1.06139,10.3311,0.0,-1.22818,-0.57872,1.76243,-1.06139,8768.91,12.0875,-1.04401,0.0
14590.0,14.261385403263404,-1.06433,10.3311,0.0,-4.33157,-0.293489,1.71912,-1.06433,8791.69,11.8411,-1.08181,0.0
14600.0,14.191985403263404,-1.06514,10.3311,0.0,-6.93747,-0.080883,1.64974,-1.06514,8806.94,11.9609,-0.951939,0.0
14610.0,14.149585403263403,-1.06634,10.3311,0.0,-4.24115,-0.120329,1.60733,-1.06634,8815.95,11.8941,-1.17252,0.0
14620.0,14.147585403263404,-1.06904,10.3311,0.0,-0.201008,-0.269425,1.60532,-1.06904,8823.28,11.9348,-1.06656,0.0
14630.0,14.147385403263403,-1.07352,10.3311,0.0,-0.0228038,-0.448358,1.60509,-1.07352,8831.51,12.0675,-1.17535,0.0
14640.0,14.152085403263403,-1.0817,10.3311,0.0,0.471541,-0.818244,1.60981,-1.0817,8841.58,11.931,-1.03694,0.0
14650.0,14.155985403263404,-1.09464,10.3311,0.0,0.390994,-1.29406,1.61372,-1.09464,8852.93,11.9472,-1.1071,0.0
14660.0,14.171185403263404,-1.10848,10.3311,0.0,1.51729,-1.38332,1.62889,-1.10848,8863.99,11.9799,-1.04338,0.0
14670.0,14.185385403263403,-1.11763,10.3311,0.0,1.41937,-0.915334,1.64308,-1.11763,8873.85,11.9768,-1.15716,0.0
14680.0,14.196185403263403,-1.12205,10.3311,0.0,1.08328,-0.442537,1.65392,-1.12205,8882.22,12.0001,-1.18449,0.0
14690.0,14.212485403263404,-1.12426,10.3311,0.0,1.63081,-0.220945,1.67022,-1.12426,8890.05,12.0149,-1.06839,0.0
14700.0,14.232985403263404,-1.12526,10.3311,0.0,2.05075,-0.099399,1.69073,-1.12526,8899.91,12.0562,-1.15553,0.0
14710.0,14.258885403263404,-1.12524,10.3311,0.0,2.58568,0.00136847,1.71659,-1.12524,8913.34,12.0496,-1.3208,0.0
14720.0,14.264185403263404,-1.12376,10.3311,0.0,0.535099,0.148153,1.72194,-1.12376,8928.65,12.1482,-1.11659,0.0
14730.0,14.264685403263403,-1.12119,10.3311,0.0,0.044742,0.257566,1.72239,-1.12119,8942.54,12.0631,-1.12458,0.0
14740.0,14.264085403263403,-1.11829,10.3311,0.0,-0.0602062,0.289367,1.72178,-1.11829,8953.18,11.9949,-1.39836,0.0
14750.0,14.242785403263403,-1.11411,10.3311,0.0,-2.12666,0.418488,1.70052,-1.11411,8960.98,11.8848,-0.991577,0.0
14760.0,14.214885403263404,-1.10688,10.3311,0.0,-2.79358,0.722701,1.67258,-1.10688,8967.4,12.0163,-1.09847,0.0
14770.0,14.188085403263404,-1.09739,10.3311,0.0,-2.67734,0.94891,1.64581,-1.09739,8973.66,11.9625,-1.06932,0.0
14780.0,14.174685403263403,-1.0897,10.3311,0.0,-1.34439,0.768988,1.63237,-1.0897,8979.39,11.9422,-0.986765,0.0
14790.0,14.173385403263403,-1.08726,10.3311,0.0,-0.124665,0.244606,1.63112,-1.08726,8983.6,11.96,-1.19144,0.0
14800.0,14.170885403263403,-1.09233,10.3311,0.0,-0.247631,-0.507071,1.62864,-1.09233,8986.48,11.8924,-1.02075,0.0
14810.0,14.168785403263403,-1.10807,10.3311,0.0,-0.213376,-1.5741,1.62651,-1.10807,8988.62,11.9799,-0.932894,0.0
14820.0,14.166185403263404,-1.13422,10.3311,0.0,-0.264119,-2.61484,1.62387,-1.13422,8990.78,11.9559,-1.08502,0.0
14830.0,14.165585403263403,-1.16212,10.3311,0.0,-0.0552167,-2.79062,1.62331,-1.16212,8993.64,12.1118,-1.1763,0.0
14840.0,14.174485403263404,-1.18263,10.3311,0.0,0.884489,-2.05086,1.63216,-1.18263,8996.94,11.9228,-1.22746,0.0
14850.0,14.194785403263403,-1.19571,10.3311,0.0,2.03147,-1.30752,1.65247,-1.19571,9000.42,11.9803,-1.34955,0.0
14860.0,14.223885403263404,-1.2045,0.0,0.0,2.91611,-0.879243,-12.0127,-1.2045,9004.29,12.101,-1.31101,0.0
14870.0,14.257085403263403,-1.21013,0.0,0.0,3.31319,-0.563285,-12.0459,-1.21013,9008.32,11.986,-1.18778,0.0
14880.0,14.273985403263403,-1.21485,0.0,0.0,1.69068,-0.47176,-12.0628,-1.21485,9011.86,12.0606,-1.24123,0.0
14890.0,14.273685403263404,-1.22065,0.0,0.0,-0.0231181,-0.580299,-12.0625,-1.22065,9015.25,12.0777,-1.08137,0.0
14900.0,14.265685403263404,-1.22548,0.0,0.0,-0.807822,-0.482828,-12.0545,-1.22548,9018.95,12.0286,-1.23253,0.0
14910.0,14.264685403263403,-1.22666,0.0,0.0,-0.0940805,-0.118032,-12.0535,-1.22666,9022.15,12.1075,-1.15558,0.0
14920.0,14.253585403263404,-1.22699,0.0,0.0,-1.10859,-0.0328611,-12.0424,-1.22699,9024.14,11.9969,-1.10023,0.0
14930.0,14.251685403263403,-1.23546,0.0,0.0,-0.197808,-0.847149,-12.0405,-1.23546,9025.29,12.036,-1.33294,0.0
14940.0,14.233985403263404,-1.25786,0.0,0.0,-1.76462,-2.23994,-12.0228,-1.25786,9026.12,11.917,-1.3238,0.0
14950.0,14.198285403263403,-1.28795,0.0,0.0,-3.57263,-3.00933,-11.9871,-1.28795,9026.66,12.1352,-1.35709,0.0
14960.0,14.151585403263404,-1.31118,0.0,0.0,-4.66988,-2.3224,-11.9404,-1.31118,9026.99,11.9778,-1.1744,0.0
14970.0,14.095685403263403,-1.31967,0.0,0.0,-5.58549,-0.848725,-11.8845,-1.31967,9027.23,11.8371,-1.41825,0.0
14980.0,14.089585403263403,-1.31595,0.0,0.0,-0.617667,0.371568,-11.8784,-1.31595,9027.36,11.6694,-1.31515,0.0
14990.0,14.056685403263403,-1.30502,0.0,0.0,-3.29069,1.09302,-11.8455,-1.30502,9027.43,11.6298,-1.40068,0.0
15000.0,14.057685403263404,-1.2931,0.0,0.0,0.103577,1.19165,-11.8465,-1.2931,9027.82,11.9074,-1.3586,0.0
15010.0,14.091085403263403,-1.2834,0.0,0.0,3.33914,0.970396,-11.8799,-1.2834,9028.86,11.8422,-1.27578,0.0
15020.0,14.160785403263404,-1.2782,0.0,0.0,6.97125,0.520019,-11.9496,-1.2782,9030.09,12.0554,-1.27414,0.0
15030.0,14.208385403263403,-1.27652,0.0,0.0,4.76034,0.168255,-11.9972,-1.27652,9030.8,12.1497,-1.21706,0.0
15040.0,14.210385403263404,-1.27587,0.0,0.0,0.202341,0.0644721,-11.9992,-1.27587,9031.0,11.989,-1.09719,0.0
15050.0,14.209785403263403,-1.27602,0.0,0.0,-0.066703,-0.0145407,-11.9986,-1.27602,9030.52,11.9487,-1.1544,0.0
15060.0,14.146785403263404,-1.27845,0.0,0.0,-6.29507,-0.243265,-11.9356,-1.27845,9028.12,12.1272,-1.46066,0.0
15070.0,12.868085403263404,-1.27468,0.0,0.0,-127.874,0.376613,-10.6569,-1.27468,9022.54,9.62969,-1.30055,0.0
15080.0,8.370365403263403,-1.21668,0.0,0.0,-449.768,5.80019,-6.15918,-1.21668,9013.25,2.66737,-1.06634,0.0
15090.0,3.995595403263403,-1.12576,0.0,0.0,-437.477,9.09226,-1.78441,-1.12576,9000.97,-1.21661,-1.0601,0.0
15100.0,1.868185403263403,-1.07812,0.0,0.0,-212.741,4.76376,0.343,-1.07812,8986.4,-1.89398,-1.48837,0.0
15110.0,0.5876554032634032,-1.05325,0.0,0.0,-128.053,2.48753,1.62353,-1.05325,8970.78,-1.46075,-1.04629,0.0
15120.0,0.21295540326340312,-1.08345,0.0,0.0,-37.4701,-3.01997,1.99823,-1.08345,8958.59,-2.144,-1.02216,0.0
15130.0,0.06402540326340311,-1.15251,0.0,0.0,-14.8924,-6.90689,2.14716,-1.15251,8952.7,-2.40233,-1.31125,0.0
15140.0,0.05232540326340329,-1.22981,0.0,0.0,-1.17049,-7.72993,2.15886,-1.22981,8951.14,-2.32282,-1.52772,0.0
15150.0,0.045265403263403226,-1.28025,0.0,0.0,-0.705887,-5.04333,2.16592,-1.28025,8951.43,-2.16866,-1.37815,0.0
15160.0,0.03401540326340324,-1.30276,0.0,0.0,-1.12483,-2.25148,2.17717,-1.30276,8953.09,-2.16258,-1.28854,0.0
15170.0,0.033265403263403215,-1.31079,0.0,0.0,-0.0752357,-0.80282,2.17792,-1.31079,8955.91,-2.17815,-1.41415,0.0
15180.0,0.038445403263402955,-1.31353,0.0,0.0,0.517967,-0.273735,2.17274,-1.31353,8958.72,-2.19674,-1.25451,0.0
15190.0,0.03168540326340308,-1.31432,0.0,0.0,-0.675594,-0.0791497,2.1795,-1.31432,8960.79,-2.21453,-1.20318,0.0
15200.0,0.030335403263403116,-1.31513,0.0,0.0,-0.135439,-0.0813458,2.18085,-1.31513,8962.25,-2.17705,-1.36128,0.0
15210.0,0.007365403263403181,-1.31661,0.0,0.0,-2.29625,-0.147669,2.20382,-1.31661,8963.03,-2.26841,-1.28886,0.0
15220.0,-0.00039459673659703043,-1.32058,0.0,0.0,-0.776279,-0.397397,2.21158,-1.32058,8962.94,-2.00996,-1.45094,0.0
15230.0,0.020245403263403183,-1.32393,0.0,0.0,2.06394,-0.334706,2.19094,-1.32393,8961.59,-2.23199,-1.29188,0.0
15240.0,-0.007714596736597024,-1.32019,0.0,0.0,-2.79648,0.373747,2.2189,-1.32019,8958.34,-2.27769,-1.3788,0.0
15250.0,0.006355403263403225,-1.31309,0.0,0.0,1.40787,0.710086,2.20483,-1.31309,8953.27,-2.16497,-1.23351,0.0
15260.0,0.0015554032634028658,-1.30156,0.0,0.0,-0.480798,1.15318,2.20963,-1.30156,8947.02,-2.26066,-1.61714,0.0
15270.0,0.004985403263403132,-1.28379,0.0,0.0,0.34345,1.77705,2.2062,-1.28379,8938.96,-2.21031,-1.37782,0.0
15280.0,0.007775403263403202,-1.24696,0.0,0.0,0.279258,3.68295,2.20341,-1.24696,8926.52,-2.22218,-1.39624,0.0
15290.0,0.013435403263402979,-1.17496,0.0,0.0,0.565342,7.19973,2.19775,-1.17496,8909.04,-2.50771,-1.19926,0.0
15300.0,0.030315403263402985,-1.06643,0.0,0.0,1.68849,10.8531,2.18087,-1.06643,8891.05,-2.10512,-0.481454,0.0
15310.0,0.03668540326340297,-0.95188,0.0,0.0,0.636476,11.4552,2.1745,-0.95188,8876.29,-1.89994,-0.854427,0.0
15320.0,0.04124540326340309,-0.871684,0.0,0.0,0.456686,8.01959,2.16994,-0.871684,8861.76,-2.17493,-1.10024,0.0
15330.0,0.015445403263403268,-0.831653,0.0,0.0,-2.58038,4.00307,2.19574,-0.831653,8843.91,-2.32079,-1.05211,0.0
15340.0,-0.013024596736596727,-0.815079,0.0,0.0,-2.84709,1.65742,2.22421,-0.815079,8824.3,-2.26931,-0.811459,0.0
15350.0,-0.021674596736596996,-0.808404,0.0,0.0,-0.864621,0.667461,2.23286,-0.808404,8803.73,-2.18141,-0.576161,0.0
15360.0,-0.024094596736596863,-0.805195,0.0,0.0,-0.24256,0.320948,2.23528,-0.805195,8779.13,-2.18209,-0.797599,0.0
15370.0,-0.024054596736597045,-0.803278,0.0,0.0,0.00385684,0.191678,2.23524,-0.803278,8747.86,-2.23207,-0.803772,0.0
15380.0,-0.023954596736596834,-0.802227,0.0,0.0,0.0104826,0.105164,2.23514,-0.802227,8710.49,-2.23285,-0.745613,0.0
15390.0,-0.023304596736597016,-0.801986,0.0,0.0,0.0649844,0.0240673,2.23449,-0.801986,8671.52,-2.35303,-0.608482,0.0
15400.0,-0.02319459673659674,-0.802564,0.0,0.0,0.011042,-0.0578028,2.23438,-0.802564,8635.98,-2.08991,-0.524217,0.0
15410.0,-0.019234596736597,-0.805001,0.0,0.0,0.396264,-0.243738,2.23042,-0.805001,8603.97,-2.34314,-0.830753,0.0
15420.0,0.01166540326340293,-0.810887,0.0,0.0,3.0898,-0.588566,2.19952,-0.810887,8570.88,-2.10946,-0.801658,0.0
15430.0,0.052275403263402964,-0.817755,0.0,0.0,4.06104,-0.68682,2.15891,-0.817755,8533.71,-2.17753,-0.866629,0.0
15440.0,0.08005540326340288,-0.8221,0.0,0.0,2.7783,-0.434483,2.13113,-0.8221,8494.03,-2.10956,-1.00267,0.0
15450.0,0.09193540326340299,-0.822269,0.0,0.0,1.18795,-0.0168809,2.11925,-0.822269,8454.55,-1.83846,-0.842835,0.0
15460.0,0.0935254032634032,-0.813024,0.0,0.0,0.158804,0.924462,2.11766,-0.813024,8416.14,-2.14107,-0.84475,0.0
15470.0,0.105765403263403,-0.781423,0.0,0.0,1.22363,3.16013,2.10542,-0.781423,8377.93,-2.1007,-0.832304,0.0
15480.0,0.11111540326340297,-0.720591,0.0,0.0,0.535241,6.08321,2.10007,-0.720591,8338.85,-2.18363,-0.575088,0.0
15490.0,0.12617540326340304,-0.652923,0.0,0.0,1.5062,6.76682,2.08501,-0.652923,8300.54,-2.08307,-0.642946,0.0
15500.0,0.13513540326340312,-0.605316,0.0,0.0,0.895541,4.76064,2.07605,-0.605316,8266.28,-2.06592,-0.572228,0.0
15510.0,0.1718054032634031,-0.581574,0.0,0.0,3.66721,2.37417,2.03938,-0.581574,8233.54,-1.95304,-0.622968,0.0
15520.0,0.23214540326340316,-0.569462,0.0,0.0,6.03383,1.21129,1.97904,-0.569462,8195.93,-2.04924,-0.347031,0.0
15530.0,0.2744354032634031,-0.558303,0.0,0.0,4.22886,1.11586,1.93675,-0.558303,8154.61,-1.80198,-0.48872,0.0
15540.0,0.30069540326340305,-0.544812,0.0,0.0,2.62609,1.34912,1.91049,-0.544812,8117.7,-1.89361,-0.478549,0.0
15550.0,0.33006540326340317,-0.532217,0.0,0.0,2.93746,1.25945,1.88112,-0.532217,8089.81,-1.72813,-0.472656,0.0
15560.0,0.332415403263403,-0.521898,0.0,0.0,0.234589,1.03189,1.87877,-0.521898,8066.33,-1.73513,-0.560063,0.0
15570.0,0.341495403263403,-0.51347,0.0,0.0,0.907632,0.842813,1.86969,-0.51347,8040.35,-1.86989,-0.635246,0.0
15580.0,0.3418954032634032,-0.503836,0.0,0.0,0.040216,0.963391,1.86929,-0.503836,8012.25,-1.93835,-0.771739,0.0
15590.0,0.32618540326340306,-0.493671,0.0,0.0,-1.57083,1.01655,1.885,-0.493671,7984.64,-1.82105,-0.547205,0.0
15600.0,0.30711540326340314,-0.485196,0.0,0.0,-1.90645,0.847529,1.90407,-0.485196,7955.39,-1.88371,-0.364234,0.0
15610.0,0.30769540326340317,-0.477494,0.0,0.0,0.0573222,0.770207,1.90349,-0.477494,7923.61,-2.0377,-0.340155,0.0
15620.0,0.32758540326340313,-0.46994,0.0,0.0,1.98874,0.75531,1.8836,-0.46994,7893.33,-2.0571,-0.490332,0.0
15630.0,0.3369354032634031,-0.464881,0.0,0.0,0.935012,0.505943,1.87425,-0.464881,7868.81,-1.85693,-0.442824,0.0
15640.0,0.35944540326340313,-0.465055,0.0,0.0,2.25161,-0.0173828,1.85174,-0.465055,7850.98,-1.82822,-0.452347,0.0
15650.0,0.370475403263403,-0.468794,0.0,0.0,1.1029,-0.373961,1.84071,-0.468794,7838.13,-1.78637,-0.519743,0.0
15660.0,0.37051540326340304,-0.474421,0.0,0.0,0.00351826,-0.56261,1.84067,-0.474421,7827.56,-1.83533,-0.362805,0.0
15670.0,0.36805540326340314,-0.479065,0.0,0.0,-0.245347,-0.464421,1.84313,-0.479065,7817.61,-1.79278,-0.531724,0.0
15680.0,0.31764540326340307,-0.47944,0.0,0.0,-5.04151,-0.0375404,1.89354,-0.47944,7808.63,-1.93933,-0.345734,0.0
15690.0,0.25951540326340305,-0.478836,0.0,0.0,-5.81243,0.0604179,1.95167,-0.478836,7801.68,-1.98905,-0.408889,0.0
15700.0,0.2420654032634031,-0.480876,0.0,0.0,-1.74521,-0.20398,1.96912,-0.480876,7796.71,-1.97305,-0.570741,0.0
15710.0,0.2263054032634031,-0.483085,0.0,0.0,-1.57643,-0.220913,1.98488,-0.483085,7792.77,-2.10077,-0.509557,0.0
15720.0,0.20204540326340314,-0.483016,0.0,0.0,-2.42522,0.00689843,2.00914,-0.483016,7789.28,-1.81643,-0.485182,0.0
15730.0,0.20104540326340326,-0.482568,0.0,0.0,-0.100566,0.0448048,2.01014,-0.482568,7786.72,-2.00905,-0.467851,0.0
15740.0,0.20318540326340306,-0.482593,0.0,0.0,0.214532,-0.00246328,2.008,-0.482593,7785.83,-2.05873,-0.549522,0.0
15750.0,0.2540354032634031,-0.485432,0.0,0.0,5.08502,-0.283995,1.95715,-0.485432,7786.21,-1.77393,-0.482529,0.0
15760.0,0.30581540326340306,-0.489342,0.0,0.0,5.17746,-0.390939,1.90537,-0.489342,7786.8,-1.78667,-0.443772,0.0
15770.0,0.31201540326340305,-0.492197,0.0,0.0,0.619704,-0.285468,1.89917,-0.492197,7787.27,-1.93179,-0.565612,0.0
15780.0,0.3110054032634031,-0.495908,0.0,0.0,-0.100918,-0.371185,1.90018,-0.495908,7787.77,-1.85691,-0.534942,0.0
15790.0,0.289845403263403,-0.4993,0.0,0.0,-2.11601,-0.339197,1.92134,-0.4993,7788.54,-1.90431,-0.443307,0.0
15800.0,0.2890554032634032,-0.502048,0.0,0.0,-0.0788843,-0.274712,1.92213,-0.502048,7790.2,-1.99929,-0.484918,0.0
15810.0,0.296385403263403,-0.505673,0.0,0.0,0.733274,-0.362539,1.9148,-0.505673,7793.05,-2.06449,-0.664761,0.0
15820.0,0.29645540326340303,-0.513791,0.0,0.0,0.00735022,-0.811847,1.91473,-0.513791,7796.5,-1.89805,-0.464153,0.0
15830.0,0.303805403263403,-0.526311,0.0,0.0,0.734172,-1.25195,1.90738,-0.526311,7800.79,-1.92575,-0.577124,0.0
15840.0,0.31555540326340314,-0.54086,0.0,0.0,1.17511,-1.45488,1.89563,-0.54086,7807.12,-1.89034,-0.712651,0.0
15850.0,0.36170540326340306,-0.55757,0.0,0.0,4.61581,-1.67107,1.84948,-0.55757,7815.68,-1.70413,-0.263168,0.0
15860.0,0.37595540326340315,-0.572266,0.0,0.0,1.42489,-1.46952,1.83523,-0.572266,7826.92,-1.80233,-0.814058,0.0
15870.0,0.37556540326340304,-0.585332,0.0,0.0,-0.0388927,-1.30667,1.83562,-0.585332,7842.41,-1.83128,-0.641256,0.0
15880.0,0.3732054032634031,-0.596252,0.0,0.0,-0.236794,-1.09195,1.83798,-0.596252,7860.25,-1.89774,-0.515611,0.0
15890.0,0.3368654032634031,-0.602631,0.0,0.0,-3.63365,-0.637951,1.87432,-0.602631,7875.19,-2.04693,-0.607286,0.0
15900.0,0.322955403263403,-0.607868,0.0,0.0,-1.39064,-0.523641,1.88823,-0.607868,7885.43,-1.87939,-0.534497,0.0
15910.0,0.30223540326340315,-0.611681,0.0,0.0,-2.0724,-0.381363,1.90895,-0.611681,7894.09,-1.89203,-0.624048,0.0
15920.0,0.3015154032634031,-0.613885,0.0,0.0,-0.0720357,-0.220349,1.90967,-0.613885,7904.54,-1.9814,-0.609058,0.0
15930.0,0.308995403263403,-0.611199,0.0,0.0,0.748374,0.268539,1.90219,-0.611199,7916.86,-1.9675,-0.632149,0.0
15940.0,0.3110754032634031,-0.596179,0.0,0.0,0.20766,1.502,1.90011,-0.596179,7927.75,-1.86064,-0.628292,0.0
15950.0,0.32955540326340316,-0.559538,0.0,0.0,1.8479,3.66414,1.88163,-0.559538,7934.61,-2.03837,-0.708889,0.0
15960.0,0.36219540326340316,-0.4943,0.0,0.0,3.26436,6.52381,1.84899,-0.4943,7938.26,-1.76288,-0.144797,0.0
15970.0,0.37527540326340314,-0.410668,0.0,0.0,1.3077,8.36317,1.83591,-0.410668,7940.72,-1.8476,-0.595064,0.0
15980.0,0.3987954032634031,-0.340592,0.0,0.0,2.35192,7.00759,1.81239,-0.340592,7943.47,-1.74506,-0.201558,0.0
15990.0,0.402875403263403,-0.300145,0.0,0.0,0.408034,4.04476,1.80831,-0.300145,7947.03,-1.73721,-0.23185,0.0
16000.0,0.4110054032634032,-0.28162,0.0,0.0,0.812765,1.8525,1.80018,-0.28162,7950.45,-1.79175,-0.302773,0.0
16010.0,0.430735403263403,-0.27148,0.0,0.0,1.97291,1.01399,1.78045,-0.27148,7952.48,-1.83492,-0.314243,0.0
16020.0,0.43203540326340306,-0.262169,0.0,0.0,0.13016,0.931037,1.77915,-0.262169,7953.21,-1.84654,-0.322106,0.0
16030.0,0.42791540326340316,-0.252046,0.0,0.0,-0.412133,1.01237,1.78327,-0.252046,7953.37,-1.61671,-0.214669,0.0
16040.0,0.43066540326340297,-0.23921,0.0,0.0,0.275245,1.28359,1.78052,-0.23921,7953.34,-1.63583,-0.327826,0.0
16050.0,0.4332254032634031,-0.220618,0.0,0.0,0.255991,1.85917,1.77796,-0.220618,7953.14,-1.77452,-0.189538,0.0
16060.0,0.45814540326340314,-0.201074,0.0,0.0,2.49181,1.95443,1.75304,-0.201074,7952.18,-1.80411,-0.173086,0.0
16070.0,0.43586540326340306,-0.185463,0.0,0.0,-2.22809,1.56112,1.77532,-0.185463,7948.94,-1.78614,-0.227873,0.0
16080.0,0.4353254032634031,-0.177049,0.0,0.0,-0.0534633,0.841352,1.77586,-0.177049,7942.0,-1.69173,-0.10444,0.0
16090.0,0.4334654032634031,-0.171171,0.0,0.0,-0.186063,0.587798,1.77772,-0.171171,7931.94,-1.79055,-0.121044,0.0
16100.0,0.426805403263403,-0.165486,0.0,0.0,-0.666201,0.568493,1.78438,-0.165486,7920.83,-1.78287,-0.0800485,0.0
16110.0,0.4193954032634031,-0.15747,0.0,0.0,-0.740969,0.801611,1.79179,-0.15747,7910.11,-1.63695,-0.226619,0.0
16120.0,0.420505403263403,-0.144558,0.0,0.0,0.111266,1.2912,1.79068,-0.144558,7900.21,-1.8761,-0.219248,0.0
16130.0,0.4328854032634031,-0.126155,0.0,0.0,1.23781,1.84033,1.7783,-0.126155,7891.38,-1.78846,-0.0748996,0.0
16140.0,0.435995403263403,-0.103724,0.0,0.0,0.311544,2.24313,1.77519,-0.103724,7884.27,-1.74754,-0.203914,0.0
16150.0,0.460865403263403,-0.0801948,0.0,0.0,2.48673,2.35288,1.75032,-0.0801948,7879.6,-1.81175,-0.201272,0.0
16160.0,0.5000254032634031,-0.0496018,0.0,0.0,3.91548,3.05929,1.71116,-0.0496018,7877.24,-1.68664,-0.0613575,0.0
16170.0,0.5327854032634032,-0.00563861,0.0,0.0,3.27667,4.39632,1.6784,-0.00563861,7876.26,-1.66856,0.0501461,0.0
16180.0,0.548075403263403,0.0429022,0.0,0.0,1.52904,4.85408,1.66311,0.0429022,7875.64,-1.56689,0.182054,0.0
16190.0,0.5721354032634032,0.0823313,0.0,0.0,2.40559,3.94291,1.63905,0.0823313,7874.46,-1.56319,0.206566,0.0
16200.0,0.5830654032634031,0.11423,0.0,0.0,1.09284,3.1899,1.62812,0.11423,7872.26,-1.65375,0.0997945,0.0
16210.0,0.5851054032634031,0.145673,0.0,0.0,0.204533,3.14429,1.62608,0.145673,7869.55,-1.61313,0.198225,0.0
16220.0,0.572145403263403,0.180336,0.0,0.0,-1.29616,3.46622,1.63904,0.180336,7867.14,-1.83026,0.165158,0.0
16230.0,0.5659554032634031,0.215387,0.0,0.0,-0.618719,3.5051,1.64523,0.215387,7865.16,-1.56191,0.302252,0.0
16240.0,0.557335403263403,0.245695,0.0,0.0,-0.862007,3.03082,1.65385,0.245695,7863.31,-1.71089,0.361606,0.0
16250.0,0.5467454032634032,0.266868,0.0,0.0,-1.05922,2.11735,1.66444,0.266868,7861.35,-1.72432,0.269339,0.0
16260.0,0.547305403263403,0.278637,0.0,0.0,0.0556285,1.17691,1.66388,0.278637,7859.19,-1.5045,0.329572,0.0
16270.0,0.551915403263403,0.285038,0.0,0.0,0.461467,0.64009,1.65927,0.285038,7857.04,-1.78611,0.286662,0.0
16280.0,0.5518154032634031,0.291063,0.0,0.0,-0.0106539,0.6025,1.65937,0.291063,7855.32,-1.59792,0.416816,0.0
16290.0,0.535475403263403,0.29902,0.0,0.0,-1.63404,0.79568,1.67571,0.29902,7854.4,-1.6537,0.270913,0.0
16300.0,0.5355254032634031,0.306113,0.0,0.0,0.00532715,0.709288,1.67566,0.306113,7854.12,-1.68587,0.332936,0.0
16310.0,0.541905403263403,0.312029,0.0,0.0,0.637818,0.59158,1.66928,0.312029,7854.22,-1.80264,0.146773,0.0
16320.0,0.5431054032634031,0.319871,0.0,0.0,0.119897,0.784184,1.66808,0.319871,7855.06,-1.72645,0.283737,0.0
16330.0,0.5536554032634031,0.332677,0.0,0.0,1.0557,1.28066,1.65753,0.332677,7857.65,-1.56495,0.353238,0.0
16340.0,0.5957754032634031,0.347799,0.0,0.0,4.21176,1.51219,1.61541,0.347799,7862.31,-1.49657,0.542305,0.0
16350.0,0.6171454032634032,0.360363,10.3311,0.0,2.13676,1.25636,-11.9251,0.360363,7867.96,-1.6219,0.465234,0.0
16360.0,0.6280254032634032,0.366349,10.3311,0.0,1.08784,0.598647,-11.9143,0.366349,7873.57,-1.55935,0.372277,0.0
16370.0,0.6182554032634031,0.367731,10.3311,0.0,-0.976896,0.138198,-11.924,0.367731,7878.09,-1.58031,0.490754,0.0
16380.0,0.611565403263403,0.360845,10.3311,0.0,-0.668636,-0.68866,-11.9307,0.360845,7880.54,-1.49922,0.574081,0.0
16390.0,0.607285403263403,0.327366,10.3311,0.0,-0.427909,-3.34786,-11.935,0.327366,7880.98,-1.61513,0.542111,0.0
16400.0,0.5411854032634031,0.231332,10.3311,0.0,-6.6102,-9.6034,-12.0011,0.231332,7878.48,-1.71492,0.143682,0.0
16410.0,-0.2127545967365969,0.054875,10.3311,0.0,-75.3944,-17.6457,-12.755,0.054875,7868.07,-4.01918,-0.0900232,0.0
16420.0,-4.257774596736597,-0.0903168,10.3311,0.0,-404.501,-14.5192,-16.8001,-0.0903168,7843.25,-9.93573,0.107974,0.0
16430.0,-8.459714596736596,-0.256674,10.3311,0.0,-420.192,-16.6357,-21.002,-0.256674,7804.82,-13.1598,-0.720115,0.0
16440.0,-10.489114596736597,-0.47429,10.3311,0.0,-202.944,-21.7616,-23.0314,-0.47429,7764.36,-15.1734,-0.823545,0.0
16450.0,-11.949714596736596,-0.580718,10.3311,0.0,-146.055,-10.6428,-24.492,-0.580718,7735.41,-14.5592,-0.934334,0.0
16460.0,-12.465614596736597,-0.660031,10.3311,0.0,-51.595,-7.93136,-25.0079,-0.660031,7722.03,-14.6556,-0.507046,0.0
16470.0,-12.627814596736597,-0.736316,10.3311,0.0,-16.223,-7.62847,-25.1702,-0.736316,7718.33,-15.0057,-0.788022,0.0
16480.0,-12.665414596736596,-0.80668,10.3311,0.0,-3.75768,-7.0364,-25.2077,-0.80668,7718.12,-14.8815,-0.88746,0.0
16490.0,-12.668614596736596,-0.859877,10.3311,0.0,-0.320279,-5.31973,-25.2109,-0.859877,7720.27,-14.8406,-1.00104,0.0
16500.0,-12.669014596736597,-0.899258,10.3311,0.0,-0.0388819,-3.93808,-25.2113,-0.899258,7727.04,-14.9185,-0.743357,0.0
16510.0,-12.646414596736596,-0.937826,10.3311,0.0,2.26332,-3.85682,-25.1887,-0.937826,7738.8,-14.8622,-0.875137,0.0
16520.0,-12.637914596736596,-0.979066,10.3311,0.0,0.849885,-4.12393,-25.1802,-0.979066,7751.48,-14.842,-0.948709,0.0
16530.0,-12.636814596736597,-1.02174,10.3311,0.0,0.110554,-4.26715,-25.1791,-1.02174,7761.89,-14.8406,-1.09295,0.0
16540.0,-12.638014596736596,-1.05802,10.3311,0.0,-0.121191,-3.62845,-25.1803,-1.05802,7770.89,-14.777,-1.05796,0.0
16550.0,-12.639514596736596,-1.0807,10.3311,0.0,-0.154273,-2.26791,-25.1818,-1.0807,7780.03,-14.867,-1.09796,0.0
16560.0,-12.657814596736596,-1.08884,10.3311,0.0,-1.82356,-0.813444,-25.2001,-1.08884,7789.82,-15.0002,-1.17066,0.0
16570.0,-12.693514596736597,-1.08854,10.3311,0.0,-3.57576,0.0296945,-25.2358,-1.08854,7800.25,-14.9012,-1.14824,0.0
16580.0,-12.735114596736597,-1.08582,10.3311,0.0,-4.15877,0.271793,-25.2774,-1.08582,7810.13,-14.9528,-1.08085,0.0
16590.0,-12.759814596736597,-1.08395,10.3311,0.0,-2.47244,0.187363,-25.3021,-1.08395,7819.03,-15.072,-1.10925,0.0
16600.0,-12.772814596736596,-1.082,10.3311,0.0,-1.30038,0.194695,-25.3151,-1.082,7828.49,-14.9653,-1.00706,0.0
16610.0,-12.789814596736596,-1.07894,10.3311,0.0,-1.69632,0.306463,-25.3321,-1.07894,7839.83,-15.0398,-0.744417,0.0
16620.0,-12.801814596736596,-1.07685,10.3311,0.0,-1.20031,0.208107,-25.3441,-1.07685,7854.1,-14.9338,-1.08816,0.0
16630.0,-12.803714596736597,-1.07693,10.3311,0.0,-0.191419,-0.00722896,-25.346,-1.07693,7871.12,-15.0193,-1.13418,0.0
16640.0,-12.835814596736597,-1.0758,10.3311,0.0,-3.20896,0.112427,-25.3781,-1.0758,7887.64,-15.1672,-1.05397,0.0
16650.0,-12.837314596736597,-1.07845,10.3311,0.0,-0.150528,-0.264857,-25.3796,-1.07845,7901.65,-15.126,-1.03109,0.0
16660.0,-12.837114596736596,-1.08307,10.3311,0.0,0.0219758,-0.46223,-25.3794,-1.08307,7915.02,-15.0393,-1.29447,0.0
16670.0,-12.826314596736596,-1.09129,10.3311,0.0,1.0759,-0.8219,-25.3686,-1.09129,7929.01,-14.7894,-1.04977,0.0
16680.0,-12.773714596736596,-1.10569,10.3311,0.0,5.25867,-1.43952,-25.3161,-1.10569,7942.07,-14.9704,-1.23047,0.0
16690.0,-12.771014596736597,-1.12029,10.3311,0.0,0.272605,-1.4601,-25.3133,-1.12029,7954.68,-14.9539,-1.12238,0.0
16700.0,-12.750314596736596,-1.14153,10.3311,0.0,2.07171,-2.12392,-25.2926,-1.14153,7969.34,-14.9483,-1.05777,0.0
16710.0,-12.742714596736597,-1.16111,10.3311,0.0,0.756469,-1.95863,-25.285,-1.16111,7984.09,-15.0016,-1.15286,0.0
16720.0,-12.741914596736596,-1.17595,10.3311,0.0,0.0842742,-1.48365,-25.2842,-1.17595,7994.31,-14.7516,-1.19399,0.0
16730.0,-12.719014596736596,-1.19423,10.3311,0.0,2.29348,-1.82757,-25.2613,-1.19423,7999.71,-14.7806,-1.22365,0.0
16740.0,-12.725214596736597,-1.21956,10.3311,0.0,-0.627337,-2.53354,-25.2675,-1.21956,8004.26,-14.97,-1.2539,0.0
16750.0,-12.719814596736596,-1.25641,10.3311,0.0,0.546145,-3.68462,-25.2621,-1.25641,8012.7,-14.9101,-1.3529,0.0
16760.0,-12.741714596736596,-1.29321,10.3311,0.0,-2.19208,-3.68009,-25.284,-1.29321,8028.84,-14.9997,-1.28487,0.0
16770.0,-12.743714596736597,-1.32319,10.3311,0.0,-0.198398,-2.99806,-25.286,-1.32319,8051.18,-14.8129,-1.23342,0.0
16780.0,-12.745214596736597,-1.34014,10.3311,0.0,-0.153791,-1.69523,-25.2875,-1.34014,8070.74,-15.0424,-1.40632,0.0
16790.0,-12.767514596736596,-1.34402,10.3311,0.0,-2.22339,-0.388073,-25.3098,-1.34402,8080.91,-14.9122,-1.43476,0.0
16800.0,-12.788114596736596,-1.33785,10.3311,0.0,-2.06294,0.617673,-25.3304,-1.33785,8083.72,-15.0787,-1.40425,0.0
16810.0,-12.851114596736597,-1.30928,10.3311,0.0,-6.29696,2.85611,-25.3934,-1.30928,8083.2,-15.0031,-1.34615,0.0
16820.0,-13.044314596736596,-1.22782,10.3311,0.0,-19.3217,8.14663,-25.5866,-1.22782,8080.33,-15.42,-1.31073,0.0
16830.0,-13.475914596736596,-1.07646,10.3311,0.0,-43.1609,15.1354,-26.0182,-1.07646,8075.78,-17.0002,-0.771905,0.0
16840.0,-13.895614596736596,-0.922204,10.3311,0.0,-41.9732,15.4259,-26.4379,-0.922204,8071.33,-16.4921,-0.575151,0.0
16850.0,-14.091814596736597,-0.83407,10.3311,0.0,-19.6205,8.81348,-26.6341,-0.83407,8068.02,-16.3454,-0.746729,0.0
16860.0,-14.135014596736596,-0.798835,10.3311,0.0,-4.31678,3.52346,-26.6773,-0.798835,8066.39,-16.2671,-0.663042,0.0
16870.0,-14.173814596736598,-0.775171,10.3311,0.0,-3.87961,2.36644,-26.7161,-0.775171,8067.0,-16.3396,-0.691668,0.0
16880.0,-14.176914596736598,-0.75636,10.3311,0.0,-0.316632,1.88106,-26.7192,-0.75636,8070.79,-16.5087,-0.683923,0.0
16890.0,-14.224814596736596,-0.73559,10.3311,0.0,-4.78189,2.07697,-26.7671,-0.73559,8077.75,-16.5801,-0.892911,0.0
16900.0,-14.247014596736598,-0.721862,10.3311,0.0,-2.22003,1.37284,-26.7893,-0.721862,8084.9,-16.435,-0.864207,0.0
16910.0,-14.257814596736598,-0.716833,10.3311,0.0,-1.08634,0.502899,-26.8001,-0.716833,8089.4,-16.4454,-0.634417,0.0
16920.0,-14.258414596736596,-0.719964,10.3311,0.0,-0.0544039,-0.313148,-26.8007,-0.719964,8091.42,-16.4726,-0.836004,0.0
16930.0,-14.258114596736597,-0.72442,10.3311,0.0,0.0280904,-0.445583,-26.8004,-0.72442,8092.27,-16.5072,-0.609776,0.0
16940.0,-14.248514596736598,-0.723236,10.3311,0.0,0.962272,0.118439,-26.7908,-0.723236,8092.59,-16.324,-0.705022,0.0
16950.0,-14.247714596736596,-0.712497,10.3311,0.0,0.0735161,1.07391,-26.79,-0.712497,8092.68,-16.4295,-0.714409,0.0
16960.0,-14.246314596736596,-0.696116,10.3311,0.0,0.140107,1.63807,-26.7886,-0.696116,8092.69,-16.5163,-0.823517,0.0
16970.0,-14.212614596736596,-0.679686,10.3311,0.0,3.37272,1.64303,-26.7549,-0.679686,8092.72,-16.3691,-0.747991,0.0
16980.0,-14.199114596736596,-0.662691,10.3311,0.0,1.3522,1.69946,-26.7414,-0.662691,8092.95,-16.47,-0.484977,0.0
16990.0,-14.194114596736597,-0.649063,10.3311,0.0,0.49332,1.36279,-26.7365,-0.649063,8093.88,-16.2749,-0.653256,0.0
17000.0,-14.205314596736596,-0.634419,10.3311,0.0,-1.11456,1.46443,-26.7476,-0.634419,8096.09,-16.4254,-0.435122,0.0
17010.0,-14.204514596736598,-0.618325,10.3311,0.0,0.0806986,1.60936,-26.7468,-0.618325,8099.82,-16.4109,-0.596708,0.0
17020.0,-14.185414596736596,-0.60046,10.3311,0.0,1.91154,1.78658,-26.7277,-0.60046,8105.3,-16.4232,-0.479018,0.0
17030.0,-14.182514596736596,-0.578487,10.3311,0.0,0.282516,2.19728,-26.7249,-0.578487,8113.82,-16.3821,-0.651026,0.0
17040.0,-14.151514596736597,-0.562704,10.3311,0.0,3.10176,1.57827,-26.6938,-0.562704,8125.64,-16.3177,-0.786988,0.0
17050.0,-14.133614596736596,-0.554791,10.3311,0.0,1.79618,0.791264,-26.6759,-0.554791,8137.05,-16.283,-0.555176,0.0
17060.0,-14.118414596736596,-0.553648,10.3311,0.0,1.51449,0.114383,-26.6607,-0.553648,8144.31,-16.5242,-0.475381,0.0
17070.0,-14.103014596736596,-0.555665,10.3311,0.0,1.54297,-0.201751,-26.6453,-0.555665,8148.03,-16.3123,-0.480116,0.0
17080.0,-14.100014596736596,-0.558377,10.3311,0.0,0.296515,-0.271199,-26.6423,-0.558377,8150.41,-16.3041,-0.548528,0.0
17090.0,-14.100114596736596,-0.563807,10.3311,0.0,-0.0113738,-0.543019,-26.6424,-0.563807,8152.34,-16.2962,-0.565536,0.0
17100.0,-14.101814596736595,-0.575217,10.3311,0.0,-0.167981,-1.14101,-26.6441,-0.575217,8154.56,-16.3037,-0.876747,0.0
17110.0,-14.109314596736596,-0.594418,10.3311,0.0,-0.75081,-1.9201,-26.6516,-0.594418,8158.83,-16.3717,-0.753987,0.0
17120.0,-14.113514596736596,-0.619203,10.3311,0.0,-0.418438,-2.47845,-26.6558,-0.619203,8166.36,-16.2907,-0.596238,0.0
17130.0,-14.132814596736598,-0.638952,10.3311,0.0,-1.92865,-1.97496,-26.6751,-0.638952,8175.48,-16.3843,-0.645556,0.0
17140.0,-14.150714596736595,-0.648445,10.3311,0.0,-1.79389,-0.949275,-26.693,-0.648445,8182.89,-16.3095,-0.729769,0.0
17150.0,-14.160814596736596,-0.649941,10.3311,0.0,-1.0106,-0.14954,-26.7031,-0.649941,8187.52,-16.3258,-0.573973,0.0
17160.0,-14.206614596736596,-0.643535,10.3311,0.0,-4.57814,0.640518,-26.7489,-0.643535,8191.07,-16.5088,-0.748574,0.0
17170.0,-14.239414596736598,-0.635828,10.3311,0.0,-3.27821,0.770772,-26.7817,-0.635828,8195.27,-16.453,-0.659626,0.0
17180.0,-14.240614596736595,-0.629588,10.3311,0.0,-0.116808,0.623928,-26.7829,-0.629588,8200.04,-16.4764,-0.62401,0.0
17190.0,-14.239114596736595,-0.621178,10.3311,0.0,0.146529,0.841084,-26.7814,-0.621178,8204.32,-16.4503,-0.612409,0.0
17200.0,-14.209714596736596,-0.61085,10.3311,0.0,2.94156,1.03274,-26.752,-0.61085,8208.13,-16.3874,-0.464403,0.0
17210.0,-14.164714596736598,-0.597849,10.3311,0.0,4.50167,1.30012,-26.707,-0.597849,8212.47,-16.3596,-0.524938,0.0
17220.0,-14.098714596736595,-0.585149,10.3311,0.0,6.60021,1.26997,-26.641,-0.585149,8218.19,-16.2602,-0.822677,0.0
17230.0,-14.044814596736597,-0.568182,10.3311,0.0,5.3862,1.6967,-26.5871,-0.568182,8226.14,-16.258,-0.469016,0.0
17240.0,-14.029714596736596,-0.541381,10.3311,0.0,1.51348,2.68015,-26.572,-0.541381,8236.11,-16.1094,-0.483875,0.0
17250.0,-14.012114596736595,-0.51361,10.3311,0.0,1.75672,2.77705,-26.5544,-0.51361,8245.89,-16.2351,-0.668719,0.0
17260.0,-13.998514596736598,-0.492951,10.3311,0.0,1.36396,2.06587,-26.5408,-0.492951,8254.07,-16.2054,-0.59698,0.0
17270.0,-13.991914596736596,-0.481226,10.3311,0.0,0.655782,1.17254,-26.5342,-0.481226,8261.61,-16.1993,-0.334743,0.0
17280.0,-13.991414596736597,-0.475329,10.3311,0.0,0.0530006,0.589662,-26.5337,-0.475329,8270.36,-16.2253,-0.452179,0.0
17290.0,-13.965514596736597,-0.472347,10.3311,0.0,2.59142,0.298281,-26.5078,-0.472347,8282.44,-16.1934,-0.500109,0.0
17300.0,-13.377114596736597,-0.510955,10.3311,0.0,58.8414,-3.86079,-25.9194,-0.510955,8299.86,-13.8151,-0.365737,0.0
17310.0,-12.272214596736596,-0.578635,10.3311,0.0,110.485,-6.76807,-24.8145,-0.578635,8321.03,-13.4487,-0.694352,0.0
17320.0,-11.706814596736596,-0.592308,10.3311,0.0,56.5356,-1.36727,-24.2492,-0.592308,8339.49,-14.1656,-0.665594,0.0
17330.0,-11.671714596736596,-0.565061,10.3311,0.0,3.5134,2.72473,-24.214,-0.565061,8350.82,-13.936,-0.572417,0.0
17340.0,-11.572614596736596,-0.547837,10.3311,0.0,9.91216,1.72239,-24.1149,-0.547837,8356.9,-13.8493,-0.47167,0.0
17350.0,-11.562214596736597,-0.528381,10.3311,0.0,1.03676,1.9456,-24.1045,-0.528381,8361.12,-13.681,-0.570046,0.0
17360.0,-11.440414596736597,-0.520002,10.3311,0.0,12.1816,0.837865,-23.9827,-0.520002,8364.77,-13.6002,-0.480292,0.0
17370.0,-11.403014596736597,-0.505288,10.3311,0.0,3.74052,1.4714,-23.9453,-0.505288,8368.96,-13.6055,-0.517996,0.0
17380.0,-11.394114596736596,-0.491347,10.3311,0.0,0.893045,1.39409,-23.9364,-0.491347,8375.14,-13.6216,-0.64786,0.0
17390.0,-11.387214596736596,-0.483211,10.3311,0.0,0.689608,0.813659,-23.9295,-0.483211,8382.91,-13.5346,-0.468428,0.0
17400.0,-11.389814596736597,-0.478888,10.3311,0.0,-0.260484,0.432246,-23.9321,-0.478888,8390.73,-13.5815,-0.348471,0.0
17410.0,-11.380914596736597,-0.478198,10.3311,0.0,0.883389,0.0690618,-23.9233,-0.478198,8397.63,-13.5863,-0.38385,0.0
17420.0,-11.377414596736596,-0.478784,10.3311,0.0,0.352693,-0.0586074,-23.9197,-0.478784,8402.89,-13.6064,-0.447486,0.0
17430.0,-11.377714596736597,-0.47985,10.3311,0.0,-0.0291923,-0.106603,-23.92,-0.47985,8406.23,-13.5553,-0.605741,0.0
17440.0,-11.387114596736597,-0.481114,10.3311,0.0,-0.935869,-0.126446,-23.9294,-0.481114,8408.51,-13.5364,-0.388152,0.0
17450.0,-11.400514596736597,-0.482736,10.3311,0.0,-1.34617,-0.162162,-23.9428,-0.482736,8410.49,-13.6161,-0.563472,0.0
17460.0,-11.445814596736597,-0.481228,10.3311,0.0,-4.52961,0.150761,-23.9881,-0.481228,8411.75,-13.7043,-0.477108,0.0
17470.0,-11.490114596736596,-0.478609,10.3311,0.0,-4.42636,0.261897,-24.0324,-0.478609,8412.06,-13.6982,-0.480474,0.0
17480.0,-11.500014596736596,-0.478069,10.3311,0.0,-0.995037,0.0539928,-24.0423,-0.478069,8411.7,-13.767,-0.452002,0.0
17490.0,-11.504414596736597,-0.477958,10.3311,0.0,-0.436465,0.0111281,-24.0467,-0.477958,8411.09,-13.7368,-0.581156,0.0
17500.0,-11.504614596736596,-0.478526,10.3311,0.0,-0.0199573,-0.0567799,-24.0469,-0.478526,8410.66,-13.845,-0.313188,0.0
17510.0,-11.503714596736597,-0.480411,10.3311,0.0,0.0924712,-0.188519,-24.046,-0.480411,8410.63,-13.7145,-0.514421,0.0
17520.0,-11.479514596736596,-0.486969,10.3311,0.0,2.41576,-0.655819,-24.0218,-0.486969,8411.43,-13.6309,-0.455738,0.0
17530.0,-11.440814596736596,-0.498432,10.3311,0.0,3.87669,-1.14631,-23.9831,-0.498432,8414.07,-13.7083,-0.535156,0.0
17540.0,-11.416314596736596,-0.510631,10.3311,0.0,2.442,-1.21993,-23.9586,-0.510631,8418.84,-13.6177,-0.458203,0.0
17550.0,-11.300214596736597,-0.529601,10.3311,0.0,11.6187,-1.89691,-23.8425,-0.529601,8424.85,-13.4821,-0.643148,0.0
17560.0,-10.241914596736596,-0.617798,10.3311,0.0,105.824,-8.81974,-22.7842,-0.617798,8432.96,-11.4184,-0.650386,0.0
17570.0,-9.124114596736597,-0.703471,10.3311,0.0,111.777,-8.56732,-21.6664,-0.703471,8447.1,-11.0901,-1.0387,0.0
17580.0,-8.937514596736596,-0.718569,10.3311,0.0,18.6628,-1.50981,-21.4798,-0.718569,8468.65,-10.7778,-0.737483,0.0
17590.0,-8.881414596736596,-0.722032,10.3311,0.0,5.6146,-0.346273,-21.4237,-0.722032,8490.82,-11.1789,-0.951184,0.0
17600.0,-8.703414596736597,-0.733594,10.3311,0.0,17.7992,-1.15619,-21.2457,-0.733594,8505.57,-10.7173,-0.75797,0.0
17610.0,-8.544514596736596,-0.744594,10.3311,0.0,15.8893,-1.10002,-21.0868,-0.744594,8512.23,-10.7369,-0.684133,0.0
17620.0,-8.532514596736597,-0.745781,10.3311,0.0,1.19773,-0.118648,-21.0748,-0.745781,8514.73,-10.7522,-0.741135,0.0
17630.0,-8.525114596736596,-0.745985,10.3311,0.0,0.743484,-0.0204865,-21.0674,-0.745985,8516.5,-10.7276,-0.688621,0.0
17640.0,-8.523814596736596,-0.745848,10.3311,0.0,0.122401,0.0137025,-21.0662,-0.745848,8519.72,-10.7879,-0.812185,0.0
17650.0,-8.501914596736597,-0.748703,10.3311,0.0,2.19088,-0.285435,-21.0442,-0.748703,8524.84,-10.6514,-0.714986,0.0
17660.0,-8.464214596736596,-0.756082,10.3311,0.0,3.7737,-0.737902,-21.0065,-0.756082,8529.9,-10.7054,-0.919586,0.0
17670.0,-8.426214596736596,-0.766826,10.3311,0.0,3.8041,-1.07441,-20.9685,-0.766826,8533.15,-10.5802,-0.722619,0.0
17680.0,-8.355014596736597,-0.77921,10.3311,0.0,7.11814,-1.23841,-20.8973,-0.77921,8535.84,-10.5918,-0.869721,0.0
17690.0,-7.406744596736596,-0.844184,10.3311,0.0,94.825,-6.49744,-19.949,-0.844184,8542.16,-8.66422,-0.934478,0.0
17700.0,-6.172114596736597,-0.917869,10.3311,0.0,123.463,-7.36846,-18.7144,-0.917869,8558.81,-7.46134,-1.14732,0.0
17710.0,-5.437994596736598,-0.949791,10.3311,0.0,73.412,-3.19224,-17.9803,-0.949791,8587.88,-6.82655,-1.07738,0.0
17720.0,-4.912114596736597,-0.95805,10.3311,0.0,52.5876,-0.82587,-17.4544,-0.95805,8618.87,-7.22423,-0.979193,0.0
17730.0,-4.723824596736597,-0.941746,10.3311,0.0,18.8294,1.63042,-17.2661,-0.941746,8639.87,-7.11425,-0.879161,0.0
17740.0,-4.635244596736596,-0.924077,10.3311,0.0,8.85787,1.76688,-17.1775,-0.924077,8650.01,-6.86414,-0.858567,0.0
17750.0,-4.635374596736597,-0.911973,10.3311,0.0,-0.0130335,1.21041,-17.1777,-0.911973,8653.74,-6.79467,-0.87452,0.0
17760.0,-4.635354596736597,-0.908507,10.3311,0.0,0.00162997,0.346573,-17.1776,-0.908507,8654.12,-6.79383,-0.890097,0.0
17770.0,-4.634004596736597,-0.909659,10.3311,0.0,0.135236,-0.115147,-17.1763,-0.909659,8653.0,-6.91392,-0.72371,0.0
17780.0,-4.602044596736597,-0.917,10.3311,0.0,3.19599,-0.734082,-17.1443,-0.917,8651.72,-6.85585,-0.920652,0.0
17790.0,-4.597504596736597,-0.928356,10.3311,0.0,0.454301,-1.13568,-17.1398,-0.928356,8650.78,-6.9128,-0.963585,0.0
17800.0,-4.526274596736597,-0.947738,10.3311,0.0,7.12263,-1.93816,-17.0686,-0.947738,8650.26,-6.62585,-1.14263,0.0
17810.0,-4.425444596736597,-0.971513,10.3311,0.0,10.0832,-2.37748,-16.9677,-0.971513,8649.69,-6.65602,-1.05912,0.0
17820.0,-4.404834596736597,-0.991235,10.3311,0.0,2.06122,-1.97223,-16.9471,-0.991235,8648.24,-6.53533,-0.946893,0.0
17830.0,-4.398594596736597,-1.00632,10.3311,0.0,0.623495,-1.50819,-16.9409,-1.00632,8646.35,-6.5516,-1.05948,0.0
17840.0,-4.383824596736597,-1.01598,0.0,0.0,1.47712,-0.966463,6.59501,-1.01598,8645.03,-6.61736,-1.03991,0.0
17850.0,-4.378534596736596,-1.02173,0.0,0.0,0.528977,-0.575317,6.58972,-1.02173,8644.44,-6.60436,-0.995046,0.0
17860.0,-4.386664596736598,-1.02556,0.0,0.0,-0.813246,-0.382351,6.59785,-1.02556,8644.59,-6.45689,-1.13196,0.0
17870.0,-4.392454596736597,-1.02725,0.0,0.0,-0.578416,-0.168789,6.60364,-1.02725,8645.84,-6.59954,-1.10629,0.0
17880.0,-4.392644596736597,-1.02605,0.0,0.0,-0.0197298,0.119867,6.60383,-1.02605,8648.42,-6.72811,-0.938822,0.0
17890.0,-4.394114596736596,-1.02356,0.0,0.0,-0.146626,0.249246,6.6053,-1.02356,8651.94,-6.60289,-0.941771,0.0
17900.0,-4.412254596736597,-1.02266,0.0,0.0,-1.81363,0.0895168,6.62344,-1.02266,8655.35,-6.8303,-1.11737,0.0
17910.0,-4.413354596736596,-1.02763,0.0,0.0,-0.110075,-0.497226,6.62454,-1.02763,8658.16,-6.65731,-0.963063,0.0
17920.0,-4.413144596736597,-1.03558,0.0,0.0,0.0204857,-0.794836,6.62433,-1.03558,8660.79,-6.6057,-0.783329,0.0
17930.0,-4.375814596736596,-1.04803,0.0,0.0,3.73366,-1.24517,6.587,-1.04803,8663.66,-6.51799,-0.875513,0.0
17940.0,-3.842394596736597,-1.09426,0.0,0.0,53.3416,-4.62234,6.05358,-1.09426,8667.34,-5.53423,-1.1356,0.0
17950.0,-3.259254596736597,-1.14532,0.0,0.0,58.3138,-5.10597,5.47044,-1.14532,8672.39,-5.25784,-1.22536,0.0
17960.0,-3.223404596736597,-1.16243,0.0,0.0,3.58543,-1.71123,5.43459,-1.16243,8677.89,-5.35769,-1.23772,0.0
17970.0,-3.149214596736597,-1.17994,0.0,0.0,7.41887,-1.75101,5.3604,-1.17994,8682.2,-5.35429,-1.10117,0.0
17980.0,-3.127284596736597,-1.19839,0.0,0.0,2.19283,-1.84487,5.33847,-1.19839,8684.73,-5.52142,-1.23755,0.0
17990.0,-3.1263345967365965,-1.21439,0.0,0.0,0.0946259,-1.60053,5.33752,-1.21439,8685.87,-5.16419,-1.30278,0.0
18000.0,-3.101904596736597,-1.22538,0.0,0.0,2.44323,-1.09878,5.31309,-1.22538,8686.26,-5.31679,-1.18989,0.0
18010.0,-3.101034596736597,-1.2289,0.0,0.0,0.0877694,-0.351984,5.31222,-1.2289,8686.47,-5.40341,-1.05305,0.0
18020.0,-3.1013945967365966,-1.22665,0.0,0.0,-0.0364223,0.2246,5.31258,-1.22665,8686.84,-5.29938,-1.35981,0.0
18030.0,-3.112124596736597,-1.21779,0.0,0.0,-1.07298,0.886693,5.32331,-1.21779,8687.36,-5.24695,-1.09887,0.0
18040.0,-3.1051745967365973,-1.20322,0.0,0.0,0.694867,1.45712,5.31636,-1.20322,8687.72,-5.37899,-1.37315,0.0
18050.0,-3.103024596736597,-1.18111,0.0,0.0,0.215328,2.21036,5.31421,-1.18111,8687.84,-5.35554,-1.25333,0.0
18060.0,-3.0889145967365965,-1.13637,0.0,0.0,1.41046,4.47412,5.3001,-1.13637,8687.8,-5.26888,-1.18021,0.0
18070.0,-3.029034596736597,-1.0124,0.0,0.0,5.98843,12.3973,5.24022,-1.0124,8687.47,-5.286,-1.27092,0.0
18080.0,-2.3995545967365968,-0.762955,0.0,0.0,62.9476,24.9442,4.61074,-0.762955,8686.59,-2.77677,-0.330605,0.0
18090.0,-1.166464596736597,-0.418217,0.0,0.0,123.31,34.4739,3.37765,-0.418217,8685.37,-1.52198,0.765189,0.0
18100.0,-0.4285745967365968,-0.086053,0.0,0.0,73.7883,33.2163,2.63976,-0.086053,8684.41,-2.56078,0.443395,0.0
18110.0,-0.2921845967365968,0.118607,0.0,0.0,13.6392,20.466,2.50337,0.118607,8683.59,-2.4978,-0.0677647,0.0
18120.0,-0.05737459673659684,0.191006,0.0,0.0,23.4814,7.23989,2.26856,0.191006,8682.42,-2.04674,0.162265,0.0
18130.0,0.15580540326340309,0.208656,0.0,0.0,21.3179,1.76497,2.05538,0.208656,8681.93,-1.89221,0.210598,0.0
18140.0,0.22773540326340314,0.213694,0.0,0.0,7.19295,0.503779,1.98345,0.213694,8683.39,-2.04679,0.321569,0.0
18150.0,0.2851454032634031,0.212001,0.0,0.0,5.74084,-0.169221,1.92604,0.212001,8685.4,-1.88996,0.332376,0.0
18160.0,0.286285403263403,0.210701,0.0,0.0,0.113868,-0.130074,1.9249,0.210701,8686.03,-1.94593,0.242896,0.0
18170.0,0.25953540326340296,0.21085,0.0,0.0,-2.67438,0.0149766,1.95165,0.21085,8685.34,-1.87857,0.202147,0.0
18180.0,0.25490540326340305,0.209757,0.0,0.0,-0.463047,-0.109367,1.95628,0.209757,8683.86,-2.02051,0.143928,0.0
18190.0,0.17441540326340288,0.210741,0.0,0.0,-8.04917,0.0983951,2.03677,0.210741,8680.67,-2.18211,0.116181,0.0
18200.0,0.08299540326340304,0.211818,0.0,0.0,-9.14242,0.107719,2.12819,0.211818,8674.86,-2.16199,0.263209,0.0
18210.0,0.045655403263403116,0.211239,0.0,0.0,-3.73423,-0.0579015,2.16553,0.211239,8667.87,-2.21023,0.313079,0.0
18220.0,0.04404540326340323,0.209414,0.0,0.0,-0.160748,-0.182496,2.16714,0.209414,8661.42,-2.17219,0.218761,0.0
18230.0,0.04476540326340306,0.207925,0.0,0.0,0.0719989,-0.148902,2.16642,0.207925,8653.69,-2.17915,0.00134751,0.0
18240.0,0.06452540326340328,0.208308,0.0,0.0,1.97659,0.0383439,2.14666,0.208308,8639.36,-2.12406,0.192101,0.0
18250.0,0.084615403263403,0.214332,0.0,0.0,2.00868,0.602323,2.12657,0.214332,8615.12,-1.97004,0.25277,0.0
18260.0,0.08785540326340291,0.231293,0.0,0.0,0.323681,1.69617,2.12333,0.231293,8585.41,-2.12269,0.389391,0.0
18270.0,0.11809540326340295,0.264821,0.0,0.0,3.0247,3.35279,2.09309,0.264821,8558.61,-2.0235,0.196298,0.0
18280.0,0.16127540326340295,0.315019,0.0,0.0,4.31723,5.01978,2.04991,0.315019,8534.97,-2.13667,0.399355,0.0
18290.0,0.186025403263403,0.36386,0.0,0.0,2.4755,4.88413,2.02516,0.36386,8507.48,-2.03461,0.447483,0.0
18300.0,0.18903540326340318,0.392575,0.0,0.0,0.300587,2.87147,2.02215,0.392575,8473.98,-2.01509,0.413083,0.0
18310.0,0.1897854032634032,0.402592,0.0,0.0,0.0750632,1.00175,2.0214,0.402592,8439.22,-1.87258,0.520404,0.0
18320.0,0.18993540326340286,0.405573,0.0,0.0,0.0148995,0.298062,2.02125,0.405573,8409.19,-2.03022,0.40778,0.0
18330.0,0.18879540326340294,0.407507,0.0,0.0,-0.11337,0.193369,2.02239,0.407507,8382.16,-1.96958,0.277417,0.0
18340.0,0.1968554032634029,0.408635,0.0,0.0,0.805217,0.112808,2.01433,0.408635,8346.33,-2.1217,0.390338,0.0
18350.0,0.1656054032634029,0.412273,0.0,0.0,-3.1251,0.363802,2.04558,0.412273,8296.92,-2.14279,0.391215,0.0
18360.0,0.1480954032634032,0.422387,0.0,0.0,-1.75063,1.01139,2.06309,0.422387,8244.64,-1.92455,0.576443,0.0
18370.0,0.14774540326340313,0.450586,0.0,0.0,-0.034682,2.81988,2.06344,0.450586,8196.74,-2.04383,0.662007,0.0
18380.0,0.15347540326340292,0.498565,0.0,0.0,0.573042,4.79791,2.05771,0.498565,8149.75,-2.19806,0.365379,0.0
18390.0,0.16681540326340327,0.548484,0.0,0.0,1.33409,4.99196,2.04437,0.548484,8103.4,-2.0611,0.536066,0.0
18400.0,0.17262540326340314,0.583374,0.0,0.0,0.580624,3.48892,2.03856,0.583374,8060.7,-2.00404,0.640074,0.0
18410.0,0.23685540326340315,0.594867,0.0,0.0,6.42288,1.14934,1.97433,0.594867,8021.3,-1.89629,0.694574,0.0
18420.0,0.24716540326340297,0.591147,0.0,0.0,1.03095,-0.372023,1.96402,0.591147,7983.6,-1.76197,0.715365,0.0
18430.0,0.267875403263403,0.578299,0.0,0.0,2.07138,-1.2848,1.94331,0.578299,7944.85,-1.92678,0.497902,0.0
18440.0,0.2675254032634031,0.565536,0.0,0.0,-0.0347057,-1.27631,1.94366,0.565536,7902.41,-2.01664,0.601005,0.0
18450.0,0.25925540326340313,0.554058,0.0,0.0,-0.827191,-1.14775,1.95193,0.554058,7858.33,-1.9691,0.412667,0.0
18460.0,0.25814540326340296,0.54355,0.0,0.0,-0.111615,-1.05084,1.95304,0.54355,7818.82,-1.98869,0.556322,0.0
18470.0,0.25892540326340296,0.536216,0.0,0.0,0.0787287,-0.733396,1.95226,0.536216,7787.33,-1.93311,0.523872,0.0
18480.0,0.2919254032634031,0.530835,0.0,0.0,3.29941,-0.538064,1.91926,0.530835,7759.58,-1.91189,0.493831,0.0
18490.0,0.3676454032634031,0.524364,0.0,0.0,7.57177,-0.647109,1.84354,0.524364,7729.97,-1.66476,0.556479,0.0
18500.0,0.5705754032634032,0.511893,0.0,0.0,20.2931,-1.24712,1.64061,0.511893,7699.56,-0.996388,0.381652,0.0
18510.0,0.807065403263403,0.497848,0.0,0.0,23.6493,-1.4045,1.40412,0.497848,7671.64,-1.33881,0.282466,0.0
18520.0,0.9080054032634031,0.48952,0.0,0.0,10.0941,-0.832736,1.30318,0.48952,7645.01,-1.26609,0.586123,0.0
18530.0,0.925215403263403,0.48644,0.0,0.0,1.72139,-0.30803,1.28597,0.48644,7617.4,-1.30139,0.487553,0.0
18540.0,0.9431254032634031,0.488027,0.0,0.0,1.79048,0.158693,1.26806,0.488027,7590.2,-1.22599,0.471226,0.0
18550.0,0.9676654032634031,0.496937,0.0,0.0,2.45398,0.891044,1.24352,0.496937,7566.41,-1.17274,0.544836,0.0
18560.0,0.984865403263403,0.51394,0.0,0.0,1.72056,1.70029,1.22632,0.51394,7546.79,-1.33389,0.334618,0.0
18570.0,0.9930954032634032,0.531812,0.0,0.0,0.822621,1.78712,1.21809,0.531812,7527.9,-1.21458,0.451489,0.0
18580.0,1.001855403263403,0.542305,0.0,0.0,0.875893,1.04938,1.20933,0.542305,7506.22,-1.22483,0.570144,0.0
18590.0,1.0435554032634031,0.545239,0.0,0.0,4.1702,0.293323,1.16763,0.545239,7484.35,-1.12364,0.540442,0.0
18600.0,1.0800254032634031,0.5481,0.0,0.0,3.64692,0.286119,1.13116,0.5481,7466.98,-1.13144,0.547181,0.0
18610.0,1.0846354032634031,0.556812,0.0,0.0,0.460567,0.871229,1.12655,0.556812,7454.83,-1.03639,0.700008,0.0
18620.0,1.087835403263403,0.572052,0.0,0.0,0.320726,1.52398,1.12335,0.572052,7445.85,-1.13171,0.555606,0.0
18630.0,1.089695403263403,0.590782,0.0,0.0,0.185214,1.87306,1.12149,0.590782,7437.72,-1.04075,0.536718,0.0
18640.0,1.0913854032634032,0.606417,0.0,0.0,0.169554,1.56344,1.1198,0.606417,7429.9,-1.07137,0.600787,0.0
18650.0,1.103335403263403,0.615111,0.0,0.0,1.19506,0.869411,1.10785,0.615111,7423.43,-1.20114,0.619719,0.0
18660.0,1.116645403263403,0.618966,0.0,0.0,1.33029,0.385513,1.09454,0.618966,7417.73,-1.15852,0.686914,0.0
18670.0,1.118175403263403,0.620775,0.0,0.0,0.153558,0.180889,1.09301,0.620775,7410.22,-0.910796,0.620333,0.0
18680.0,1.137385403263403,0.62061,0.0,0.0,1.9213,-0.0164802,1.0738,0.62061,7400.49,-1.01265,0.654486,0.0
18690.0,1.138305403263403,0.620782,0.0,0.0,0.0918727,0.0171552,1.07288,0.620782,7391.45,-1.04398,0.548724,0.0
18700.0,1.140685403263403,0.621172,0.0,0.0,0.238201,0.0390119,1.0705,0.621172,7384.83,-1.05145,0.684731,0.0
18710.0,1.162885403263403,0.621657,0.0,0.0,2.2194,0.0485235,1.0483,0.621657,7379.23,-1.28186,0.69918,0.0
18720.0,1.164145403263403,0.624849,0.0,0.0,0.126532,0.319226,1.04704,0.624849,7372.94,-1.11642,0.621856,0.0
18730.0,1.165055403263403,0.630634,0.0,0.0,0.0904637,0.578427,1.04613,0.630634,7366.04,-0.957559,0.595882,0.0
18740.0,1.151975403263403,0.639485,0.0,0.0,-1.30769,0.885109,1.05921,0.639485,7359.93,-0.927055,0.506579,0.0
18750.0,1.142435403263403,0.649036,0.0,0.0,-0.954148,0.955098,1.06875,0.649036,7355.49,-0.929245,0.520027,0.0
18760.0,0.9133954032634031,0.665088,0.0,0.0,-22.9042,1.60525,1.29779,0.665088,7352.46,-1.93853,0.861323,0.0
18770.0,0.673855403263403,0.679335,0.0,0.0,-23.9534,1.42469,1.53733,0.679335,7350.53,-1.58043,0.688735,0.0
18780.0,0.6640054032634031,0.683073,0.0,0.0,-0.985811,0.373794,1.54718,0.683073,7349.61,-1.52501,0.72566,0.0
18790.0,0.6648654032634032,0.684818,0.0,0.0,0.0863908,0.174455,1.54632,0.684818,7349.34,-1.53885,0.695493,0.0
18800.0,0.6825954032634032,0.684432,0.0,0.0,1.77283,-0.0385966,1.52859,0.684432,7349.35,-1.35292,0.808072,0.0
18810.0,0.709315403263403,0.682367,0.0,0.0,2.6723,-0.206504,1.50187,0.682367,7349.77,-1.52506,0.670669,0.0
18820.0,0.7331654032634032,0.678515,0.0,0.0,2.38501,-0.385204,1.47802,0.678515,7351.41,-1.54301,0.707549,0.0
18830.0,0.786995403263403,0.67147,0.0,0.0,5.38272,-0.704423,1.42419,0.67147,7355.43,-1.43889,0.620685,0.0
18840.0,0.787845403263403,0.666481,0.0,0.0,0.0846795,-0.498977,1.42334,0.666481,7362.52,-1.32315,0.46863,0.0
18850.0,0.819805403263403,0.662739,0.0,0.0,3.19603,-0.374163,1.39138,0.662739,7372.71,-1.35608,0.616905,0.0
18860.0,0.821265403263403,0.663282,0.0,0.0,0.146357,0.0543484,1.38992,0.663282,7385.26,-1.43042,0.707031,0.0
18870.0,0.8198854032634031,0.666259,0.0,0.0,-0.138432,0.297643,1.3913,0.666259,7398.62,-1.39684,0.530911,0.0
18880.0,0.7817554032634031,0.673135,0.0,0.0,-3.81251,0.687595,1.42943,0.673135,7410.84,-1.58582,0.587941,0.0
18890.0,0.736535403263403,0.683773,0.0,0.0,-4.52189,1.06383,1.47465,0.683773,7420.18,-1.60514,0.703596,0.0
18900.0,0.7311554032634031,0.694314,0.0,0.0,-0.537911,1.05406,1.48003,0.694314,7427.14,-1.44444,0.728896,0.0
18910.0,0.7327154032634031,0.702837,0.0,0.0,0.155679,0.85234,1.47847,0.702837,7435.45,-1.54623,0.888659,0.0
18920.0,0.7582754032634031,0.710001,0.0,0.0,2.55582,0.716399,1.45291,0.710001,7447.08,-1.43391,0.7037,0.0
18930.0,0.7642054032634031,0.720202,0.0,0.0,0.59301,1.02015,1.44698,0.720202,7458.59,-1.45147,0.877948,0.0
18940.0,0.7610454032634031,0.731957,0.0,0.0,-0.315567,1.17541,1.45014,0.731957,7467.25,-1.32193,0.706704,0.0
18950.0,0.760935403263403,0.741562,0.0,0.0,-0.011163,0.960546,1.45025,0.741562,7476.51,-1.42415,0.602275,0.0
18960.0,0.7451954032634032,0.747914,0.0,0.0,-1.57387,0.635212,1.46599,0.747914,7490.96,-1.48383,0.763174,0.0
18970.0,0.7167854032634031,0.75141,0.0,0.0,-2.84123,0.349611,1.4944,0.75141,7509.36,-1.52147,0.753768,0.0
18980.0,0.6770954032634031,0.753601,0.0,0.0,-3.969,0.219027,1.53409,0.753601,7526.48,-1.61358,0.659356,0.0
18990.0,0.6239154032634031,0.755805,0.0,0.0,-5.31749,0.220409,1.58727,0.755805,7540.56,-1.69854,0.821841,0.0
19000.0,0.5880254032634031,0.757184,0.0,0.0,-3.58932,0.137946,1.62316,0.757184,7555.12,-1.61218,0.756403,0.0
19010.0,0.580035403263403,0.756497,0.0,0.0,-0.799197,-0.0687361,1.63115,0.756497,7572.42,-1.63656,1.07749,0.0
19020.0,0.579865403263403,0.751557,0.0,0.0,-0.0167179,-0.493967,1.63132,0.751557,7588.41,-1.68857,0.740642,0.0
19030.0,0.590405403263403,0.737641,0.0,0.0,1.05402,-1.39163,1.62078,0.737641,7599.32,-1.59268,0.594651,0.0
19040.0,0.5975154032634031,0.715915,0.0,0.0,0.710637,-2.17255,1.61367,0.715915,7608.58,-1.58907,0.787203,0.0
19050.0,0.596375403263403,0.696178,0.0,0.0,-0.114166,-1.9737,1.61481,0.696178,7620.86,-1.60054,0.673195,0.0
19060.0,0.594855403263403,0.685886,0.0,0.0,-0.151588,-1.0292,1.61633,0.685886,7635.4,-1.60572,0.599134,0.0
19070.0,0.577095403263403,0.684218,0.0,0.0,-1.77574,-0.166803,1.63409,0.684218,7650.26,-1.68829,0.416513,0.0
19080.0,0.5529854032634032,0.686733,0.0,0.0,-2.41101,0.251445,1.6582,0.686733,7666.92,-1.77862,0.684339,0.0
19090.0,0.5265754032634031,0.690643,0.0,0.0,-2.64103,0.391047,1.68461,0.690643,7686.69,-1.85065,0.932159,0.0
19100.0,0.509165403263403,0.693384,0.0,0.0,-1.74089,0.274132,1.70202,0.693384,7707.85,-1.62608,0.97921,0.0
19110.0,0.4996254032634031,0.694489,0.0,0.0,-0.953965,0.110461,1.71156,0.694489,7728.22,-1.75616,0.700764,0.0
19120.0,0.509435403263403,0.691773,0.0,0.0,0.980811,-0.271615,1.70175,0.691773,7747.87,-1.59117,0.92271,0.0
19130.0,0.5361054032634032,0.674183,0.0,0.0,2.66717,-1.75899,1.67508,0.674183,7767.44,-1.78486,0.376468,0.0
19140.0,0.5949654032634031,0.617103,0.0,0.0,5.88591,-5.70805,1.61622,0.617103,7785.97,-1.29127,0.780849,0.0
19150.0,0.661955403263403,0.513549,0.0,0.0,6.69874,-10.3554,1.54923,0.513549,7803.31,-1.47916,0.0567682,0.0
19160.0,0.6568354032634032,0.40465,0.0,0.0,-0.512086,-10.8899,1.55435,0.40465,7820.54,-1.51142,0.275045,0.0
19170.0,0.649855403263403,0.329008,0.0,0.0,-0.697509,-7.56421,1.56133,0.329008,7837.57,-1.57381,0.315569,0.0
19180.0,0.617995403263403,0.288914,0.0,0.0,-3.18635,-4.00936,1.59319,0.288914,7854.66,-1.641,0.353342,0.0
19190.0,0.590715403263403,0.268337,0.0,0.0,-2.72836,-2.05769,1.62047,0.268337,7871.43,-1.71988,0.254848,0.0
19200.0,0.5800954032634031,0.257962,0.0,0.0,-1.06177,-1.03748,1.63109,0.257962,7885.2,-1.61582,0.223491,0.0
19210.0,0.561635403263403,0.252306,0.0,0.0,-1.84619,-0.565591,1.64955,0.252306,7894.88,-1.60509,0.237365,0.0
19220.0,0.5303954032634031,0.246135,0.0,0.0,-3.12404,-0.61708,1.68079,0.246135,7903.19,-1.75532,0.224718,0.0
19230.0,0.4988154032634031,0.237827,0.0,0.0,-3.15724,-0.830842,1.71237,0.237827,7914.3,-1.69277,0.266083,0.0
19240.0,0.46894540326340306,0.229861,0.0,0.0,-2.98699,-0.796576,1.74224,0.229861,7931.64,-1.76518,0.234493,0.0
19250.0,0.45087540326340303,0.222245,0.0,0.0,-1.80764,-0.761671,1.76031,0.222245,7956.24,-1.68974,0.0928816,0.0
19260.0,0.44316540326340315,0.210113,0.0,0.0,-0.771317,-1.2132,1.76802,0.210113,7985.03,-1.76607,0.22269,0.0
19270.0,0.413045403263403,0.19232,0.0,0.0,-3.01202,-1.77928,1.79814,0.19232,8010.83,-1.9075,0.154039,0.0
19280.0,0.39210540326340304,0.172075,0.0,0.0,-2.09374,-2.02452,1.81908,0.172075,8028.65,-1.89608,0.103798,0.0
19290.0,0.355625403263403,0.155623,0.0,0.0,-3.64773,-1.64512,1.85556,0.155623,8040.73,-1.89622,0.236902,0.0
19300.0,0.3309354032634031,0.144199,0.0,0.0,-2.46879,-1.14244,1.88025,0.144199,8051.46,-1.8094,0.130293,0.0
19310.0,0.3235454032634031,0.13741,0.0,0.0,-0.739629,-0.678893,1.88764,0.13741,8062.43,-1.86351,0.0901412,0.0
19320.0,0.3183054032634032,0.135584,0.0,0.0,-0.523179,-0.182621,1.89288,0.135584,8075.02,-1.91925,0.199877,0.0
19330.0,0.3132554032634032,0.140619,-5.20788,0.0,-0.505479,0.503551,-3.30995,0.140619,8092.07,-1.90722,0.0717474,0.0
19340.0,0.2937854032634031,0.158383,-5.20788,0.0,-1.94647,1.77633,-3.29049,0.158383,8113.09,-2.06541,0.0783061,0.0
19350.0,0.28735540326340314,0.194627,-5.20788,0.0,-0.643291,3.62439,-3.28405,0.194627,8131.38,-1.92993,0.112585,0.0
19360.0,0.25868540326340317,0.250335,-5.20788,0.0,-2.86715,5.57088,-3.25538,0.250335,8141.92,-2.15297,0.396577,0.0
19370.0,0.23820540326340311,0.308768,-5.20788,0.0,-2.04821,5.84331,-3.2349,0.308768,8147.06,-1.73996,0.628803,0.0
19380.0,0.24021540326340296,0.349326,-5.20788,0.0,0.200968,4.05574,-3.23691,0.349326,8152.39,-2.05964,0.377392,0.0
19390.0,0.24140540326340298,0.367504,-5.20788,0.0,0.119634,1.81779,-3.23811,0.367504,8162.88,-1.96172,0.412857,0.0
19400.0,0.23646540326340304,0.372424,-5.20788,0.0,-0.494909,0.492054,-3.23316,0.372424,8180.18,-1.95115,0.467762,0.0
19410.0,0.20236540326340302,0.373583,-5.20788,0.0,-3.40918,0.115842,-3.19907,0.373583,8200.66,-1.95475,0.321713,0.0
19420.0,0.20795540326340323,0.370619,-5.20788,0.0,0.558754,-0.296384,-3.20465,0.370619,8219.45,-2.08728,0.266014,0.0
19430.0,0.1860554032634032,0.367577,-5.20788,0.0,-2.18993,-0.304184,-3.18275,0.367577,8234.24,-2.11556,0.355521,0.0
19440.0,0.16413540326340303,0.365537,-5.20788,0.0,-2.19258,-0.204036,-3.16083,0.365537,8244.91,-2.04182,0.375666,0.0
19450.0,0.14598540326340315,0.364425,-5.20788,0.0,-1.81412,-0.11114,-3.14269,0.364425,8253.23,-2.00232,0.442197,0.0
19460.0,0.1447754032634032,0.361752,-5.20788,0.0,-0.121084,-0.267361,-3.14148,0.361752,8262.4,-2.07234,0.21361,0.0
19470.0,0.16325540326340304,0.356967,-5.20788,0.0,1.84784,-0.478422,-3.15995,0.356967,8274.42,-2.18146,0.261063,0.0
19480.0,0.18030540326340327,0.352194,-5.20788,0.0,1.7046,-0.477357,-3.177,0.352194,8287.24,-2.10082,0.398853,0.0
19490.0,0.1985954032634032,0.348038,-5.20788,0.0,1.82949,-0.415573,-3.19529,0.348038,8297.86,-1.76042,0.474301,0.0
19500.0,0.22162540326340308,0.344848,-5.20788,0.0,2.30303,-0.31901,-3.21833,0.344848,8306.69,-1.93174,0.43188,0.0
19510.0,0.222595403263403,0.344583,-5.20788,0.0,0.0969974,-0.0264856,-3.2193,0.344583,8316.33,-2.00664,0.353967,0.0
19520.0,0.22146540326340314,0.346752,-5.20788,0.0,-0.113381,0.216858,-3.21816,0.346752,8328.39,-2.06881,0.617505,0.0
19530.0,0.19204540326340291,0.3479,-5.20788,0.0,-2.94193,0.114815,-3.18874,0.3479,8342.09,-2.00738,0.264179,0.0
19540.0,0.18879540326340294,0.339942,-5.20788,0.0,-0.324882,-0.795811,-3.18549,0.339942,8356.1,-2.0817,0.143515,0.0
19550.0,0.15625540326340293,0.32825,-5.20788,0.0,-3.25438,-1.16917,-3.15295,0.32825,8369.59,-2.08084,0.284493,0.0
19560.0,0.13391540326340312,0.318771,-5.20788,0.0,-2.23399,-0.947938,-3.13061,0.318771,8380.8,-1.9092,0.303057,0.0
19570.0,0.08038540326340327,0.315855,-5.20788,0.0,-5.3525,-0.291528,-3.07708,0.315855,8388.96,-2.16923,0.493095,0.0
19580.0,0.02017540326340317,0.316616,-5.20788,0.0,-6.02173,0.0760712,-3.01687,0.316616,8395.75,-2.20284,0.319678,0.0
19590.0,-0.0010645967365969788,0.316613,-5.20788,0.0,-2.12308,-0.000322148,-2.99564,0.316613,8402.44,-2.22449,0.319104,0.0
19600.0,-0.011954596736596823,0.314478,-5.20788,0.0,-1.08926,-0.213445,-2.98474,0.314478,8409.17,-2.2151,0.377445,0.0
19610.0,-0.01298459673659691,0.306451,-5.20788,0.0,-0.103301,-0.802787,-2.98371,0.306451,8415.64,-2.26071,0.109633,0.0
19620.0,-0.013504596736596763,0.290756,-5.20788,0.0,-0.0521115,-1.56946,-2.98319,0.290756,8421.62,-2.33213,0.230904,0.0
19630.0,-0.0007645967365967898,0.270951,-5.20788,0.0,1.27431,-1.98049,-2.99593,0.270951,8427.25,-2.14569,0.241321,0.0
19640.0,-0.010834596736597035,0.254946,-5.20788,0.0,-1.00712,-1.60054,-2.98586,0.254946,8431.7,-2.06775,0.225747,0.0
19650.0,0.013645403263403022,0.240983,-5.20788,0.0,2.44796,-1.39625,-3.01034,0.240983,8434.11,-2.11776,0.535445,0.0
19660.0,0.010465403263403061,0.223606,-5.20788,0.0,-0.318037,-1.73771,-3.00716,0.223606,8434.79,-2.34573,0.276844,0.0
19670.0,-0.10855459673659684,0.188428,-5.20788,0.0,-11.9018,-3.5178,-2.88814,0.188428,8433.67,-2.19025,0.297441,0.0
19680.0,-1.2956945967365971,0.161522,-5.20788,0.0,-118.714,-2.69063,-1.70101,0.161522,8427.22,-4.53954,0.122173,0.0
19690.0,-3.875334596736597,0.171372,-5.20788,0.0,-257.965,0.985025,0.87864,0.171372,8407.08,-10.422,0.372656,0.0
19700.0,-7.602164596736596,0.23938,-5.20788,0.0,-372.683,6.80079,4.60547,0.23938,8364.64,-13.6184,0.314936,0.0
19710.0,-11.413314596736596,0.337352,-5.20788,0.0,-381.116,9.79722,8.41663,0.337352,8303.37,-15.3544,0.0530375,0.0
19720.0,-13.211914596736596,0.324681,-5.20788,0.0,-179.859,-1.26717,10.2152,0.324681,8243.75,-16.4552,0.307947,0.0
19730.0,-13.590014596736596,0.240527,-5.20788,0.0,-37.8066,-8.41534,10.5933,0.240527,8205.57,-15.6161,0.34987,0.0
19740.0,-13.792814596736598,0.185514,-5.20788,0.0,-20.2812,-5.5013,10.7961,0.185514,8189.92,-16.1497,0.247073,0.0
19750.0,-13.819014596736597,0.149466,-5.20788,0.0,-2.61765,-3.60481,10.8223,0.149466,8186.01,-16.0367,-0.0814766,0.0
19760.0,-13.820514596736597,0.13473,-5.20788,0.0,-0.155499,-1.47362,10.8238,0.13473,8185.67,-15.9624,0.0811142,0.0
19770.0,-13.827814596736598,0.133412,-5.20788,0.0,-0.729485,-0.131804,10.8311,0.133412,8186.48,-16.0329,0.148538,0.0
19780.0,-13.828114596736597,0.13516,-5.20788,0.0,-0.025921,0.174815,10.8314,0.13516,8188.27,-16.049,0.081774,0.0
19790.0,-13.828014596736597,0.136768,-5.20788,0.0,0.0054532,0.16078,10.8313,0.136768,8191.29,-16.0529,0.143486,0.0
19800.0,-13.827314596736596,0.139232,-5.20788,0.0,0.0671686,0.246412,10.8307,0.139232,8195.9,-16.125,-0.0174126,0.0
19810.0,-13.811914596736596,0.142292,-5.20788,0.0,1.54257,0.305955,10.8152,0.142292,8201.94,-15.8501,0.129051,0.0
19820.0,-13.766714596736596,0.143587,-5.20788,0.0,4.51668,0.129552,10.7701,0.143587,8208.67,-15.9506,0.153573,0.0
19830.0,-13.754414596736597,0.146653,-5.20788,0.0,1.23693,0.306636,10.7577,0.146653,8215.05,-15.8449,0.188087,0.0
19840.0,-13.753914596736596,0.148735,-5.20788,0.0,0.0525103,0.208189,10.7572,0.148735,8220.13,-15.9268,0.151538,0.0
19850.0,-13.756214596736596,0.149634,-5.20788,0.0,-0.232806,0.0898685,10.7595,0.149634,8224.08,-16.0292,0.223171,0.0
19860.0,-13.812814596736597,0.154916,-5.20788,0.0,-5.65819,0.528171,10.8161,0.154916,8228.54,-16.1863,0.226533,0.0
19870.0,-13.887214596736598,0.162103,-5.20788,0.0,-7.43959,0.718694,10.8905,0.162103,8234.6,-16.1049,0.102044,0.0
19880.0,-13.932514596736596,0.166341,-5.20788,0.0,-4.53339,0.423862,10.9358,0.166341,8240.89,-16.1623,0.135507,0.0
19890.0,-13.941814596736595,0.164886,-5.20788,0.0,-0.932103,-0.145498,10.9451,0.164886,8245.61,-16.1584,0.166107,0.0
19900.0,-13.942314596736598,0.159642,-5.20788,0.0,-0.0502612,-0.524412,10.9456,0.159642,8248.75,-16.1944,0.0919054,0.0
19910.0,-13.941514596736596,0.15402,-5.20788,0.0,0.0785528,-0.562187,10.9448,0.15402,8250.98,-16.1399,0.104584,0.0
19920.0,-13.918714596736596,0.148607,-5.20788,0.0,2.28446,-0.541312,10.922,0.148607,8252.83,-16.0309,0.185589,0.0
19930.0,-13.898314596736597,0.145191,-5.20788,0.0,2.03961,-0.341588,10.9016,0.145191,8255.0,-16.0776,0.311525,0.0
19940.0,-13.889814596736596,0.143426,-5.20788,0.0,0.850958,-0.176516,10.8931,0.143426,8257.77,-16.1053,0.195373,0.0
19950.0,-13.877314596736596,0.141354,-5.20788,0.0,1.24969,-0.207247,10.8806,0.141354,8260.5,-16.1154,0.136778,0.0
19960.0,-13.845614596736596,0.13741,-5.20788,0.0,3.16317,-0.394368,10.849,0.13741,8262.82,-15.9883,0.127795,0.0
19970.0,-13.799314596736597,0.131863,-5.20788,0.0,4.63273,-0.55472,10.8026,0.131863,8265.54,-16.0747,0.144393,0.0
19980.0,-13.765114596736597,0.127435,-5.20788,0.0,3.42702,-0.442769,10.7684,0.127435,8269.66,-15.9462,-0.0144461,0.0
19990.0,-13.723514596736596,0.12307,-5.20788,0.0,4.15392,-0.436526,10.7268,0.12307,8274.76,-15.9057,0.069985,0.0
20000.0,-13.689114596736596,0.11997,-5.20788,0.0,3.43753,-0.309976,10.6925,0.11997,8279.19,-15.8925,0.157804,0.0
20010.0,-13.687714596736596,0.119771,-5.20788,0.0,0.143356,-0.0198627,10.691,0.119771,8281.78,-15.8127,0.0978288,0.0
20020.0,-13.688514596736596,0.118831,-5.20788,0.0,-0.0801391,-0.0940124,10.6918,0.118831,8282.75,-15.8523,0.20807,0.0
20030.0,-13.707214596736597,0.118001,-5.20788,0.0,-1.87198,-0.0830367,10.7105,0.118001,8282.95,-16.0638,0.133302,0.0
20040.0,-13.735014596736596,0.116775,-5.20788,0.0,-2.78042,-0.122567,10.7383,0.116775,8282.83,-16.027,0.168334,0.0
20050.0,-13.737214596736596,0.109174,-5.20788,0.0,-0.219802,-0.760079,10.7405,0.109174,8282.36,-15.9803,0.0898958,0.0
20060.0,-13.755614596736596,0.0908996,-5.20788,0.0,-1.83776,-1.82749,10.7589,0.0908996,8281.24,-15.9503,0.18643,0.0
20070.0,-13.771914596736597,0.058851,-5.20788,0.0,-1.62606,-3.20486,10.7752,0.058851,8278.89,-15.8913,-0.0775419,0.0
20080.0,-13.773314596736597,0.0255521,-5.20788,0.0,-0.147496,-3.32988,10.7767,0.0255521,8275.22,-16.1029,0.0405336,0.0
20090.0,-13.767514596736596,0.004243,-5.20788,0.0,0.58787,-2.13091,10.7708,0.004243,8271.55,-16.0206,-0.0360612,0.0
20100.0,-13.767514596736596,-0.00525881,-5.20788,0.0,-0.00324636,-0.950181,10.7708,-0.00525881,8269.07,-16.0456,-0.0454939,0.0
20110.0,-13.766114596736596,-0.00924806,-5.20788,0.0,0.139268,-0.398925,10.7694,-0.00924806,8267.22,-15.9209,-0.0668083,0.0
20120.0,-13.730214596736596,-0.0136077,-5.20788,0.0,3.59058,-0.435966,10.7335,-0.0136077,8265.1,-15.9059,0.00383291,0.0
20130.0,-13.699914596736596,-0.0167316,-5.20788,0.0,3.027,-0.312383,10.7032,-0.0167316,8263.07,-15.7665,-0.0109307,0.0
20140.0,-13.698214596736596,-0.017952,-5.20788,0.0,0.168014,-0.122045,10.7016,-0.017952,8261.91,-15.9162,-0.288444,0.0
20150.0,-13.688014596736597,-0.0211406,-5.20788,0.0,1.02235,-0.318862,10.6913,-0.0211406,8261.62,-15.7869,-0.0125836,0.0
20160.0,-13.688214596736596,-0.0261878,-5.20788,0.0,-0.0213333,-0.504718,10.6916,-0.0261878,8262.03,-15.9578,-0.0105557,0.0
20170.0,-13.700614596736596,-0.0367574,-5.20788,0.0,-1.23799,-1.05696,10.7039,-0.0367574,8263.57,-15.9046,-0.0155959,0.0
20180.0,-13.719014596736596,-0.0557517,-5.20788,0.0,-1.83775,-1.89943,10.7223,-0.0557517,8266.45,-15.8797,-0.118088,0.0
20190.0,-13.721014596736596,-0.0798946,-5.20788,0.0,-0.1973,-2.41429,10.7243,-0.0798946,8269.73,-16.0112,-0.154547,0.0
20200.0,-13.720214596736596,-0.10283,-5.20788,0.0,0.0781787,-2.29352,10.7235,-0.10283,8272.52,-15.9798,-0.0260496,0.0
20210.0,-13.719814596736596,-0.124358,-5.20788,0.0,0.036045,-2.15283,10.7231,-0.124358,8275.03,-15.8778,-0.325434,0.0
20220.0,-13.695914596736596,-0.144232,-5.20788,0.0,2.39331,-1.98739,10.6992,-0.144232,8277.62,-15.8831,-0.157824,0.0
20230.0,-13.664314596736597,-0.159923,-5.20788,0.0,3.15485,-1.56908,10.6677,-0.159923,8279.95,-15.8045,-0.14765,0.0
20240.0,-13.655614596736596,-0.173762,-5.20788,0.0,0.879112,-1.38388,10.6589,-0.173762,8281.7,-15.8534,-0.237954,0.0
20250.0,-13.655314596736597,-0.191035,-5.20788,0.0,0.0201184,-1.72734,10.6587,-0.191035,8282.96,-15.8809,-0.152708,0.0
20260.0,-13.646014596736597,-0.210454,-5.20788,0.0,0.9393,-1.94193,10.6493,-0.210454,8283.82,-15.8973,-0.349757,0.0
20270.0,-13.644414596736597,-0.227086,-5.20788,0.0,0.157305,-1.66317,10.6477,-0.227086,8284.39,-15.8181,-0.487825,0.0
20280.0,-13.604414596736596,-0.245803,-5.20788,0.0,3.99544,-1.87165,10.6077,-0.245803,8285.06,-15.7574,-0.18011,0.0
20290.0,-13.558114596736596,-0.262848,-5.20788,0.0,4.63419,-1.7045,10.5614,-0.262848,8286.15,-15.682,-0.419605,0.0
20300.0,-13.535514596736597,-0.272673,-5.20788,0.0,2.2572,-0.98259,10.5388,-0.272673,8287.62,-15.7439,-0.319534,0.0
20310.0,-13.510814596736596,-0.277921,-5.20788,0.0,2.47108,-0.524745,10.5141,-0.277921,8289.2,-15.6874,-0.31807,0.0
20320.0,-13.487514596736597,-0.281148,-5.20788,0.0,2.32867,-0.322696,10.4908,-0.281148,8290.53,-15.6823,-0.229377,0.0
20330.0,-13.486614596736597,-0.282754,-5.20788,0.0,0.0928455,-0.160599,10.4899,-0.282754,8291.6,-15.7014,-0.276906,0.0
20340.0,-13.487414596736597,-0.284428,-5.20788,0.0,-0.0848676,-0.167451,10.4908,-0.284428,8293.07,-15.6653,-0.252989,0.0
20350.0,-13.506214596736596,-0.283322,-5.20788,0.0,-1.87754,0.110644,10.5095,-0.283322,8295.49,-15.7626,-0.224978,0.0
20360.0,-13.525914596736596,-0.280271,-5.20788,0.0,-1.97026,0.305042,10.5292,-0.280271,8298.8,-15.7927,-0.289372,0.0
20370.0,-13.539614596736596,-0.276869,-5.20788,0.0,-1.36981,0.340264,10.5429,-0.276869,8303.05,-15.7186,-0.269185,0.0
20380.0,-13.549814596736596,-0.274523,-5.20788,0.0,-1.02343,0.234624,10.5532,-0.274523,8308.92,-15.7635,-0.372254,0.0
20390.0,-13.557214596736596,-0.273895,-5.20788,0.0,-0.735422,0.0627878,10.5605,-0.273895,8316.31,-15.7766,-0.387978,0.0
20400.0,-13.586014596736597,-0.272653,-5.20788,0.0,-2.87913,0.124125,10.5893,-0.272653,8323.29,-15.8765,-0.287511,0.0
20410.0,-13.626714596736596,-0.269635,-5.20788,0.0,-4.07512,0.301879,10.6301,-0.269635,8328.46,-15.8172,-0.175017,0.0
20420.0,-13.628314596736596,-0.264944,-5.20788,0.0,-0.158316,0.46908,10.6316,-0.264944,8332.44,-16.0243,-0.10859,0.0
20430.0,-13.626214596736597,-0.253252,-5.20788,0.0,0.208754,1.1692,10.6296,-0.253252,8336.52,-15.9003,-0.354313,0.0
20440.0,-13.585214596736597,-0.241282,-5.20788,0.0,4.10533,1.19694,10.5885,-0.241282,8342.05,-15.6167,-0.116295,0.0
20450.0,-13.532514596736597,-0.234205,-5.20788,0.0,5.26536,0.707728,10.5359,-0.234205,8349.76,-15.84,-0.331081,0.0
20460.0,-13.504514596736596,-0.233711,-5.20788,0.0,2.80297,0.0493755,10.5078,-0.233711,8358.61,-15.7106,-0.213484,0.0
20470.0,-13.503614596736597,-0.236063,-5.20788,0.0,0.091503,-0.235155,10.5069,-0.236063,8367.16,-15.7124,-0.313059,0.0
20480.0,-13.506714596736597,-0.235145,-5.20788,0.0,-0.313964,0.0918349,10.51,-0.235145,8375.68,-15.7812,-0.284574,0.0
20490.0,-13.506714596736597,-0.228931,-5.20788,0.0,0.000511114,0.621335,10.51,-0.228931,8385.18,-15.7214,-0.147965,0.0
20500.0,-13.508614596736596,-0.219359,-5.20788,0.0,-0.190327,0.957232,10.5119,-0.219359,8395.33,-15.7155,-0.156174,0.0
20510.0,-13.524214596736597,-0.20833,-5.20788,0.0,-1.55732,1.1029,10.5275,-0.20833,8404.2,-15.8325,-0.255154,0.0
20520.0,-13.552714596736596,-0.199475,-5.20788,0.0,-2.85229,0.885449,10.556,-0.199475,8410.35,-15.8834,-0.335063,0.0
20530.0,-13.602414596736596,-0.193299,-5.20788,0.0,-4.97191,0.617672,10.6058,-0.193299,8414.48,-15.75,-0.225564,0.0
20540.0,-13.642114596736597,-0.191126,-5.20788,0.0,-3.96121,0.21724,10.6454,-0.191126,8418.8,-15.8209,-0.0946387,0.0
20550.0,-13.655714596736596,-0.192478,-5.20788,0.0,-1.36505,-0.13518,10.659,-0.192478,8426.17,-15.8872,-0.101046,0.0
20560.0,-13.645014596736596,-0.19529,-5.20788,0.0,1.07138,-0.281156,10.6483,-0.19529,8437.37,-15.9121,-0.0699737,0.0
20570.0,-13.644914596736596,-0.196205,-5.20788,0.0,0.00832852,-0.091581,10.6482,-0.196205,8448.84,-15.9058,-0.289343,0.0
20580.0,-13.654514596736597,-0.196559,-5.20788,0.0,-0.961391,-0.0353092,10.6578,-0.196559,8456.92,-15.7712,-0.323469,0.0
20590.0,-13.673514596736597,-0.198031,-5.20788,0.0,-1.89646,-0.147269,10.6768,-0.198031,8462.09,-15.8048,-0.180891,0.0
20600.0,-13.655314596736597,-0.205099,-5.20788,0.0,1.81879,-0.706756,10.6586,-0.205099,8466.46,-15.9413,-0.215974,0.0
20610.0,-13.645914596736597,-0.211816,-5.20788,0.0,0.935231,-0.671701,10.6493,-0.211816,8470.36,-15.9789,-0.204071,0.0
20620.0,-13.644614596736597,-0.21622,-5.20788,0.0,0.129812,-0.440426,10.648,-0.21622,8473.19,-15.8592,-0.218185,0.0
20630.0,-13.618214596736596,-0.222027,-5.20788,0.0,2.64832,-0.580657,10.6215,-0.222027,8475.19,-15.7992,-0.133156,0.0
20640.0,-13.561214596736596,-0.232641,-5.20788,0.0,5.69746,-1.06141,10.5645,-0.232641,8477.43,-15.6502,-0.26246,0.0
20650.0,-13.558814596736596,-0.244287,-5.20788,0.0,0.235268,-1.16464,10.5622,-0.244287,8480.74,-15.6702,-0.184125,0.0
20660.0,-13.553114596736597,-0.262263,-5.20788,0.0,0.572198,-1.79754,10.5564,-0.262263,8484.9,-15.7832,-0.307518,0.0
20670.0,-13.556514596736596,-0.279636,-5.20788,0.0,-0.3343,-1.73737,10.5598,-0.279636,8488.85,-15.8946,-0.282115,0.0
20680.0,-13.625514596736597,-0.285095,-5.20788,0.0,-6.9026,-0.545923,10.6288,-0.285095,8491.64,-15.7935,-0.369704,0.0
20690.0,-13.628814596736596,-0.2893,-5.20788,0.0,-0.328877,-0.420463,10.6321,-0.2893,8493.27,-15.8826,-0.274474,0.0
20700.0,-13.629614596736596,-0.28997,-5.20788,0.0,-0.0832136,-0.0669892,10.6329,-0.28997,8494.08,-15.9102,-0.312074,0.0
20710.0,-13.584014596736596,-0.29302,-5.20788,0.0,4.56041,-0.304989,10.5873,-0.29302,8493.86,-15.7588,-0.31778,0.0
20720.0,-13.565914596736597,-0.293276,-5.20788,0.0,1.81019,-0.0256497,10.5692,-0.293276,8492.5,-15.796,-0.266936,0.0
20730.0,-13.541814596736597,-0.294573,-5.20788,0.0,2.41051,-0.129623,10.5451,-0.294573,8490.72,-15.7323,-0.336407,0.0
20740.0,-13.541014596736597,-0.294397,-5.20788,0.0,0.0755546,0.0175225,10.5444,-0.294397,8489.43,-15.7415,-0.167474,0.0
20750.0,-13.547414596736596,-0.293278,-5.20788,0.0,-0.63931,0.111928,10.5508,-0.293278,8488.86,-15.7958,-0.224559,0.0
20760.0,-13.548714596736597,-0.291186,-5.20788,0.0,-0.125926,0.209238,10.552,-0.291186,8488.73,-15.631,-0.283354,0.0
20770.0,-13.572314596736597,-0.284953,-5.20788,0.0,-2.36436,0.623247,10.5757,-0.284953,8488.76,-15.9117,-0.29894,0.0
20780.0,-13.573114596736596,-0.277508,-5.20788,0.0,-0.079346,0.744572,10.5764,-0.277508,8489.06,-15.7977,-0.2928,0.0
20790.0,-13.567914596736596,-0.262995,-5.20788,0.0,0.520059,1.45127,10.5712,-0.262995,8490.58,-15.8183,-0.290081,0.0
20800.0,-13.408414596736597,-0.246446,-5.20788,0.0,15.9531,1.65487,10.4117,-0.246446,8496.87,-15.2851,-0.474158,0.0
20810.0,-12.104014596736597,-0.304761,-5.20788,0.0,130.441,-5.83153,9.10731,-0.304761,8514.5,-11.0613,-0.441056,0.0
20820.0,-9.375814596736596,-0.450209,0.0,0.0,272.82,-14.5448,-11.587,-0.450209,8547.4,-8.73644,-0.69176,0.0
20830.0,-7.635744596736597,-0.516782,0.0,0.0,174.005,-6.65728,-9.84693,-0.516782,8588.36,-9.84919,-0.406702,0.0
20840.0,-7.405544596736597,-0.497229,0.0,0.0,23.0208,1.95528,-9.61673,-0.497229,8622.47,-9.69384,-0.241089,0.0
20850.0,-7.210914596736597,-0.488425,0.0,0.0,19.4622,0.880455,-9.4221,-0.488425,8641.84,-9.35077,-0.490533,0.0
20860.0,-7.195714596736597,-0.47693,0.0,0.0,1.52067,1.14947,-9.4069,-0.47693,8649.84,-9.2454,-0.465018,0.0
20870.0,-7.049154596736596,-0.476431,0.0,0.0,14.6558,0.0498845,-9.26034,-0.476431,8652.54,-9.11855,-0.432998,0.0
20880.0,-6.993664596736597,-0.469079,0.0,0.0,5.54883,0.735211,-9.20485,-0.469079,8653.43,-9.14424,-0.479033,0.0
20890.0,-6.957834596736596,-0.457545,0.0,0.0,3.58312,1.15344,-9.16902,-0.457545,8654.11,-9.20999,-0.400635,0.0
20900.0,-6.933824596736596,-0.445117,0.0,0.0,2.40054,1.24282,-9.14501,-0.445117,8655.77,-9.14501,-0.541628,0.0
20910.0,-6.9287345967365965,-0.437633,0.0,0.0,0.508889,0.748352,-9.13992,-0.437633,8659.34,-9.0624,-0.350871,0.0
20920.0,-6.891924596736596,-0.441054,0.0,0.0,3.68195,-0.342146,-9.10311,-0.441054,8664.45,-9.13569,-0.257331,0.0
20930.0,-6.834134596736597,-0.455457,0.0,0.0,5.77864,-1.44027,-9.04532,-0.455457,8669.8,-8.97442,-0.35284,0.0
20940.0,-6.831844596736596,-0.478147,0.0,0.0,0.229206,-2.269,-9.04303,-0.478147,8674.45,-9.01369,-0.349472,0.0
20950.0,-6.810274596736596,-0.508998,0.0,0.0,2.15703,-3.08509,-9.02146,-0.508998,8677.97,-9.01849,-0.50958,0.0
20960.0,-6.810804596736597,-0.535578,0.0,0.0,-0.0538352,-2.65801,-9.02199,-0.535578,8680.11,-9.11237,-0.585379,0.0
20970.0,-6.814364596736597,-0.554588,0.0,0.0,-0.35523,-1.90094,-9.02555,-0.554588,8681.08,-9.01494,-0.588936,0.0
20980.0,-6.814844596736597,-0.565023,0.0,0.0,-0.0480039,-1.04352,-9.02603,-0.565023,8681.56,-9.10044,-0.728684,0.0
20990.0,-6.809264596736597,-0.567294,0.0,0.0,0.558183,-0.227156,-9.02045,-0.567294,8682.56,-9.03723,-0.717065,0.0
21000.0,-6.777274596736596,-0.554743,0.0,0.0,3.19828,1.25516,-8.98846,-0.554743,8685.84,-8.99129,-0.94357,0.0
21010.0,-6.620784596736597,-0.497747,0.0,0.0,15.6492,5.69958,-8.83197,-0.497747,8693.11,-8.63589,-0.708011,0.0
21020.0,-5.2781845967365975,-0.407245,0.0,0.0,134.26,9.05019,-7.48937,-0.407245,8704.05,-3.89656,-0.619991,0.0
21030.0,-2.810044596736597,-0.281084,0.0,0.0,246.814,12.6161,-5.02123,-0.281084,8716.44,-1.99402,-0.00638349,0.0
21040.0,-1.3975145967365967,-0.11486,0.0,0.0,141.252,16.6223,-3.6087,-0.11486,8728.2,-3.44153,0.163559,0.0
21050.0,-1.1022445967365968,-0.00194681,0.0,0.0,29.5274,11.2914,-3.31343,-0.00194681,8738.46,-3.1807,0.0141597,0.0
21060.0,-0.7691445967365969,0.024167,0.0,0.0,33.3099,2.61138,-2.98033,0.024167,8747.69,-2.77662,-0.0439304,0.0
21070.0,-0.541604596736597,0.0222886,0.0,0.0,22.7541,-0.187839,-2.75279,0.0222886,8756.28,-2.72045,-0.0212981,0.0
21080.0,-0.5068745967365968,0.0207538,0.0,0.0,3.47327,-0.153485,-2.71806,0.0207538,8762.98,-2.69576,0.0912694,0.0
21090.0,-0.505874596736597,0.0189976,0.0,0.0,0.0992925,-0.175611,-2.71706,0.0189976,8766.9,-2.70909,0.109566,0.0
21100.0,-0.5066845967365969,0.0177405,0.0,0.0,-0.0804032,-0.125711,-2.71787,0.0177405,8768.89,-2.64821,0.0454195,0.0
21110.0,-0.5227245967365968,0.0179099,0.0,0.0,-1.60405,0.0169377,-2.73391,0.0179099,8769.93,-2.7928,-0.0206131,0.0
21120.0,-0.520384596736597,0.0169289,0.0,0.0,0.234115,-0.0980998,-2.73157,0.0169289,8770.37,-2.8019,-0.0639638,0.0
21130.0,-0.5356245967365969,0.0135631,0.0,0.0,-1.52433,-0.336577,-2.74681,0.0135631,8770.5,-2.7583,-0.062913,0.0
21140.0,-0.5360345967365969,0.00195371,0.0,0.0,-0.0408707,-1.16094,-2.74722,0.00195371,8770.51,-2.59019,0.0424293,0.0
21150.0,-0.5125745967365969,-0.0201885,0.0,0.0,2.34543,-2.21422,-2.72376,-0.0201885,8770.44,-2.75114,-0.115799,0.0
21160.0,-0.512324596736597,-0.0463665,0.0,0.0,0.0253228,-2.6178,-2.72351,-0.0463665,8770.01,-2.71179,0.0284889,0.0
21170.0,-0.4904745967365969,-0.0746136,0.0,0.0,2.18553,-2.82471,-2.70166,-0.0746136,8768.54,-2.68346,0.0272632,0.0
21180.0,-0.4936245967365971,-0.103119,0.0,0.0,-0.314892,-2.8505,-2.70481,-0.103119,8765.48,-2.77969,-0.149427,0.0
21190.0,-0.4912045967365968,-0.129202,0.0,0.0,0.241843,-2.60836,-2.70239,-0.129202,8761.07,-2.58456,-0.181948,0.0
21200.0,-0.48699459673659673,-0.147343,0.0,0.0,0.420788,-1.8141,-2.69818,-0.147343,8754.91,-2.70339,-0.108048,0.0
21210.0,-0.4706045967365968,-0.159314,0.0,0.0,1.63881,-1.19709,-2.68179,-0.159314,8744.01,-2.64151,-0.183417,0.0
21220.0,-0.44886459673659695,-0.167609,0.0,0.0,2.17445,-0.829486,-2.66005,-0.167609,8724.28,-2.66733,-0.14154,0.0
21230.0,-0.4438045967365971,-0.171824,0.0,0.0,0.505545,-0.421494,-2.65499,-0.171824,8696.88,-2.67085,-0.372965,0.0
21240.0,-0.42483459673659674,-0.174897,0.0,0.0,1.89729,-0.307336,-2.63602,-0.174897,8669.62,-2.61267,-0.360295,0.0
21250.0,-0.4247245967365969,-0.177746,0.0,0.0,0.0103627,-0.284861,-2.63591,-0.177746,8644.62,-2.59232,-0.307241,0.0
21260.0,-0.4241445967365971,-0.180893,0.0,0.0,0.0585427,-0.314705,-2.63533,-0.180893,8613.52,-2.63131,-0.181894,0.0
21270.0,-0.4051345967365969,-0.181685,0.0,0.0,1.9006,-0.0792033,-2.61632,-0.181685,8571.84,-2.7446,-0.0320496,0.0
21280.0,-0.403654596736597,-0.17403,0.0,0.0,0.148316,0.765452,-2.61484,-0.17403,8524.05,-2.83843,-0.13213,0.0
21290.0,-0.3993445967365967,-0.156138,0.0,0.0,0.430941,1.78921,-2.61053,-0.156138,8471.3,-2.61495,-0.234143,0.0
21300.0,-0.37243459673659673,-0.132969,0.0,0.0,2.69061,2.31695,-2.58362,-0.132969,8409.92,-2.56661,-0.193524,0.0
21310.0,-0.3167045967365971,-0.112877,0.0,0.0,5.57307,2.0092,-2.52789,-0.112877,8342.99,-2.5012,-0.214502,0.0
21320.0,-0.2763645967365971,-0.0982029,0.0,0.0,4.03395,1.4674,-2.48755,-0.0982029,8279.2,-2.44096,-0.0746196,0.0
21330.0,-0.2739245967365971,-0.0869923,0.0,0.0,0.244722,1.12105,-2.48511,-0.0869923,8220.96,-2.48091,-0.0625887,0.0
21340.0,-0.27380459673659674,-0.0788022,0.0,0.0,0.0113933,0.819015,-2.48499,-0.0788022,8165.42,-2.47276,-0.0703113,0.0
21350.0,-0.28465459673659677,-0.0734441,0.0,0.0,-1.08431,0.535804,-2.49584,-0.0734441,8111.43,-2.5186,-0.0762128,0.0
21360.0,-0.2887745967365971,-0.0713219,0.0,0.0,-0.41258,0.212225,-2.49996,-0.0713219,8054.44,-2.50589,0.00339215,0.0
21370.0,-0.2889045967365971,-0.0707793,0.0,0.0,-0.0127033,0.0542618,-2.50009,-0.0707793,7990.0,-2.68069,-0.0102355,0.0
21380.0,-0.2874545967365969,-0.0705805,0.0,0.0,0.144571,0.0198764,-2.49864,-0.0705805,7924.07,-2.38039,-0.137159,0.0
21390.0,-0.25375459673659684,-0.0709471,0.0,0.0,3.37023,-0.0366633,-2.46494,-0.0709471,7861.81,-2.46714,-0.175209,0.0
21400.0,-0.22535459673659686,-0.0687514,0.0,0.0,2.84029,0.219576,-2.43654,-0.0687514,7798.4,-2.42249,0.00819383,0.0
21410.0,-0.2107045967365968,-0.0639063,0.0,0.0,1.46455,0.484502,-2.42189,-0.0639063,7730.63,-2.41291,-0.186367,0.0
21420.0,-0.19774459673659672,-0.0585084,0.0,0.0,1.2963,0.53979,-2.40893,-0.0585084,7664.76,-2.45563,-0.0056428,0.0
21430.0,-0.17007459673659708,-0.0514391,0.0,0.0,2.76706,0.70693,-2.38126,-0.0514391,7608.13,-2.32317,-0.045704,0.0
21440.0,-0.099224596736597,-0.0427681,0.0,0.0,7.08516,0.867107,-2.31041,-0.0427681,7556.15,-2.22111,-0.131134,0.0
21450.0,-0.04342459673659693,-0.0345607,0.0,0.0,5.57988,0.820731,-2.25461,-0.0345607,7498.59,-2.24667,-0.110396,0.0
21460.0,-0.03507459673659685,-0.0288698,0.0,0.0,0.835203,0.56909,-2.24626,-0.0288698,7437.59,-2.2703,-0.0199057,0.0
21470.0,-0.023844596736597,-0.0257221,0.0,0.0,1.12266,0.314778,-2.23503,-0.0257221,7383.97,-2.24165,0.0630372,0.0
21480.0,-0.021984596736596806,-0.0221855,0.0,0.0,0.185709,0.35366,-2.23317,-0.0221855,7339.5,-2.2212,0.0227991,0.0
21490.0,0.005245403263403059,-0.019023,0.0,0.0,2.7237,0.316246,-2.20594,-0.019023,7298.49,-2.11096,0.0408172,0.0
21500.0,0.04177540326340301,-0.0126566,0.0,0.0,3.65234,0.636639,-2.16941,-0.0126566,7259.39,-2.1522,-0.0194638,0.0
21510.0,0.08601540326340329,0.0015084,0.0,0.0,4.42439,1.4165,-2.12517,0.0015084,7221.73,-2.10528,-0.0868444,0.0
21520.0,0.11896540326340288,0.0225819,0.0,0.0,3.29492,2.10735,-2.09222,0.0225819,7183.9,-2.0444,0.0641355,0.0
21530.0,0.12743540326340286,0.0429008,0.0,0.0,0.846757,2.03189,-2.08375,0.0429008,7146.43,-2.06553,0.12609,0.0
21540.0,0.13307540326340295,0.0561798,0.0,0.0,0.564038,1.3279,-2.07811,0.0561798,7108.09,-2.13843,0.135042,0.0
21550.0,0.14598540326340315,0.0625935,0.0,0.0,1.29096,0.641364,-2.0652,0.0625935,7066.27,-2.03175,0.0611472,0.0
21560.0,0.16638540326340312,0.066302,0.0,0.0,2.04019,0.370856,-2.0448,0.066302,7022.2,-2.1112,0.124052,0.0
21570.0,0.17422540326340297,0.0722023,0.0,0.0,0.784125,0.590031,-2.03696,0.0722023,6980.02,-2.00017,0.0283254,0.0
21580.0,0.17434540326340286,0.081254,0.0,0.0,0.011345,0.905168,-2.03684,0.081254,6943.8,-2.00705,-0.0393007,0.0
21590.0,0.15567540326340312,0.0925538,0.0,0.0,-1.86624,1.12998,-2.05551,0.0925538,6914.81,-2.09194,0.0863066,0.0
21600.0,0.15094540326340322,0.10333,0.0,0.0,-0.472777,1.07761,-2.06024,0.10333,6891.63,-2.08035,0.149372,0.0
21610.0,0.13176540326340325,0.116065,0.0,0.0,-1.91889,1.27353,-2.07942,0.116065,6872.71,-2.18761,0.0730741,0.0
21620.0,0.13219540326340296,0.133683,0.0,0.0,0.0435512,1.76178,-2.07899,0.133683,6856.26,-1.969,0.119127,0.0
21630.0,0.13529540326340328,0.158582,0.0,0.0,0.309579,2.48989,-2.07589,0.158582,6840.4,-2.0607,0.283163,0.0
21640.0,0.1705554032634029,0.184226,0.0,0.0,3.5263,2.56435,-2.04063,0.184226,6825.11,-2.07995,0.278042,0.0
21650.0,0.2942754032634032,0.206002,0.0,0.0,12.3715,2.17767,-1.91691,0.206002,6811.76,-1.8027,0.378184,0.0
21660.0,0.393695403263403,0.23177,0.0,0.0,9.94251,2.57683,-1.81749,0.23177,6800.06,-1.81735,0.202101,0.0
21670.0,0.42162540326340303,0.261217,0.0,0.0,2.79299,2.94461,-1.78956,0.261217,6787.92,-1.7694,0.160201,0.0
21680.0,0.42459540326340317,0.288319,0.0,0.0,0.296963,2.71021,-1.78659,0.288319,6774.27,-1.7663,0.305103,0.0
21690.0,0.426295403263403,0.311234,0.0,0.0,0.170306,2.29154,-1.78489,0.311234,6760.29,-1.66439,0.166276,0.0
21700.0,0.44137540326340297,0.327656,0.0,0.0,1.50782,1.64216,-1.76981,0.327656,6748.35,-1.83064,0.398589,0.0
21710.0,0.4428154032634031,0.33868,0.0,0.0,0.144183,1.10245,-1.76837,0.33868,6739.42,-1.81822,0.459353,0.0
21720.0,0.444295403263403,0.348307,0.0,0.0,0.148069,0.962713,-1.76689,0.348307,6733.43,-1.62587,0.34631,0.0
21730.0,0.46363540326340313,0.361603,0.0,0.0,1.93323,1.32961,-1.74755,0.361603,6730.41,-1.72593,0.345426,0.0
21740.0,0.4937954032634031,0.381253,0.0,0.0,3.01638,1.96497,-1.71739,0.381253,6729.5,-1.71664,0.364802,0.0
21750.0,0.5247854032634032,0.402242,0.0,0.0,3.09896,2.09893,-1.6864,0.402242,6729.6,-1.58141,0.415657,0.0
21760.0,0.5833854032634032,0.416223,0.0,0.0,5.86042,1.39811,-1.6278,0.416223,6730.9,-1.60372,0.473895,0.0
21770.0,0.6369954032634031,0.424733,0.0,0.0,5.36096,0.850958,-1.57419,0.424733,6734.68,-1.55189,0.427815,0.0
21780.0,0.6649254032634031,0.434471,0.0,0.0,2.79258,0.973757,-1.54626,0.434471,6741.31,-1.50502,0.715448,0.0
21790.0,0.667115403263403,0.448765,0.0,0.0,0.218819,1.4294,-1.54407,0.448765,6749.33,-1.63727,0.584565,0.0
21800.0,0.6670354032634032,0.462751,0.0,0.0,-0.00749476,1.39866,-1.54415,0.462751,6758.06,-1.48231,0.535798,0.0
21810.0,0.6403854032634031,0.472077,0.0,0.0,-2.66479,0.932573,-1.5708,0.472077,6769.02,-1.61879,0.481919,0.0
21820.0,0.6077454032634031,0.475899,0.0,0.0,-3.26474,0.382184,-1.60344,0.475899,6784.29,-1.59392,0.427033,0.0
21830.0,0.603325403263403,0.474957,0.0,0.0,-0.441202,-0.0941852,-1.60786,0.474957,6804.49,-1.63057,0.472505,0.0
21840.0,0.5929754032634031,0.470595,0.0,0.0,-1.03558,-0.436139,-1.61821,0.470595,6827.01,-1.81137,0.495161,0.0
21850.0,0.575635403263403,0.461839,0.0,0.0,-1.7337,-0.875614,-1.63555,0.461839,6847.56,-1.58381,0.481006,0.0
21860.0,0.562885403263403,0.44972,0.0,0.0,-1.27498,-1.21192,-1.6483,0.44972,6864.82,-1.66231,0.534119,0.0
21870.0,0.5542254032634031,0.438991,0.0,0.0,-0.866434,-1.07291,-1.65696,0.438991,6880.84,-1.65659,0.317925,0.0
21880.0,0.49993540326340313,0.434811,0.0,0.0,-5.42881,-0.417988,-1.71125,0.434811,6898.64,-1.76511,0.430503,0.0
21890.0,0.4579354032634031,0.433416,0.0,0.0,-4.19963,-0.139541,-1.75325,0.433416,6920.17,-1.7835,0.455467,0.0
21900.0,0.45597540326340313,0.430404,0.0,0.0,-0.196799,-0.30113,-1.75521,0.430404,6943.87,-1.7879,0.348443,0.0
21910.0,0.45609540326340303,0.424167,0.0,0.0,0.0123538,-0.623772,-1.75509,0.424167,6967.44,-1.70784,0.444486,0.0
21920.0,0.46885540326340314,0.413658,0.0,0.0,1.27587,-1.05082,-1.74233,0.413658,6992.56,-1.68715,0.340395,0.0
21930.0,0.46851540326340313,0.401345,0.0,0.0,-0.0336083,-1.23139,-1.74267,0.401345,7022.24,-1.69629,0.43265,0.0
21940.0,0.4673554032634031,0.388673,0.0,0.0,-0.115844,-1.26711,-1.74383,0.388673,7054.58,-1.73004,0.504216,0.0
21950.0,0.46170540326340315,0.379691,0.0,0.0,-0.565077,-0.898198,-1.74948,0.379691,7084.96,-1.81691,0.287427,0.0
21960.0,0.45130540326340296,0.376106,0.0,0.0,-1.03999,-0.358593,-1.75988,0.376106,7114.02,-1.77469,0.43188,0.0
21970.0,0.4417354032634031,0.375496,0.0,0.0,-0.956957,-0.0609497,-1.76945,0.375496,7146.53,-1.74743,0.304828,0.0
21980.0,0.44135540326340306,0.375664,0.0,0.0,-0.0387371,0.0168022,-1.76983,0.375664,7182.23,-1.81494,0.393008,0.0
21990.0,0.442225403263403,0.377749,0.0,0.0,0.0878506,0.208523,-1.76896,0.377749,7214.96,-1.93345,0.366256,0.0
22000.0,0.47387540326340316,0.384072,0.0,0.0,3.16494,0.632244,-1.73731,0.384072,7242.12,-1.6435,0.241386,0.0
22010.0,0.8318954032634032,0.38553,0.0,0.0,35.8019,0.145795,-1.37929,0.38553,7268.08,0.415363,0.373214,0.0
22020.0,1.334331403263403,0.386698,0.0,0.0,50.2433,0.116875,-0.876854,0.386698,7296.25,-0.442557,0.59415,0.0
22030.0,1.577518403263403,0.396777,0.0,0.0,24.3188,1.00783,-0.633667,0.396777,7325.3,-0.683553,0.396814,0.0
22040.0,1.660682403263403,0.407954,0.0,0.0,8.31636,1.11774,-0.550503,0.407954,7353.16,-0.520634,0.485149,0.0
22050.0,1.689004403263403,0.416499,0.0,0.0,2.83221,0.854448,-0.522181,0.416499,7379.44,-0.508953,0.46887,0.0
22060.0,1.727451403263403,0.421779,0.0,0.0,3.84468,0.528045,-0.483734,0.421779,7406.33,-0.309603,0.371856,0.0
22070.0,1.729399403263403,0.425847,0.0,0.0,0.194777,0.406786,-0.481786,0.425847,7437.74,-0.399703,0.47418,0.0
22080.0,1.729317403263403,0.427535,0.0,0.0,-0.00817917,0.168808,-0.481868,0.427535,7472.32,-0.48579,0.427915,0.0
22090.0,1.722154403263403,0.428172,0.0,0.0,-0.716313,0.0636972,-0.489031,0.428172,7502.34,-0.541048,0.278699,0.0
22100.0,1.6692644032634032,0.429386,0.0,0.0,-5.28901,0.121362,-0.541921,0.429386,7524.53,-0.589142,0.432308,0.0
22110.0,1.664604403263403,0.424875,0.0,0.0,-0.465985,-0.451053,-0.546581,0.424875,7544.72,-0.675699,0.426192,0.0
22120.0,1.618422403263403,0.412477,0.0,0.0,-4.61824,-1.23975,-0.592763,0.412477,7569.9,-0.681688,0.44423,0.0
22130.0,1.615368403263403,0.388242,0.0,0.0,-0.305346,-2.4236,-0.595817,0.388242,7601.86,-0.470747,0.33684,0.0
22140.0,1.635724403263403,0.362854,0.0,0.0,2.03559,-2.5388,-0.575461,0.362854,7637.53,-0.559008,0.597528,0.0
22150.0,1.7156544032634031,0.342198,0.0,0.0,7.99303,-2.06554,-0.495531,0.342198,7672.59,-0.729073,0.353061,0.0
22160.0,1.871149403263403,0.31796,0.0,0.0,15.5494,-2.42386,-0.340036,0.31796,7705.66,-0.260148,0.364578,0.0
22170.0,2.6809824032634033,0.258883,0.0,0.0,80.9833,-5.90766,0.469797,0.258883,7737.56,2.61241,0.086355,0.0
22180.0,3.864635403263403,0.181232,0.0,0.0,118.365,-7.76507,1.65345,0.181232,7766.88,2.74708,-0.282268,0.0
22190.0,4.427705403263403,0.130151,0.0,0.0,56.3068,-5.1081,2.21652,0.130151,7792.89,2.27909,0.117954,0.0
22200.0,4.570955403263403,0.100329,0.0,0.0,14.3257,-2.9822,2.35977,0.100329,7817.61,2.18503,0.102117,0.0
22210.0,4.654805403263403,0.0760918,0.0,0.0,8.38501,-2.42374,2.44362,0.0760918,7840.23,2.67599,0.104699,0.0
22220.0,4.702855403263403,0.0558199,0.0,0.0,4.80433,-2.02719,2.49167,0.0558199,7857.97,2.60177,-0.113493,0.0
22230.0,4.7511154032634035,0.036556,0.0,0.0,4.82682,-1.9264,2.53993,0.036556,7870.84,2.70509,-0.0662757,0.0
22240.0,4.761065403263403,0.0157687,0.0,0.0,0.994519,-2.07872,2.54988,0.0157687,7881.01,2.53367,0.00520291,0.0
22250.0,4.759345403263403,-0.00421936,0.0,0.0,-0.171447,-1.99881,2.54816,-0.00421936,7891.76,2.47072,-0.0333757,0.0
22260.0,4.747725403263403,-0.017975,0.0,0.0,-1.16224,-1.37557,2.53654,-0.017975,7905.84,2.57128,0.198977,0.0
22270.0,4.7271654032634025,-0.025702,0.0,0.0,-2.05596,-0.772698,2.51598,-0.025702,7923.47,2.4028,0.240322,0.0
22280.0,4.6995754032634025,-0.0296924,0.0,0.0,-2.75953,-0.399041,2.48839,-0.0296924,7943.61,2.50274,-0.0131182,0.0
22290.0,4.698155403263403,-0.0326129,0.0,0.0,-0.141216,-0.292051,2.48697,-0.0326129,7963.73,2.4433,-0.048829,0.0
22300.0,4.6988254032634025,-0.0374292,0.0,0.0,0.0664946,-0.481623,2.48764,-0.0374292,7981.29,2.41039,-0.0250776,0.0
22310.0,4.7236454032634025,-0.0540873,-5.20788,0.0,2.48159,-1.66581,-7.72034,-0.0540873,7998.31,2.58547,-0.0428486,0.0
22320.0,4.7744354032634035,-0.0978804,-5.20788,0.0,5.07972,-4.37931,-7.77113,-0.0978804,8019.6,2.52057,-0.0986428,0.0
22330.0,5.136735403263403,-0.18524,-5.20788,0.0,36.2301,-8.73595,-8.13344,-0.18524,8046.52,3.85065,-0.385631,0.0
22340.0,6.1664954032634025,-0.306814,-5.20788,0.0,102.975,-12.1574,-9.16319,-0.306814,8074.73,6.92186,-0.509981,0.0
22350.0,7.302515403263403,-0.412433,-5.20788,0.0,113.602,-10.5619,-10.2992,-0.412433,8097.97,5.51071,-0.475145,0.0
22360.0,7.814785403263404,-0.473602,-5.20788,0.0,51.227,-6.11691,-10.8115,-0.473602,8114.06,5.58251,-0.5208,0.0
22370.0,7.948615403263403,-0.508959,-5.20788,0.0,13.3832,-3.5357,-10.9453,-0.508959,8125.38,5.76474,-0.768582,0.0
22380.0,8.067485403263403,-0.537367,-5.20788,0.0,11.8869,-2.84081,-11.0642,-0.537367,8135.99,6.1082,-0.432115,0.0
22390.0,8.188995403263403,-0.561958,-5.20788,0.0,12.1509,-2.45911,-11.1857,-0.561958,8150.82,6.05155,-0.690217,0.0
22400.0,8.219345403263404,-0.579106,-5.20788,0.0,3.03549,-1.71483,-11.216,-0.579106,8171.26,6.10416,-0.70573,0.0
22410.0,8.219695403263403,-0.588623,-5.20788,0.0,0.0344304,-0.951681,-11.2164,-0.588623,8191.51,5.94669,-0.569963,0.0
22420.0,8.219335403263402,-0.592508,-5.20788,0.0,-0.0354471,-0.388488,-11.216,-0.592508,8205.97,6.03522,-0.359786,0.0
22430.0,8.192135403263404,-0.59297,-5.20788,0.0,-2.72045,-0.0461992,-11.1888,-0.59297,8215.19,5.94249,-0.59008,0.0
22440.0,8.178075403263403,-0.592848,-5.20788,0.0,-1.40545,0.0122395,-11.1748,-0.592848,8221.89,5.99602,-0.595777,0.0
22450.0,8.166575403263403,-0.592585,-5.20788,0.0,-1.15046,0.026304,-11.1633,-0.592585,8228.42,5.9644,-0.620173,0.0
22460.0,8.159725403263403,-0.592284,-5.20788,0.0,-0.685223,0.0300863,-11.1564,-0.592284,8237.0,5.93232,-0.594276,0.0
22470.0,8.154375403263403,-0.591621,-5.20788,0.0,-0.534499,0.066328,-11.1511,-0.591621,8248.31,5.95602,-0.589906,0.0
22480.0,8.139635403263403,-0.589929,-5.20788,0.0,-1.47444,0.169136,-11.1363,-0.589929,8262.42,5.92584,-0.563554,0.0
22490.0,8.133305403263403,-0.587326,-5.20788,0.0,-0.633037,0.2603,-11.13,-0.587326,8279.98,5.90853,-0.554268,0.0
22500.0,8.124185403263404,-0.583115,-5.20788,0.0,-0.911674,0.421108,-11.1209,-0.583115,8299.38,5.91134,-0.689868,0.0
22510.0,8.102945403263403,-0.57783,-5.20788,0.0,-2.12454,0.528508,-11.0996,-0.57783,8316.7,5.85201,-0.525309,0.0
22520.0,8.086495403263402,-0.574416,-5.20788,0.0,-1.64442,0.341455,-11.0832,-0.574416,8330.16,5.84694,-0.574997,0.0
22530.0,8.085765403263403,-0.574787,-5.20788,0.0,-0.0730966,-0.0371092,-11.0825,-0.574787,8340.93,5.87785,-0.513096,0.0
22540.0,8.085725403263403,-0.577537,-5.20788,0.0,-0.00430612,-0.274995,-11.0824,-0.577537,8350.49,5.91163,-0.626319,0.0
22550.0,8.090565403263403,-0.578928,-5.20788,0.0,0.484162,-0.139155,-11.0873,-0.578928,8359.67,5.86775,-0.511376,0.0
22560.0,8.094575403263404,-0.577732,-5.20788,0.0,0.401364,0.119592,-11.0913,-0.577732,8369.5,5.90656,-0.64591,0.0
22570.0,8.101025403263403,-0.577136,-5.20788,0.0,0.644399,0.0595916,-11.0977,-0.577136,8382.15,5.98746,-0.69807,0.0
22580.0,8.106585403263404,-0.577749,-5.20788,0.0,0.556578,-0.0612962,-11.1033,-0.577749,8398.22,5.85066,-0.524783,0.0
22590.0,8.104455403263403,-0.577903,-5.20788,0.0,-0.213061,-0.015367,-11.1012,-0.577903,8413.81,5.82563,-0.659258,0.0
22600.0,8.104295403263404,-0.576776,-5.20788,0.0,-0.01591,0.112659,-11.101,-0.576776,8425.86,5.97953,-0.286821,0.0
22610.0,8.100255403263404,-0.572818,-5.20788,0.0,-0.404667,0.395837,-11.0969,-0.572818,8437.09,5.78235,-0.577893,0.0
22620.0,8.081435403263404,-0.565581,-5.20788,0.0,-1.88112,0.723687,-11.0781,-0.565581,8450.42,5.88825,-0.742992,0.0
22630.0,8.040615403263404,-0.557657,-5.20788,0.0,-4.08206,0.792368,-11.0373,-0.557657,8464.89,5.76713,-0.525751,0.0
22640.0,8.020585403263404,-0.552725,-5.20788,0.0,-2.00297,0.493228,-11.0173,-0.552725,8479.09,5.83959,-0.594049,0.0
22650.0,8.022455403263404,-0.551014,-5.20788,0.0,0.187022,0.171112,-11.0192,-0.551014,8492.22,5.82351,-0.455551,0.0
22660.0,8.017035403263403,-0.550752,-5.20788,0.0,-0.542379,0.0261482,-11.0137,-0.550752,8503.18,5.80321,-0.543875,0.0
22670.0,8.015535403263403,-0.55117,-5.20788,0.0,-0.150234,-0.0417272,-11.0122,-0.55117,8512.51,5.69384,-0.5521,0.0
22680.0,7.9857054032634025,-0.55104,-5.20788,0.0,-2.98271,0.01294,-10.9824,-0.55104,8521.86,5.84027,-0.486054,0.0
22690.0,7.936835403263403,-0.550901,-5.20788,0.0,-4.88766,0.0139276,-10.9335,-0.550901,8531.19,5.65243,-0.505726,0.0
22700.0,7.934475403263404,-0.553704,-5.20788,0.0,-0.235343,-0.280242,-10.9312,-0.553704,8539.93,5.60374,-0.568653,0.0
22710.0,7.934025403263403,-0.560037,-5.20788,0.0,-0.044854,-0.633333,-10.9307,-0.560037,8549.13,5.74296,-0.620816,0.0
22720.0,7.939985403263403,-0.571536,-5.20788,0.0,0.595591,-1.14987,-10.9367,-0.571536,8560.82,5.74546,-0.65438,0.0
22730.0,8.069125403263403,-0.594292,-5.20788,0.0,12.9137,-2.27567,-11.0658,-0.594292,8575.2,5.90522,-0.414041,0.0
22740.0,9.062975403263403,-0.651105,-5.20788,0.0,99.3857,-5.68131,-12.0597,-0.651105,8589.51,8.3606,-0.880902,0.0
22750.0,9.959745403263403,-0.719228,-5.20788,0.0,89.677,-6.81224,-12.9564,-0.719228,8603.4,8.01908,-1.09977,0.0
22760.0,10.065825403263403,-0.772091,-5.20788,0.0,10.6079,-5.28637,-13.0625,-0.772091,8619.91,7.569,-0.901052,0.0
22770.0,10.111975403263402,-0.808918,-5.20788,0.0,4.61476,-3.6827,-13.1087,-0.808918,8637.55,7.72813,-0.894394,0.0
22780.0,10.113745403263403,-0.827524,-5.20788,0.0,0.176949,-1.86059,-13.1104,-0.827524,8651.39,8.01922,-0.656583,0.0
22790.0,10.148785403263403,-0.835606,-5.20788,0.0,3.50424,-0.808214,-13.1455,-0.835606,8660.56,7.9597,-0.805842,0.0
22800.0,10.178185403263402,-0.839288,-5.20788,0.0,2.93985,-0.368193,-13.1749,-0.839288,8667.7,7.86591,-0.834075,0.0
22810.0,10.184905403263404,-0.844389,-5.20788,0.0,0.671446,-0.510065,-13.1816,-0.844389,8675.03,7.99005,-0.650598,0.0
22820.0,10.184075403263403,-0.857341,-5.20788,0.0,-0.0829748,-1.29522,-13.1808,-0.857341,8683.71,7.98248,-0.839291,0.0
22830.0,10.185205403263403,-0.883107,-5.20788,0.0,0.113923,-2.5766,-13.1819,-0.883107,8694.16,8.0084,-0.998783,0.0
22840.0,10.182055403263403,-0.91744,-5.20788,0.0,-0.315822,-3.4333,-13.1787,-0.91744,8706.45,7.80057,-1.0493,0.0
22850.0,10.179185403263403,-0.946358,-5.20788,0.0,-0.286399,-2.89174,-13.1759,-0.946358,8719.73,7.98504,-0.894498,0.0
22860.0,10.175965403263403,-0.961381,-5.20788,0.0,-0.322564,-1.50236,-13.1727,-0.961381,8731.56,7.94646,-1.07281,0.0
22870.0,10.171385403263404,-0.966724,-5.20788,0.0,-0.457297,-0.534323,-13.1681,-0.966724,8740.15,7.94643,-0.871101,0.0
22880.0,10.170275403263403,-0.967669,-5.20788,0.0,-0.111858,-0.0944507,-13.167,-0.967669,8745.79,7.94977,-1.08663,0.0
22890.0,10.170545403263404,-0.964989,-5.20788,0.0,0.02729,0.268043,-13.1672,-0.964989,8749.23,7.95756,-0.97222,0.0
22900.0,10.172855403263403,-0.959798,-5.20788,0.0,0.230843,0.519075,-13.1695,-0.959798,8751.04,7.96161,-0.944744,0.0
22910.0,10.188615403263404,-0.952455,-5.20788,0.0,1.57606,0.734299,-13.1853,-0.952455,8752.17,8.15065,-0.925232,0.0
22920.0,10.203975403263403,-0.940902,-5.20788,0.0,1.53663,1.15525,-13.2007,-0.940902,8753.92,7.97336,-0.976954,0.0
22930.0,10.211435403263403,-0.92502,-5.20788,0.0,0.745498,1.58821,-13.2081,-0.92502,8757.13,8.02191,-0.815907,0.0
22940.0,10.247225403263403,-0.906561,-5.20788,0.0,3.57878,1.84594,-13.2439,-0.906561,8761.6,7.99376,-0.934047,0.0
22950.0,10.250775403263404,-0.885175,-5.20788,0.0,0.355585,2.13858,-13.2475,-0.885175,8767.7,8.10536,-0.817499,0.0
22960.0,10.253985403263403,-0.864264,-5.20788,0.0,0.320569,2.09115,-13.2507,-0.864264,8775.82,8.06949,-0.641254,0.0
22970.0,10.282505403263404,-0.847437,-5.20788,0.0,2.85266,1.68263,-13.2792,-0.847437,8783.39,8.12909,-0.874601,0.0
22980.0,10.283825403263403,-0.833443,-5.20788,0.0,0.131794,1.39944,-13.2805,-0.833443,8787.36,8.00631,-0.679527,0.0
22990.0,10.255705403263404,-0.820798,-5.20788,0.0,-2.81229,1.26452,-13.2524,-0.820798,8787.99,8.07103,-0.826701,0.0
23000.0,10.217695403263404,-0.810763,-5.20788,0.0,-3.80073,1.00345,-13.2144,-0.810763,8787.41,7.79633,-0.837638,0.0
23010.0,10.182415403263404,-0.804904,-5.20788,0.0,-3.52854,0.585874,-13.1791,-0.804904,8787.17,8.06481,-0.795045,0.0
23020.0,10.159585403263403,-0.802781,-5.20788,0.0,-2.28257,0.21235,-13.1563,-0.802781,8787.13,7.9769,-0.791389,0.0
23030.0,10.158885403263403,-0.803089,-5.20788,0.0,-0.0696073,-0.0308347,-13.1556,-0.803089,8786.55,7.92426,-0.749462,0.0
23040.0,10.165175403263403,-0.804322,-5.20788,0.0,0.628704,-0.123234,-13.1619,-0.804322,8785.69,7.92445,-0.747493,0.0
23050.0,10.166215403263402,-0.805776,-5.20788,0.0,0.104161,-0.14542,-13.1629,-0.805776,8785.09,7.99153,-0.837002,0.0
23060.0,10.186355403263404,-0.809491,-5.20788,0.0,2.014,-0.371521,-13.1831,-0.809491,8784.75,7.95615,-0.857008,0.0
23070.0,10.186435403263403,-0.818064,-5.20788,0.0,0.00717388,-0.8573,-13.1831,-0.818064,8784.43,8.02178,-0.812456,0.0
23080.0,10.183295403263402,-0.833533,-5.20788,0.0,-0.313249,-1.54689,-13.18,-0.833533,8783.64,8.02711,-0.867731,0.0
23090.0,10.144835403263404,-0.85238,-5.20788,0.0,-3.84616,-1.88469,-13.1415,-0.85238,8781.22,7.82716,-0.753982,0.0
23100.0,10.153775403263403,-0.871864,-5.20788,0.0,0.893626,-1.94841,-13.1505,-0.871864,8775.52,7.90324,-0.943118,0.0
23110.0,10.115245403263403,-0.889426,-5.20788,0.0,-3.85231,-1.75622,-13.1119,-0.889426,8766.34,7.8828,-1.0347,0.0
23120.0,10.107565403263402,-0.907821,-5.20788,0.0,-0.768234,-1.83943,-13.1043,-0.907821,8756.07,8.0459,-0.80799,0.0
23130.0,10.104965403263403,-0.924753,-5.20788,0.0,-0.259998,-1.69327,-13.1017,-0.924753,8746.58,7.86708,-0.850845,0.0
23140.0,10.085615403263404,-0.935343,-5.20788,0.0,-1.93479,-1.05902,-13.0823,-0.935343,8737.32,7.92272,-0.895261,0.0
23150.0,10.070775403263402,-0.938362,-5.20788,0.0,-1.48414,-0.301881,-13.0675,-0.938362,8727.95,7.84242,-0.981287,0.0
23160.0,10.070615403263403,-0.938495,-5.20788,0.0,-0.015827,-0.0132718,-13.0673,-0.938495,8719.29,7.85748,-0.964857,0.0
23170.0,10.080095403263403,-0.942848,-5.20788,0.0,0.947499,-0.435297,-13.0768,-0.942848,8712.35,7.75214,-0.982948,0.0
23180.0,10.066555403263402,-0.952797,-5.20788,0.0,-1.35389,-0.994945,-13.0633,-0.952797,8707.63,7.87559,-0.998661,0.0
23190.0,10.061215403263404,-0.964448,-5.20788,0.0,-0.534309,-1.16511,-13.0579,-0.964448,8704.56,7.90004,-0.92337,0.0
23200.0,10.038245403263403,-0.974334,-5.20788,0.0,-2.29655,-0.988509,-13.0349,-0.974334,8702.2,7.73872,-0.885743,0.0
23210.0,9.992455403263403,-0.985114,-5.20788,0.0,-4.57936,-1.07801,-12.9892,-0.985114,8699.79,7.72448,-1.08219,0.0
23220.0,9.988675403263404,-1.00433,-5.20788,0.0,-0.37772,-1.92212,-12.9854,-1.00433,8696.77,7.75344,-1.18689,0.0
23230.0,9.983945403263403,-1.03799,-5.20788,0.0,-0.472852,-3.36521,-12.9806,-1.03799,8693.37,7.66631,-1.13654,0.0
23240.0,9.947375403263402,-1.08377,-5.20788,0.0,-3.65745,-4.57789,-12.9441,-1.08377,8690.53,7.93582,-0.99541,0.0
23250.0,9.984395403263402,-1.12938,-5.20788,0.0,3.70207,-4.56115,-12.9811,-1.12938,8688.18,7.80619,-1.34833,0.0
23260.0,10.041835403263404,-1.16222,-5.20788,0.0,5.74421,-3.28415,-13.0385,-1.16222,8685.07,7.68341,-1.17616,0.0
23270.0,10.061425403263403,-1.18337,-5.20788,0.0,1.95889,-2.115,-13.0581,-1.18337,8680.85,7.95221,-1.11911,0.0
23280.0,10.041585403263403,-1.20041,-5.20788,0.0,-1.98399,-1.70418,-13.0383,-1.20041,8676.89,7.86156,-1.11537,0.0
23290.0,10.058955403263402,-1.21813,-5.20788,0.0,1.73717,-1.77235,-13.0557,-1.21813,8674.44,7.86205,-1.32738,0.0
23300.0,10.058085403263403,-1.23241,-5.20788,0.0,-0.0876201,-1.4272,-13.0548,-1.23241,8673.51,7.81511,-1.2313,0.0
23310.0,10.046755403263402,-1.23978,-5.20788,0.0,-1.13253,-0.737597,-13.0435,-1.23978,8673.52,7.91661,-1.27648,0.0
23320.0,9.999505403263402,-1.2411,-5.20788,0.0,-4.72511,-0.131913,-12.9962,-1.2411,8673.68,7.70683,-1.27574,0.0
23330.0,9.954925403263402,-1.24024,-5.20788,0.0,-4.45775,0.0865661,-12.9516,-1.24024,8674.22,7.63462,-1.11331,0.0
23340.0,9.925935403263404,-1.23873,-5.20788,0.0,-2.89954,0.150593,-12.9226,-1.23873,8676.08,7.74678,-1.14502,0.0
23350.0,9.911835403263403,-1.23729,-5.20788,0.0,-1.40924,0.144179,-12.9085,-1.23729,8679.69,7.69193,-1.30045,0.0
23360.0,9.888045403263403,-1.23648,-5.20788,0.0,-2.37913,0.0804977,-12.8847,-1.23648,8684.46,7.62025,-1.15181,0.0
23370.0,9.870785403263403,-1.23529,-5.20788,0.0,-1.72575,0.11929,-12.8675,-1.23529,8688.47,7.37399,-1.32726,0.0
23380.0,9.866965403263404,-1.23106,-5.20788,0.0,-0.38295,0.423179,-12.8637,-1.23106,8690.47,7.7724,-1.32315,0.0
23390.0,9.867055403263404,-1.22475,-5.20788,0.0,0.00931248,0.630631,-12.8638,-1.22475,8691.07,7.67328,-1.12685,0.0
23400.0,9.859025403263404,-1.21936,-5.20788,0.0,-0.802684,0.539009,-12.8557,-1.21936,8691.16,7.60067,-1.20099,0.0
23410.0,9.849025403263402,-1.21681,-5.20788,0.0,-1.00067,0.255341,-12.8457,-1.21681,8691.13,7.66854,-1.24407,0.0
23420.0,9.846835403263404,-1.21725,-5.20788,0.0,-0.218192,-0.0444665,-12.8435,-1.21725,8691.08,7.68231,-1.24091,0.0
23430.0,9.847295403263404,-1.21852,-5.20788,0.0,0.0455903,-0.126209,-12.844,-1.21852,8691.11,7.59822,-1.23627,0.0
23440.0,9.862585403263402,-1.21937,-5.20788,0.0,1.5289,-0.0858066,-12.8593,-1.21937,8691.34,7.56186,-1.11625,0.0
23450.0,9.876555403263403,-1.21973,-5.20788,0.0,1.39766,-0.0357273,-12.8733,-1.21973,8691.99,7.69566,-1.2034,0.0
23460.0,9.905335403263402,-1.2203,-5.20788,0.0,2.87804,-0.0573516,-12.902,-1.2203,8693.5,7.69288,-1.2372,0.0
23470.0,9.934585403263403,-1.22111,-5.20788,0.0,2.92487,-0.0808005,-12.9313,-1.22111,8696.24,7.76387,-1.25236,0.0
23480.0,9.959385403263402,-1.22323,-5.20788,0.0,2.47997,-0.212238,-12.9561,-1.22323,8699.58,7.7623,-1.12372,0.0
23490.0,9.970095403263404,-1.22973,-5.20788,0.0,1.07018,-0.649472,-12.9668,-1.22973,8702.44,7.86276,-1.09329,0.0
23500.0,9.974825403263402,-1.24547,-5.20788,0.0,0.47301,-1.57441,-12.9715,-1.24547,8705.41,7.75098,-1.15935,0.0
23510.0,9.967195403263403,-1.27379,-5.20788,0.0,-0.762558,-2.83162,-12.9639,-1.27379,8709.68,7.78257,-1.27039,0.0
23520.0,9.990095403263403,-1.31366,-5.20788,0.0,2.28981,-3.98736,-12.9868,-1.31366,8714.4,7.82129,-1.4182,0.0
23530.0,9.967175403263402,-1.35075,-5.20788,0.0,-2.29217,-3.70838,-12.9639,-1.35075,8718.41,7.64886,-1.45929,0.0
23540.0,9.985005403263402,-1.37304,-5.20788,0.0,1.78367,-2.22952,-12.9817,-1.37304,8721.67,7.86644,-1.54245,0.0
23550.0,9.963735403263403,-1.38017,-5.20788,0.0,-2.12723,-0.712679,-12.9604,-1.38017,8724.22,7.74377,-1.51993,0.0
23560.0,9.962715403263402,-1.38097,-5.20788,0.0,-0.102354,-0.0800582,-12.9594,-1.38097,8725.94,7.74071,-1.43569,0.0
23570.0,9.918795403263402,-1.37489,-5.20788,0.0,-4.39194,0.608123,-12.9155,-1.37489,8726.94,7.93485,-1.40037,0.0
23580.0,8.860055403263402,-1.33478,-5.20788,0.0,-105.874,4.01106,-11.8567,-1.33478,8727.42,5.56143,-1.19672,0.0
23590.0,7.705785403263404,-1.27636,-5.20788,0.0,-115.427,5.84215,-10.7025,-1.27636,8727.59,4.56065,-0.949238,0.0
23600.0,7.561225403263403,-1.24041,-5.20788,0.0,-14.4563,3.59419,-10.5579,-1.24041,8727.42,5.35233,-1.20766,0.0
23610.0,7.549955403263404,-1.21908,-5.20788,0.0,-1.12701,2.13302,-10.5466,-1.21908,8726.1,5.603,-1.25115,0.0
23620.0,7.492025403263403,-1.20875,-5.20788,0.0,-5.7928,1.03347,-10.4887,-1.20875,8721.86,5.04895,-1.33939,0.0
23630.0,7.534535403263403,-1.20654,-5.20788,0.0,4.2516,0.220823,-10.5312,-1.20654,8714.15,5.33877,-1.2083,0.0
23640.0,7.489725403263403,-1.20021,-5.20788,0.0,-4.48119,0.632898,-10.4864,-1.20021,8705.52,5.11379,-1.17856,0.0
23650.0,7.493225403263404,-1.18664,-5.20788,0.0,0.34945,1.35745,-10.4899,-1.18664,8698.52,5.31085,-1.2644,0.0
23660.0,7.457785403263403,-1.16212,-5.20788,0.0,-3.54393,2.45139,-10.4545,-1.16212,8693.07,5.24149,-1.13625,0.0
23670.0,7.443375403263403,-1.1361,-5.20788,0.0,-1.44107,2.60283,-10.4401,-1.1361,8688.43,5.15418,-1.10804,0.0
23680.0,7.460185403263402,-1.11771,-5.20788,0.0,1.68141,1.8384,-10.4569,-1.11771,8684.42,5.27575,-1.0464,0.0
23690.0,7.461355403263402,-1.10493,-5.20788,0.0,0.117245,1.2784,-10.4581,-1.10493,8680.74,5.17682,-1.0998,0.0
23700.0,7.445405403263402,-1.0906,-5.20788,0.0,-1.59574,1.43323,-10.4421,-1.0906,8676.78,5.27635,-0.973293,0.0
23710.0,7.401805403263403,-1.06772,-5.20788,0.0,-4.3592,2.28701,-10.3985,-1.06772,8671.87,5.43312,-1.07244,0.0
23720.0,7.1989654032634025,-1.02563,-5.20788,0.0,-20.2846,4.20969,-10.1957,-1.02563,8665.83,4.39104,-1.09078,0.0
23730.0,6.506345403263403,-0.953145,-5.20788,0.0,-69.2616,7.24828,-9.50305,-0.953145,8658.56,1.91383,-0.779662,0.0
23740.0,5.678345403263403,-0.8732,-5.20788,0.0,-82.8002,7.99451,-8.67504,-0.8732,8649.52,3.13861,-0.737528,0.0
23750.0,5.298895403263403,-0.822807,-5.20788,0.0,-37.9449,5.03931,-8.29559,-0.822807,8638.99,3.02403,-0.738015,0.0
23760.0,5.229405403263403,-0.801973,-5.20788,0.0,-6.9492,2.08341,-8.2261,-0.801973,8629.0,3.02171,-0.802753,0.0
23770.0,5.144815403263403,-0.791097,-5.20788,0.0,-8.45901,1.08759,-8.14151,-0.791097,8620.88,2.59834,-0.735768,0.0
23780.0,5.019205403263403,-0.782446,-5.20788,0.0,-12.5611,0.865174,-8.0159,-0.782446,8614.03,2.68357,-0.79486,0.0
23790.0,4.981645403263403,-0.779039,-5.20788,0.0,-3.75586,0.340612,-7.97834,-0.779039,8607.85,2.76091,-0.723122,0.0
23800.0,4.980205403263403,-0.779167,0.0,0.0,-0.143982,-0.0127237,2.76902,-0.779167,8601.98,2.65858,-0.973037,0.0
23810.0,4.980855403263403,-0.780073,0.0,0.0,0.0645862,-0.0906062,2.76967,-0.780073,8595.55,2.79197,-0.963453,0.0
23820.0,4.997255403263403,-0.780846,0.0,0.0,1.64036,-0.0773245,2.78607,-0.780846,8588.46,2.86133,-0.784135,0.0
23830.0,4.998075403263403,-0.779772,0.0,0.0,0.0815752,0.107438,2.78689,-0.779772,8582.17,2.95206,-0.730435,0.0
23840.0,4.998305403263403,-0.775379,0.0,0.0,0.0230987,0.439248,2.78712,-0.775379,8577.67,2.53519,-0.772573,0.0
23850.0,4.9948554032634025,-0.765784,0.0,0.0,-0.344669,0.95953,2.78367,-0.765784,8573.99,2.73256,-0.657408,0.0
23860.0,4.973055403263404,-0.752731,0.0,0.0,-2.17999,1.30531,2.76187,-0.752731,8569.86,2.59614,-0.898076,0.0
23870.0,4.948835403263403,-0.742186,0.0,0.0,-2.42214,1.05446,2.73765,-0.742186,8564.72,2.77889,-0.73055,0.0
23880.0,4.947995403263404,-0.737838,0.0,0.0,-0.0840003,0.434844,2.73681,-0.737838,8558.85,2.89837,-0.743045,0.0
23890.0,4.944635403263403,-0.73711,0.0,0.0,-0.336017,0.0728007,2.73345,-0.73711,8553.32,2.73518,-0.539984,0.0
23900.0,4.944445403263403,-0.737614,0.0,0.0,-0.01936,-0.0504771,2.73326,-0.737614,8549.04,2.81903,-0.740129,0.0
23910.0,4.945005403263403,-0.739341,0.0,0.0,0.0566391,-0.172643,2.73382,-0.739341,8545.99,2.69001,-0.714061,0.0
23920.0,4.962105403263402,-0.745407,0.0,0.0,1.70997,-0.606572,2.75092,-0.745407,8543.74,2.65412,-0.671199,0.0
23930.0,4.992815403263403,-0.75737,0.0,0.0,3.0705,-1.19631,2.78163,-0.75737,8542.43,2.7807,-0.817977,0.0
23940.0,4.993195403263403,-0.769726,0.0,0.0,0.0383299,-1.23566,2.78201,-0.769726,8541.89,2.77572,-0.805557,0.0
23950.0,4.994365403263403,-0.777341,0.0,0.0,0.116546,-0.761456,2.78318,-0.777341,8541.46,2.77386,-0.876136,0.0
23960.0,4.9942654032634035,-0.7784,0.0,0.0,-0.00907876,-0.105903,2.78308,-0.7784,8540.87,2.82407,-0.795264,0.0
23970.0,4.982555403263403,-0.767952,0.0,0.0,-1.17161,1.04479,2.77137,-0.767952,8540.0,2.82861,-0.531036,0.0
23980.0,4.685155403263403,-0.720411,0.0,0.0,-29.7398,4.75411,2.47397,-0.720411,8537.22,2.24224,-0.821187,0.0
23990.0,3.317755403263403,-0.593543,0.0,0.0,-136.74,12.6868,1.10657,-0.593543,8528.36,-2.14598,-0.394457,0.0
24000.0,0.953925403263403,-0.393694,0.0,0.0,-236.383,19.9849,-1.25726,-0.393694,8510.56,-4.15195,0.411372,0.0
24010.0,-0.530484596736597,-0.219201,0.0,0.0,-148.442,17.4493,-2.74167,-0.219201,8487.71,-2.42965,-0.0893572,0.0
24020.0,-0.8005845967365968,-0.105823,0.0,0.0,-27.01,11.3378,-3.01177,-0.105823,8466.88,-2.81485,-0.167042,0.0
24030.0,-0.873284596736597,-0.0148489,0.0,0.0,-7.26948,9.09744,-3.08447,-0.0148489,8451.75,-3.06266,0.237277,0.0
24040.0,-0.8721545967365971,0.0507986,0.0,0.0,0.112733,6.56476,-3.08334,0.0507986,8442.18,-3.26924,0.380983,0.0
24050.0,-0.8829345967365971,0.0937928,0.0,0.0,-1.07809,4.29942,-3.09412,0.0937928,8436.6,-3.09382,0.17955,0.0
24060.0,-0.9294745967365969,0.122333,0.0,0.0,-4.65389,2.85403,-3.14066,0.122333,8433.37,-3.10014,0.053362,0.0
24070.0,-0.9408545967365969,0.139941,0.0,0.0,-1.13742,1.76079,-3.15204,0.139941,8431.42,-3.27663,0.143366,0.0
24080.0,-0.950704596736597,0.152427,0.0,0.0,-0.985032,1.24861,-3.16189,0.152427,8429.98,-3.24426,0.0459996,0.0
24090.0,-0.949004596736597,0.16285,0.0,0.0,0.169888,1.04225,-3.16019,0.16285,8427.75,-3.10778,0.271785,0.0
24100.0,-0.9158145967365967,0.173181,0.0,0.0,3.31834,1.03314,-3.127,0.173181,8423.65,-2.9307,0.200451,0.0
24110.0,-0.9023345967365968,0.184791,0.0,0.0,1.34839,1.16098,-3.11352,0.184791,8418.07,-3.15763,0.202069,0.0
24120.0,-0.8939145967365971,0.193516,0.0,0.0,0.842153,0.872506,-3.1051,0.193516,8411.81,-3.08541,0.156531,0.0
24130.0,-0.8868545967365971,0.198795,0.0,0.0,0.705691,0.527961,-3.09804,0.198795,8404.87,-3.11707,0.123478,0.0
24140.0,-0.8799745967365968,0.201558,0.0,0.0,0.687623,0.276215,-3.09116,0.201558,8397.93,-3.08355,0.220464,0.0
24150.0,-0.8725545967365971,0.202056,0.0,0.0,0.74246,0.0498818,-3.08374,0.202056,8392.36,-3.13269,0.275349,0.0
24160.0,-0.8685945967365969,0.20247,0.0,0.0,0.396314,0.0413177,-3.07978,0.20247,8387.42,-3.06338,0.322568,0.0
24170.0,-0.822174596736597,0.200962,0.0,0.0,4.64198,-0.150797,-3.03336,0.200962,8379.76,-2.7795,0.105726,0.0
24180.0,-0.7667645967365968,0.196369,0.0,0.0,5.5407,-0.459299,-2.97795,0.196369,8366.62,-2.95754,0.31694,0.0
24190.0,-0.7167945967365967,0.190548,0.0,0.0,4.99713,-0.582013,-2.92798,0.190548,8348.38,-3.00152,0.0249108,0.0
24200.0,-0.6712345967365971,0.189883,0.0,0.0,4.55639,-0.066571,-2.88242,0.189883,8327.87,-2.82364,0.0215437,0.0
24210.0,-0.6676345967365971,0.203053,0.0,0.0,0.35963,1.31705,-2.87882,0.203053,8307.77,-2.72429,0.316179,0.0
24220.0,-0.6485345967365967,0.227448,0.0,0.0,1.91013,2.43947,-2.85972,0.227448,8288.54,-2.93988,0.0861478,0.0
24230.0,-0.6273245967365968,0.251639,0.0,0.0,2.12108,2.41909,-2.83851,0.251639,8268.38,-2.85488,0.165622,0.0
24240.0,-0.613464596736597,0.265299,0.0,0.0,1.38558,1.36605,-2.82465,0.265299,8244.94,-2.82091,0.286337,0.0
24250.0,-0.601184596736597,0.270115,0.0,0.0,1.22825,0.481552,-2.81237,0.270115,8215.8,-2.80415,0.252092,0.0
24260.0,-0.5871345967365968,0.271982,0.0,0.0,1.40451,0.186706,-2.79832,0.271982,8179.58,-2.61789,0.422135,0.0
24270.0,-0.5738845967365971,0.273583,0.0,0.0,1.32518,0.160071,-2.78507,0.273583,8139.58,-2.78226,0.300932,0.0
24280.0,-0.47606459673659707,0.272063,0.0,0.0,9.78198,-0.151993,-2.68725,0.272063,8101.51,-2.54084,0.0836196,0.0
24290.0,-0.3931845967365968,0.271997,0.0,0.0,8.28826,-0.00656229,-2.60437,0.271997,8065.56,-2.56423,0.259009,0.0
24300.0,-0.38948459673659697,0.275293,0.0,0.0,0.370276,0.329605,-2.60067,0.275293,8028.14,-2.60816,0.354597,0.0
24310.0,-0.39041459673659684,0.277983,0.0,0.0,-0.0932967,0.26901,-2.6016,0.277983,7991.01,-2.71332,0.309295,0.0
24320.0,-0.4164545967365969,0.282379,0.0,0.0,-2.60448,0.439601,-2.62764,0.282379,7959.02,-2.60121,0.417966,0.0
24330.0,-0.43164459673659694,0.289109,0.0,0.0,-1.51871,0.672993,-2.64283,0.289109,7932.01,-2.69916,0.277127,0.0
24340.0,-0.43167459673659714,0.297485,0.0,0.0,-0.00261237,0.837623,-2.64286,0.297485,7906.6,-2.63493,0.208317,0.0
24350.0,-0.43010459673659707,0.304067,0.0,0.0,0.157048,0.658203,-2.64129,0.304067,7879.94,-2.66761,0.156521,0.0
24360.0,-0.3920345967365968,0.306104,0.0,0.0,3.80624,0.203631,-2.60322,0.306104,7848.14,-2.58613,0.335893,0.0
24370.0,-0.07702459673659678,0.296251,0.0,0.0,31.5014,-0.985286,-2.28821,0.296251,7810.25,-1.65081,0.315222,0.0
24380.0,0.293235403263403,0.284218,0.0,0.0,37.0265,-1.20326,-1.91795,0.284218,7773.47,-1.51264,0.228705,0.0
24390.0,0.430775403263403,0.281371,0.0,0.0,13.7531,-0.284766,-1.78041,0.281371,7744.45,-1.99094,0.305439,0.0
24400.0,0.47045540326340296,0.283883,0.0,0.0,3.9687,0.251284,-1.74073,0.283883,7720.53,-1.71401,0.247209,0.0
24410.0,0.4723754032634031,0.289337,0.0,0.0,0.191483,0.5454,-1.73881,0.289337,7697.13,-1.65733,0.320423,0.0
24420.0,0.4728154032634031,0.295159,0.0,0.0,0.0439974,0.582126,-1.73837,0.295159,7674.73,-1.74887,0.279715,0.0
24430.0,0.4732554032634031,0.305969,0.0,0.0,0.0440133,1.08101,-1.73793,0.305969,7652.87,-1.69838,0.155333,0.0
24440.0,0.46670540326340304,0.332791,0.0,0.0,-0.654811,2.68224,-1.74448,0.332791,7629.24,-1.75373,0.215282,0.0
24450.0,0.47079540326340297,0.382996,0.0,0.0,0.40936,5.02044,-1.74039,0.382996,7606.66,-1.73546,0.456974,0.0
24460.0,0.49112540326340315,0.448685,0.0,0.0,2.0327,6.56897,-1.72006,0.448685,7589.1,-1.7538,0.555629,0.0
24470.0,0.4975254032634031,0.506368,0.0,0.0,0.63957,5.76828,-1.71366,0.506368,7574.91,-1.54483,0.798326,0.0
24480.0,0.5322054032634032,0.536805,0.0,0.0,3.46878,3.04365,-1.67898,0.536805,7560.24,-1.65516,0.63429,0.0
24490.0,0.5739154032634031,0.545618,0.0,0.0,4.17052,0.88131,-1.63727,0.545618,7543.93,-1.56012,0.604235,0.0
24500.0,0.622005403263403,0.544563,0.0,0.0,4.80929,-0.105437,-1.58918,0.544563,7527.05,-1.70515,0.504197,0.0
24510.0,0.665555403263403,0.5383,0.0,0.0,4.35451,-0.626316,-1.54563,0.5383,7509.26,-1.36917,0.578807,0.0
24520.0,0.6948254032634031,0.526051,0.0,0.0,2.92696,-1.22491,-1.51636,0.526051,7490.44,-1.43744,0.591417,0.0
24530.0,0.6946854032634031,0.507954,0.0,0.0,-0.0132936,-1.80974,-1.5165,0.507954,7474.01,-1.52869,0.490167,0.0
24540.0,0.691855403263403,0.48678,0.0,0.0,-0.283594,-2.11732,-1.51933,0.48678,7462.61,-1.37431,0.313011,0.0
24550.0,0.661855403263403,0.469479,0.0,0.0,-2.99938,-1.73017,-1.54933,0.469479,7454.99,-1.57347,0.41089,0.0
24560.0,0.6391054032634031,0.456637,0.0,0.0,-2.27586,-1.28421,-1.57208,0.456637,7448.88,-1.58123,0.466563,0.0
24570.0,0.6374654032634031,0.447034,0.0,0.0,-0.163447,-0.960319,-1.57372,0.447034,7443.49,-1.38945,0.46483,0.0
24580.0,0.6367554032634031,0.44087,0.0,0.0,-0.071135,-0.616356,-1.57443,0.44087,7439.59,-1.67127,0.385685,0.0
24590.0,0.632035403263403,0.437697,0.0,0.0,-0.472289,-0.317285,-1.57915,0.437697,7437.52,-1.60716,0.422625,0.0
24600.0,0.6562154032634031,0.434625,0.0,0.0,2.4187,-0.30725,-1.55497,0.434625,7436.41,-1.45307,0.513854,0.0
24610.0,0.6857654032634031,0.430402,0.0,0.0,2.9545,-0.422223,-1.52542,0.430402,7435.06,-1.62182,0.272091,0.0
24620.0,0.6999454032634032,0.426046,0.0,0.0,1.41796,-0.435673,-1.51124,0.426046,7432.78,-1.57114,0.45973,0.0
24630.0,0.7221654032634031,0.419817,0.0,0.0,2.22188,-0.622884,-1.48902,0.419817,7429.73,-1.39063,0.177937,0.0
24640.0,0.7235354032634032,0.407295,0.0,0.0,0.137319,-1.25218,-1.48765,0.407295,7426.53,-1.43517,0.482474,0.0
24650.0,0.753945403263403,0.383162,0.0,0.0,3.04069,-2.41328,-1.45724,0.383162,7423.46,-1.48421,0.220655,0.0
24660.0,0.785065403263403,0.355146,0.0,0.0,3.11245,-2.80157,-1.42612,0.355146,7420.66,-1.35892,0.42357,0.0
24670.0,0.7843054032634031,0.331344,0.0,0.0,-0.0761196,-2.38027,-1.42688,0.331344,7418.39,-1.26805,0.48871,0.0
24680.0,0.775025403263403,0.311747,0.0,0.0,-0.928492,-1.9597,-1.43616,0.311747,7416.97,-1.34643,0.16483,0.0
24690.0,0.7739954032634031,0.295983,0.0,0.0,-0.102127,-1.57637,-1.43719,0.295983,7416.36,-1.47263,0.215257,0.0
24700.0,0.7560354032634031,0.282104,0.0,0.0,-1.79615,-1.38787,-1.45515,0.282104,7416.37,-1.60864,0.251325,0.0
24710.0,0.753845403263403,0.26857,0.0,0.0,-0.219169,-1.35343,-1.45734,0.26857,7417.58,-1.45172,0.416884,0.0
24720.0,0.7424054032634031,0.263584,0.0,0.0,-1.14418,-0.498572,-1.46878,0.263584,7422.14,-1.43386,0.258117,0.0
24730.0,0.705615403263403,0.272918,0.0,0.0,-3.67917,0.933409,-1.50557,0.272918,7431.98,-1.36463,0.571698,0.0
24740.0,0.7001054032634031,0.290758,0.0,0.0,-0.550871,1.78401,-1.51108,0.290758,7445.29,-1.55097,0.246037,0.0
24750.0,0.579905403263403,0.310862,0.0,0.0,-12.0194,2.01034,-1.63128,0.310862,7457.46,-1.8975,0.244354,0.0
24760.0,0.5166354032634031,0.321768,0.0,0.0,-6.32728,1.09057,-1.69455,0.321768,7465.98,-1.65433,0.572387,0.0
24770.0,0.49102540326340316,0.330328,0.0,0.0,-2.56108,0.856064,-1.72016,0.330328,7471.59,-1.76309,0.396328,0.0
24780.0,0.49105540326340313,0.33606,0.0,0.0,0.00332442,0.573132,-1.72013,0.33606,7475.93,-1.6726,0.301294,0.0
24790.0,0.505575403263403,0.335279,0.0,0.0,1.45203,-0.0780546,-1.70561,0.335279,7480.49,-1.81581,0.405887,0.0
24800.0,0.505095403263403,0.330161,0.0,0.0,-0.0486517,-0.511806,-1.70609,0.330161,7486.58,-1.68987,0.146113,0.0
24810.0,0.504015403263403,0.321365,0.0,0.0,-0.107961,-0.879613,-1.70717,0.321365,7495.09,-1.68433,0.407953,0.0
24820.0,0.49505540326340314,0.309263,0.0,0.0,-0.895565,-1.21019,-1.71613,0.309263,7507.08,-1.76305,0.378544,0.0
24830.0,0.508185403263403,0.294732,0.0,0.0,1.31305,-1.4531,-1.703,0.294732,7522.04,-1.78572,0.267401,0.0
24840.0,0.5083354032634031,0.283194,0.0,0.0,0.0150584,-1.15378,-1.70285,0.283194,7535.96,-1.60457,0.30496,0.0
24850.0,0.517305403263403,0.276388,0.0,0.0,0.896253,-0.680661,-1.69388,0.276388,7545.35,-1.65701,0.257723,0.0
24860.0,0.5358354032634032,0.271704,0.0,0.0,1.85329,-0.468395,-1.67535,0.271704,7551.72,-1.64722,0.173962,0.0
24870.0,0.545305403263403,0.266071,0.0,0.0,0.947537,-0.563294,-1.66588,0.266071,7558.46,-1.70034,0.208668,0.0
24880.0,0.544785403263403,0.259135,0.0,0.0,-0.0525121,-0.693611,-1.6664,0.259135,7566.05,-1.91866,0.183089,0.0
24890.0,0.5348754032634031,0.250288,0.0,0.0,-0.991047,-0.884627,-1.67631,0.250288,7572.94,-1.64031,0.435329,0.0
24900.0,0.529095403263403,0.236914,0.0,0.0,-0.578035,-1.3374,-1.68209,0.236914,7578.69,-1.83754,0.276428,0.0
24910.0,0.49646540326340305,0.221531,0.0,0.0,-3.26298,-1.53832,-1.71472,0.221531,7584.87,-1.80613,0.179945,0.0
24920.0,0.4531354032634032,0.205981,0.0,0.0,-4.33274,-1.55504,-1.75805,0.205981,7593.92,-1.6823,0.252334,0.0
24930.0,0.450125403263403,0.189853,0.0,0.0,-0.301132,-1.6128,-1.76106,0.189853,7606.82,-1.85816,0.118497,0.0
24940.0,0.4473654032634031,0.177787,0.0,0.0,-0.275577,-1.20653,-1.76382,0.177787,7621.38,-1.82445,-0.00256299,0.0
24950.0,0.40340540326340313,0.172363,0.0,0.0,-4.39691,-0.542408,-1.80778,0.172363,7633.14,-1.76896,-0.1706,0.0
24960.0,0.3657454032634031,0.170487,0.0,0.0,-3.76562,-0.187634,-1.84544,0.170487,7639.9,-1.88028,0.0996989,0.0
24970.0,0.3565254032634031,0.169804,0.0,0.0,-0.922016,-0.0682652,-1.85466,0.169804,7643.71,-1.86704,0.165682,0.0
24980.0,0.35545540326340297,0.16967,0.0,0.0,-0.106991,-0.0134524,-1.85573,0.16967,7647.77,-1.86995,0.237302,0.0
24990.0,0.3388454032634032,0.170337,0.0,0.0,-1.6609,0.0666867,-1.87234,0.170337,7653.52,-1.93376,0.251766,0.0
25000.0,0.3340554032634031,0.170261,0.0,0.0,-0.478694,-0.00753575,-1.87713,0.170261,7659.68,-1.82917,0.204064,0.0
25010.0,0.32208540326340307,0.168857,0.0,0.0,-1.19705,-0.140383,-1.8891,0.168857,7664.46,-1.91901,0.141699,0.0
25020.0,0.2929754032634031,0.163665,0.0,0.0,-2.91157,-0.519293,-1.91821,0.163665,7667.84,-1.87764,0.183866,0.0
25030.0,0.2868054032634031,0.151959,0.0,0.0,-0.616509,-1.17055,-1.92438,0.151959,7670.78,-2.05419,0.0438638,0.0
25040.0,0.26336540326340296,0.140121,0.0,0.0,-2.3438,-1.18381,-1.94782,0.140121,7674.17,-1.93528,-0.0757293,0.0
25050.0,0.26176540326340314,0.1318,0.0,0.0,-0.160786,-0.832085,-1.94942,0.1318,7678.4,-1.97891,0.134319,0.0
25060.0,0.2620954032634031,0.126801,0.0,0.0,0.0331761,-0.499882,-1.94909,0.126801,7682.96,-1.98425,0.130598,0.0
25070.0,0.277745403263403,0.121236,0.0,0.0,1.56542,-0.556531,-1.93344,0.121236,7687.4,-1.76299,0.122972,0.0
25080.0,0.27803540326340315,0.115725,0.0,0.0,0.0293353,-0.551107,-1.93315,0.115725,7691.79,-1.90524,0.0982643,0.0
25090.0,0.2774154032634031,0.109248,0.0,0.0,-0.0629017,-0.647685,-1.93377,0.109248,7695.7,-1.93649,-0.00581603,0.0
25100.0,0.2725054032634031,0.100906,0.0,0.0,-0.490092,-0.834173,-1.93868,0.100906,7698.98,-1.9483,0.242007,0.0
25110.0,0.24876540326340302,0.0932359,0.0,0.0,-2.37449,-0.767053,-1.96242,0.0932359,7702.34,-1.97431,0.0912673,0.0
25120.0,0.24061540326340314,0.0880747,0.0,0.0,-0.815003,-0.516117,-1.97057,0.0880747,7706.08,-2.04294,-0.0643688,0.0
25130.0,0.24016540326340308,0.0860017,0.0,0.0,-0.045233,-0.207296,-1.97102,0.0860017,7710.53,-1.8926,0.0765619,0.0
25140.0,0.239545403263403,0.0854864,0.0,0.0,-0.0614465,-0.051533,-1.97164,0.0854864,7716.22,-2.05662,0.00507927,0.0
25150.0,0.22560540326340317,0.0856047,0.0,0.0,-1.39436,0.011834,-1.98558,0.0856047,7721.99,-1.91356,0.122256,0.0
25160.0,0.20494540326340305,0.0850941,0.0,0.0,-2.06585,-0.0510649,-2.00624,0.0850941,7725.89,-1.91464,0.19377,0.0
25170.0,0.18555540326340303,0.082972,0.0,0.0,-1.93929,-0.212209,-2.02563,0.082972,7727.67,-2.11506,-0.0947934,0.0
25180.0,0.18314540326340323,0.0778204,0.0,0.0,-0.240894,-0.515161,-2.02804,0.0778204,7728.32,-2.09082,0.150794,0.0
25190.0,0.154435403263403,0.0712084,0.0,0.0,-2.87082,-0.661203,-2.05675,0.0712084,7728.64,-2.04738,0.0302888,0.0
25200.0,0.14048540326340309,0.0619036,0.0,0.0,-1.39547,-0.930475,-2.0707,0.0619036,7729.0,-2.09698,0.191465,0.0
25210.0,0.13971540326340293,0.0515896,0.0,0.0,-0.0768341,-1.03141,-2.07147,0.0515896,7729.58,-2.05149,-0.0310546,0.0
25220.0,0.15108540326340325,0.0442219,0.0,0.0,1.13749,-0.736769,-2.0601,0.0442219,7730.45,-2.12391,0.0211776,0.0
25230.0,0.1494054032634029,0.0433023,0.0,0.0,-0.168285,-0.0919588,-2.06178,0.0433023,7731.96,-2.0097,-0.0809994,0.0
25240.0,0.16394540326340312,0.0477845,0.0,0.0,1.45385,0.448218,-2.04724,0.0477845,7734.94,-1.9336,0.075792,0.0
25250.0,0.1791254032634031,0.0562003,0.0,0.0,1.51846,0.841584,-2.03206,0.0562003,7739.74,-2.05619,-0.00773328,0.0
25260.0,0.19427540326340287,0.0648168,0.0,0.0,1.5145,0.861647,-2.01691,0.0648168,7745.64,-2.04233,0.0487856,0.0
25270.0,0.23519540326340316,0.0704411,0.0,0.0,4.0918,0.562429,-1.97599,0.0704411,7751.6,-1.98535,0.103547,0.0
25280.0,0.23560540326340318,0.0749744,0.0,0.0,0.041693,0.453335,-1.97558,0.0749744,7756.81,-1.87518,0.0940699,0.0
25290.0,0.24660540326340308,0.0770205,10.3311,0.0,1.09961,0.204606,-12.2957,0.0770205,7761.27,-1.82717,0.126586,0.0
25300.0,0.27225540326340303,0.0778127,10.3311,0.0,2.56511,0.0792218,-12.27,0.0778127,7766.8,-1.93867,0.0695988,0.0
25310.0,0.273265403263403,0.0794086,10.3311,0.0,0.100669,0.159593,-12.269,0.0794086,7774.89,-1.98577,0.165651,0.0
25320.0,0.26820540326340314,0.0809649,10.3311,0.0,-0.506127,0.155631,-12.2741,0.0809649,7783.32,-1.94177,0.0219664,0.0
25330.0,0.26298540326340314,0.0815457,10.3311,0.0,-0.521083,0.0580764,-12.2793,0.0815457,7789.46,-1.87618,-0.0235642,0.0
25340.0,0.25634540326340316,0.0802704,10.3311,0.0,-0.664733,-0.127533,-12.2859,0.0802704,7794.0,-1.95307,0.159863,0.0
25350.0,0.25553540326340296,0.0768691,10.3311,0.0,-0.0811812,-0.340128,-12.2868,0.0768691,7798.46,-1.96683,0.0559907,0.0
25360.0,0.24889540326340298,0.0729658,10.3311,0.0,-0.663454,-0.390328,-12.2934,0.0729658,7802.8,-2.00351,0.0821346,0.0
25370.0,0.2483354032634031,0.0692336,10.3311,0.0,-0.0557757,-0.373218,-12.294,0.0692336,7806.32,-1.87562,0.0881767,0.0
25380.0,0.2506054032634031,0.0655629,10.3311,0.0,0.226598,-0.367078,-12.2917,0.0655629,7809.39,-2.07477,-0.0227034,0.0
25390.0,0.31106540326340304,0.058955,10.3311,0.0,6.04556,-0.660784,-12.2312,0.058955,7813.64,-1.64559,0.0127698,0.0
25400.0,0.3840854032634031,0.0512705,10.3311,0.0,7.30283,-0.768448,-12.1582,0.0512705,7820.17,-1.83622,0.0796598,0.0
25410.0,0.38685540326340306,0.0465435,10.3311,0.0,0.276792,-0.472706,-12.1554,0.0465435,7828.71,-1.77415,0.0298342,0.0
25420.0,0.38441540326340307,0.0432777,10.3311,0.0,-0.244303,-0.326583,-12.1579,0.0432777,7838.38,-1.78137,0.0439181,0.0
25430.0,0.33272540326340305,0.0435329,10.3311,0.0,-5.16878,0.0255296,-12.2096,0.0435329,7848.24,-1.91936,0.0387627,0.0
25440.0,0.29205540326340307,0.0439297,10.3311,0.0,-4.06684,0.0396742,-12.2502,0.0439297,7857.77,-1.92929,0.182542,0.0
25450.0,0.2874154032634031,0.0415789,10.3311,0.0,-0.464352,-0.235078,-12.2549,0.0415789,7867.39,-1.92079,0.111715,0.0
25460.0,0.28608540326340304,0.0353867,10.3311,0.0,-0.13244,-0.619216,-12.2562,0.0353867,7877.15,-1.90725,0.175717,0.0
25470.0,0.28537540326340305,0.0256153,10.3311,0.0,-0.071271,-0.977142,-12.2569,0.0256153,7885.61,-1.92976,-0.0203661,0.0
25480.0,0.28581540326340305,0.0165616,10.3311,0.0,0.0434252,-0.905376,-12.2565,0.0165616,7891.75,-1.93013,-0.0375726,0.0
25490.0,0.28434540326340296,0.0118213,10.3311,0.0,-0.14664,-0.474023,-12.2579,0.0118213,7896.62,-1.77359,-0.183188,0.0
25500.0,0.285845403263403,0.0106486,10.3311,0.0,0.150535,-0.117271,-12.2564,0.0106486,7901.87,-1.77044,-0.055469,0.0
25510.0,0.322785403263403,0.010816,10.3311,0.0,3.69352,0.0167397,-12.2195,0.010816,7908.79,-1.93968,0.166703,0.0
25520.0,0.31152540326340317,0.0173209,10.3311,0.0,-1.12562,0.650491,-12.2308,0.0173209,7917.95,-2.0489,0.0160776,0.0
25530.0,0.26658540326340296,0.0298965,10.3311,0.0,-4.49407,1.25755,-12.2757,0.0298965,7928.69,-1.83729,0.120596,0.0
25540.0,0.252525403263403,0.0427496,10.3311,0.0,-1.40641,1.28531,-12.2898,0.0427496,7939.7,-1.99881,0.00956426,0.0
25550.0,0.24434540326340315,0.0539186,10.3311,0.0,-0.817863,1.1169,-12.2979,0.0539186,7950.28,-1.93729,0.0941689,0.0
25560.0,0.24464540326340312,0.0629011,10.3311,0.0,0.0299916,0.898245,-12.2976,0.0629011,7961.05,-1.98487,0.159206,0.0
25570.0,0.2456954032634031,0.073587,10.3311,0.0,0.104972,1.06859,-12.2966,0.073587,7971.94,-2.03308,-0.0554345,0.0
25580.0,0.2525854032634032,0.0893977,10.3311,0.0,0.689082,1.58107,-12.2897,0.0893977,7980.51,-1.62318,0.0167831,0.0
25590.0,0.25566540326340315,0.114465,10.3311,0.0,0.308328,2.50677,-12.2866,0.114465,7985.08,-1.94702,0.167006,0.0
25600.0,0.365665403263403,0.151717,10.3311,0.0,10.9997,3.72516,-12.1766,0.151717,7987.48,-1.92321,-0.000459473,0.0
25610.0,2.4499334032634033,0.13552,10.3311,0.0,208.427,-1.61968,-10.0924,0.13552,7991.78,2.31098,0.136746,0.0
25620.0,5.658065403263404,0.114027,10.3311,0.0,320.813,-2.14933,-6.88423,0.114027,8002.79,7.02614,0.223524,0.0
25630.0,8.016125403263404,0.133298,10.3311,0.0,235.806,1.92711,-4.52617,0.133298,8021.34,8.08766,0.262899,0.0
25640.0,9.295445403263402,0.161796,10.3311,0.0,127.933,2.84985,-3.24684,0.161796,8040.23,7.05287,0.176254,0.0
25650.0,9.609625403263403,0.184345,10.3311,0.0,31.4178,2.25485,-2.93266,0.184345,8052.61,7.38052,0.219284,0.0
25660.0,9.818565403263403,0.192397,10.3311,0.0,20.8936,0.805234,-2.72373,0.192397,8059.62,7.88545,0.108057,0.0
25670.0,9.927445403263404,0.193989,10.3311,0.0,10.8886,0.159129,-2.61484,0.193989,8064.71,7.81382,0.368078,0.0
25680.0,10.023025403263404,0.190342,10.3311,0.0,9.55747,-0.364705,-2.51927,0.190342,8068.73,7.93564,0.188627,0.0
25690.0,10.032055403263403,0.18581,10.3311,0.0,0.902812,-0.453105,-2.51024,0.18581,8072.56,7.85931,0.145825,0.0
25700.0,10.058465403263403,0.180556,10.3311,0.0,2.64112,-0.525417,-2.48383,0.180556,8078.62,7.74707,0.294679,0.0
25710.0,10.062845403263402,0.174516,10.3311,0.0,0.438433,-0.603986,-2.47944,0.174516,8088.16,7.80086,0.138489,0.0
25720.0,10.049035403263403,0.16698,10.3311,0.0,-1.38076,-0.753611,-2.49325,0.16698,8098.61,7.86466,0.00415733,0.0
25730.0,10.046825403263403,0.156168,10.3311,0.0,-0.221494,-1.08126,-2.49547,0.156168,8106.3,7.95338,0.107768,0.0
25740.0,10.031945403263403,0.140487,10.3311,0.0,-1.48745,-1.56802,-2.51034,0.140487,8110.63,7.71352,0.183908,0.0
25750.0,10.026765403263402,0.121776,10.3311,0.0,-0.518364,-1.8711,-2.51552,0.121776,8113.15,7.94843,0.229169,0.0
25760.0,10.005585403263403,0.106174,10.3311,0.0,-2.11789,-1.56026,-2.5367,0.106174,8115.37,7.82359,0.315119,0.0
25770.0,10.003885403263403,0.0963919,10.3311,0.0,-0.170472,-0.978193,-2.53841,0.0963919,8117.56,7.75806,-0.159468,0.0
25780.0,10.005725403263403,0.092197,10.3311,0.0,0.184415,-0.419486,-2.53656,0.092197,8119.12,7.75711,-0.150031,0.0
25790.0,10.003135403263403,0.0911401,10.3311,0.0,-0.25881,-0.105692,-2.53915,0.0911401,8119.8,7.8575,0.0599054,0.0
25800.0,9.995595403263403,0.0917191,10.3311,0.0,-0.754608,0.0578938,-2.5467,0.0917191,8120.01,7.81679,0.120295,0.0
25810.0,9.946735403263403,0.0966835,10.3311,0.0,-4.88555,0.496444,-2.59555,0.0966835,8120.1,7.44347,0.0307412,0.0
25820.0,9.941385403263403,0.110027,10.3311,0.0,-0.535226,1.33432,-2.60091,0.110027,8120.18,7.62913,0.385561,0.0
25830.0,9.940865403263404,0.133902,10.3311,0.0,-0.0520215,2.38752,-2.60143,0.133902,8120.02,7.79987,0.176285,0.0
25840.0,9.884905403263403,0.159238,10.3311,0.0,-5.59544,2.53365,-2.65738,0.159238,8119.08,7.78781,0.268026,0.0
25850.0,9.919805403263403,0.172507,10.3311,0.0,3.48945,1.32687,-2.62249,0.172507,8116.29,7.85719,0.051965,0.0
25860.0,9.953515403263403,0.17618,10.3311,0.0,3.37078,0.367246,-2.58878,0.17618,8111.03,7.64935,0.18515,0.0
25870.0,9.979895403263402,0.175793,10.3311,0.0,2.63854,-0.0386173,-2.56239,0.175793,8104.6,7.70868,0.0136092,0.0
25880.0,9.981495403263404,0.174323,10.3311,0.0,0.160018,-0.147028,-2.56079,0.174323,8099.32,7.76963,0.267875,0.0
25890.0,9.981925403263403,0.172181,10.3311,0.0,0.0432023,-0.214252,-2.56036,0.172181,8095.77,7.83683,0.163649,0.0
25900.0,9.995595403263403,0.169669,10.3311,0.0,1.36697,-0.25115,-2.54669,0.169669,8092.53,7.77972,0.170208,0.0
25910.0,9.996375403263404,0.166413,10.3311,0.0,0.0780026,-0.32563,-2.54591,0.166413,8087.52,7.80423,0.3125,0.0
25920.0,10.006655403263403,0.158713,10.3311,0.0,1.02768,-0.76993,-2.53563,0.158713,8079.47,7.87353,0.210685,0.0
25930.0,10.007325403263403,0.144181,10.3311,0.0,0.0674351,-1.45328,-2.53496,0.144181,8069.43,7.71814,0.130637,0.0
25940.0,10.075205403263404,0.121612,10.3311,0.0,6.78789,-2.25683,-2.46708,0.121612,8059.85,7.7199,-0.0148993,0.0
25950.0,10.890895403263404,0.0779264,10.3311,0.0,81.5691,-4.3686,-1.65139,0.0779264,8052.44,9.45629,0.0436668,0.0
25960.0,12.131625403263403,0.0188273,10.3311,0.0,124.072,-5.90992,-0.410667,0.0188273,8046.79,11.6529,-0.433288,0.0
25970.0,12.699685403263404,-0.0378596,10.3311,0.0,56.8051,-5.66869,0.157383,-0.0378596,8041.09,10.4322,-0.107186,0.0
25980.0,12.783985403263404,-0.0932523,10.3311,0.0,8.43385,-5.53926,0.241722,-0.0932523,8034.51,10.4674,0.0748125,0.0
25990.0,12.863285403263404,-0.147524,10.3311,0.0,7.93027,-5.42716,0.321025,-0.147524,8028.34,10.6803,-0.225183,0.0
26000.0,12.867285403263404,-0.187435,10.3311,0.0,0.398635,-3.99108,0.325011,-0.187435,8023.59,10.7907,-0.254899,0.0
26010.0,12.966385403263404,-0.208467,10.3311,0.0,9.90461,-2.10327,0.424057,-0.208467,8019.72,10.8311,-0.211735,0.0
26020.0,12.970785403263404,-0.214948,10.3311,0.0,0.447361,-0.648065,0.428531,-0.214948,8016.53,10.7428,-0.263215,0.0
26030.0,12.986485403263403,-0.216901,10.3311,0.0,1.56208,-0.195346,0.444151,-0.216901,8014.49,10.8211,-0.124696,0.0
26040.0,12.990085403263404,-0.216434,10.3311,0.0,0.360015,0.0467275,0.447752,-0.216434,8013.72,10.7275,-0.237212,0.0
26050.0,12.990485403263403,-0.213365,10.3311,0.0,0.0438993,0.306954,0.448191,-0.213365,8013.94,10.7852,-0.0879651,0.0
26060.0,12.991085403263403,-0.207954,10.3311,0.0,0.0612556,0.54105,0.448803,-0.207954,8014.67,10.7859,-0.203215,0.0
26070.0,12.993185403263404,-0.201084,10.3311,0.0,0.207937,0.686982,0.450883,-0.201084,8015.63,10.7785,-0.298402,0.0
26080.0,12.993985403263403,-0.194762,10.3311,0.0,0.0812762,0.632197,0.451695,-0.194762,8016.95,10.794,-0.104974,0.0
26090.0,12.997985403263403,-0.191236,10.3311,0.0,0.401474,0.352684,0.45571,-0.191236,8018.7,10.8801,-0.193486,0.0
26100.0,13.027185403263404,-0.190718,10.3311,0.0,2.91479,0.0517319,0.484858,-0.190718,8021.12,10.7327,-0.159332,0.0
26110.0,13.058185403263403,-0.191677,10.3311,0.0,3.10153,-0.0958601,0.515873,-0.191677,8025.09,10.8408,-0.166671,0.0
26120.0,13.058885403263403,-0.193102,10.3311,0.0,0.0720913,-0.142502,0.516594,-0.193102,8031.38,10.847,-0.246186,0.0
26130.0,13.048385403263403,-0.196136,10.3311,0.0,-1.04871,-0.303427,0.506107,-0.196136,8039.39,10.8486,-0.21692,0.0
26140.0,13.045885403263403,-0.204527,10.3311,0.0,-0.253379,-0.839133,0.503573,-0.204527,8047.01,10.831,-0.172011,0.0
26150.0,13.015085403263404,-0.219869,10.3311,0.0,-3.07852,-1.5342,0.472788,-0.219869,8053.42,10.7523,-0.346666,0.0
26160.0,12.983985403263404,-0.238074,10.3311,0.0,-3.10787,-1.82049,0.441709,-0.238074,8060.76,10.7798,-0.398574,0.0
26170.0,12.981285403263403,-0.252511,10.3311,0.0,-0.270233,-1.44361,0.439007,-0.252511,8071.89,10.7448,-0.266713,0.0
26180.0,12.981785403263403,-0.260525,10.3311,0.0,0.0486998,-0.801435,0.439494,-0.260525,8087.27,10.6869,-0.028545,0.0
26190.0,13.013285403263403,-0.26474,10.3311,0.0,3.14968,-0.421552,0.470991,-0.26474,8103.27,10.8877,-0.267543,0.0
26200.0,13.065385403263404,-0.267019,10.3311,0.0,5.20596,-0.227912,0.52305,-0.267019,8115.19,10.7549,-0.339757,0.0
26210.0,13.067585403263404,-0.267265,10.3311,0.0,0.221502,-0.0245938,0.525265,-0.267265,8121.65,10.9002,-0.298957,0.0
26220.0,13.066085403263404,-0.266699,10.3311,0.0,-0.143225,0.0566035,0.523833,-0.266699,8124.88,10.9739,-0.159394,0.0
26230.0,13.032085403263403,-0.265502,10.3311,0.0,-3.40215,0.119749,0.489812,-0.265502,8128.65,10.7972,-0.268379,0.0
26240.0,13.025285403263403,-0.264828,10.3311,0.0,-0.684547,0.0673937,0.482966,-0.264828,8136.58,10.7515,-0.300534,0.0
26250.0,13.017085403263403,-0.264143,10.3311,0.0,-0.821516,0.068541,0.474751,-0.264143,8149.04,10.8303,-0.269298,0.0
26260.0,13.007385403263404,-0.263142,10.3311,0.0,-0.965144,0.100018,0.4651,-0.263142,8162.36,10.8514,-0.25716,0.0
26270.0,13.013885403263403,-0.262014,10.3311,0.0,0.651389,0.112805,0.471614,-0.262014,8174.6,10.6486,-0.200943,0.0
26280.0,12.996085403263404,-0.25979,10.3311,0.0,-1.78583,0.222443,0.453755,-0.25979,8187.97,10.7229,-0.237152,0.0
26290.0,12.993685403263404,-0.257345,10.3311,0.0,-0.235887,0.244517,0.451396,-0.257345,8203.65,10.8176,-0.371303,0.0
26300.0,12.994385403263404,-0.256383,10.3311,0.0,0.0680308,0.0961515,0.452077,-0.256383,8220.0,10.7434,-0.325229,0.0
26310.0,13.009985403263403,-0.258578,10.3311,0.0,1.56277,-0.219502,0.467704,-0.258578,8235.4,10.7283,-0.34685,0.0
26320.0,13.028485403263403,-0.263768,10.3311,0.0,1.84744,-0.519002,0.486179,-0.263768,8248.95,10.8555,-0.226439,0.0
26330.0,13.034085403263404,-0.271312,10.3311,0.0,0.565283,-0.754377,0.491832,-0.271312,8260.12,10.7849,-0.217599,0.0
26340.0,13.050785403263404,-0.279961,10.3311,0.0,1.66492,-0.864867,0.508481,-0.279961,8270.28,10.8259,-0.344636,0.0
26350.0,13.057585403263403,-0.2867,10.3311,0.0,0.682872,-0.673922,0.51531,-0.2867,8282.43,10.8369,-0.336346,0.0
26360.0,13.082085403263404,-0.292384,10.3311,0.0,2.446,-0.568376,0.53977,-0.292384,8299.0,10.904,-0.25683,0.0
26370.0,13.106085403263403,-0.30116,10.3311,0.0,2.3991,-0.877659,0.563761,-0.30116,8319.83,10.9728,-0.233864,0.0
26380.0,13.105785403263404,-0.316665,10.3311,0.0,-0.029883,-1.55047,0.563462,-0.316665,8341.42,10.9059,-0.32879,0.0
26390.0,13.108885403263404,-0.338329,10.3311,0.0,0.315861,-2.1664,0.56662,-0.338329,8359.69,10.87,-0.360071,0.0
26400.0,13.105885403263404,-0.361103,10.3311,0.0,-0.306789,-2.27741,0.563553,-0.361103,8373.65,10.8151,-0.396054,0.0
26410.0,13.097785403263403,-0.38014,10.3311,0.0,-0.804619,-1.90374,0.555506,-0.38014,8385.74,10.98,-0.474442,0.0
26420.0,13.081185403263403,-0.39317,10.3311,0.0,-1.66079,-1.30293,0.538898,-0.39317,8399.11,10.7397,-0.488708,0.0
26430.0,13.084285403263404,-0.401236,10.3311,0.0,0.312088,-0.806652,0.542019,-0.401236,8413.72,10.9578,-0.429578,0.0
26440.0,13.130285403263404,-0.407007,10.3311,0.0,4.5967,-0.577066,0.587986,-0.407007,8427.23,10.6743,-0.39274,0.0
26450.0,13.118485403263403,-0.412282,10.3311,0.0,-1.18229,-0.527552,0.576163,-0.412282,8438.93,11.0473,-0.428708,0.0
26460.0,13.123085403263403,-0.418998,10.3311,0.0,0.46773,-0.671611,0.580841,-0.418998,8449.33,10.9626,-0.346362,0.0
26470.0,13.149785403263403,-0.425587,10.3311,0.0,2.66547,-0.658871,0.607495,-0.425587,8459.07,10.8196,-0.47439,0.0
26480.0,13.149685403263403,-0.431971,10.3311,0.0,-0.00937294,-0.638366,0.607402,-0.431971,8469.73,10.9023,-0.358993,0.0
26490.0,13.134185403263404,-0.442945,10.3311,0.0,-1.55268,-1.09739,0.591875,-0.442945,8482.48,10.9955,-0.403783,0.0
26500.0,13.131785403263404,-0.462247,10.3311,0.0,-0.239952,-1.93021,0.589475,-0.462247,8496.66,10.8176,-0.566443,0.0
26510.0,13.134585403263404,-0.48737,10.3311,0.0,0.281157,-2.51232,0.592287,-0.48737,8511.54,10.9074,-0.579965,0.0
26520.0,13.147885403263404,-0.513183,10.3311,0.0,1.33347,-2.58128,0.605622,-0.513183,8527.04,10.9849,-0.398695,0.0
26530.0,13.133885403263404,-0.536021,10.3311,0.0,-1.40065,-2.28384,0.591615,-0.536021,8542.54,10.9149,-0.624088,0.0
26540.0,13.131285403263403,-0.556183,10.3311,0.0,-0.260256,-2.01618,0.589013,-0.556183,8557.69,11.0171,-0.529871,0.0
26550.0,13.129085403263403,-0.577499,10.3311,0.0,-0.217575,-2.13158,0.586837,-0.577499,8573.31,10.8476,-0.746308,0.0
26560.0,13.126885403263403,-0.603682,10.3311,0.0,-0.219747,-2.61827,0.584639,-0.603682,8589.34,10.8991,-0.711395,0.0
26570.0,13.134085403263404,-0.630041,10.3311,0.0,0.711539,-2.63597,0.591755,-0.630041,8603.38,10.8809,-0.44694,0.0
26580.0,13.111385403263403,-0.64989,10.3311,0.0,-2.26382,-1.98484,0.569117,-0.64989,8613.15,11.0401,-0.742333,0.0
26590.0,13.145585403263404,-0.665322,10.3311,0.0,3.41909,-1.54327,0.603307,-0.665322,8619.49,11.0003,-0.554907,0.0
26600.0,13.168385403263404,-0.676907,10.3311,0.0,2.27628,-1.15848,0.62607,-0.676907,8624.77,10.8872,-0.643022,0.0
26610.0,13.173185403263403,-0.683843,10.3311,0.0,0.482369,-0.693574,0.630894,-0.683843,8630.34,11.121,-0.774956,0.0
26620.0,13.148685403263404,-0.688748,10.3311,0.0,-2.45234,-0.49046,0.606371,-0.688748,8637.11,10.9842,-0.636339,0.0
26630.0,13.138985403263403,-0.69684,10.3311,0.0,-0.971125,-0.809251,0.596659,-0.69684,8645.49,10.7986,-0.657209,0.0
26640.0,13.137085403263404,-0.708845,10.3311,0.0,-0.185743,-1.20053,0.594802,-0.708845,8654.13,10.9032,-0.725284,0.0
26650.0,13.128985403263403,-0.720825,10.3311,0.0,-0.808359,-1.19801,0.586718,-0.720825,8660.85,10.9222,-0.724538,0.0
26660.0,13.120085403263403,-0.729461,10.3311,0.0,-0.887969,-0.863503,0.577839,-0.729461,8664.83,10.848,-0.742854,0.0
26670.0,13.096985403263403,-0.735871,10.3311,0.0,-2.31765,-0.641008,0.554662,-0.735871,8667.23,10.9033,-0.765302,0.0
26680.0,13.073185403263404,-0.745469,10.3311,0.0,-2.37424,-0.959817,0.53092,-0.745469,8669.76,10.8192,-0.912289,0.0
26690.0,13.062185403263404,-0.764678,10.3311,0.0,-1.10696,-1.92092,0.51985,-0.764678,8673.47,10.8827,-0.727492,0.0
26700.0,13.046485403263404,-0.793244,10.3311,0.0,-1.5633,-2.85662,0.504217,-0.793244,8678.8,10.7261,-0.898731,0.0
26710.0,13.043085403263403,-0.821329,10.3311,0.0,-0.340361,-2.80846,0.500814,-0.821329,8685.98,10.6551,-0.835615,0.0
26720.0,13.041185403263404,-0.842133,10.3311,0.0,-0.190842,-2.08041,0.498905,-0.842133,8694.5,10.8911,-0.87573,0.0
26730.0,13.045185403263403,-0.859855,10.3311,0.0,0.396075,-1.77218,0.502866,-0.859855,8702.41,10.8902,-0.839199,0.0
26740.0,13.066385403263403,-0.877665,10.3311,0.0,2.11856,-1.78102,0.524051,-0.877665,8707.74,10.8505,-0.926014,0.0
26750.0,13.066285403263404,-0.894062,10.3311,0.0,-0.00342364,-1.63977,0.524017,-0.894062,8710.32,10.8567,-0.89206,0.0
26760.0,13.064485403263404,-0.911933,10.3311,0.0,-0.181908,-1.78705,0.522198,-0.911933,8711.2,10.8315,-1.03125,0.0
26770.0,13.061285403263403,-0.934357,10.3311,0.0,-0.324309,-2.24244,0.518955,-0.934357,8711.28,10.8559,-0.909807,0.0
26780.0,13.050685403263403,-0.95748,0.0,0.0,-1.05438,-2.3123,-10.8395,-0.95748,8710.81,10.7987,-1.08204,0.0
26790.0,13.030185403263404,-0.975147,0.0,0.0,-2.05544,-1.76671,-10.819,-0.975147,8709.47,10.6617,-1.02012,0.0
26800.0,12.998285403263404,-0.984707,0.0,0.0,-3.18265,-0.956001,-10.7871,-0.984707,8706.63,10.8795,-0.953512,0.0
26810.0,12.976785403263403,-0.98628,0.0,0.0,-2.15588,-0.157296,-10.7656,-0.98628,8701.66,10.5988,-0.954714,0.0
26820.0,12.975485403263404,-0.984422,0.0,0.0,-0.125795,0.185867,-10.7643,-0.984422,8694.65,10.7724,-0.996965,0.0
26830.0,12.962985403263403,-0.986309,0.0,0.0,-1.24864,-0.188688,-10.7518,-0.986309,8686.35,10.7478,-1.06659,0.0
26840.0,12.973385403263404,-0.994468,0.0,0.0,1.0407,-0.815888,-10.7622,-0.994468,8677.32,10.7881,-1.05482,0.0
26850.0,12.974585403263404,-1.00419,0.0,0.0,0.120172,-0.971775,-10.7634,-1.00419,8668.39,10.6767,-0.908923,0.0
26860.0,12.989285403263404,-1.0135,0.0,0.0,1.46237,-0.931141,-10.7781,-1.0135,8661.43,10.7709,-0.902283,0.0
26870.0,13.023385403263404,-1.02511,0.0,0.0,3.40877,-1.16121,-10.8122,-1.02511,8657.58,10.9106,-0.982508,0.0
26880.0,13.009785403263404,-1.04054,0.0,0.0,-1.35037,-1.54359,-10.7986,-1.04054,8655.64,10.8921,-1.08327,0.0
26890.0,13.008585403263403,-1.06169,0.0,0.0,-0.126227,-2.11447,-10.7974,-1.06169,8653.2,10.7784,-1.01035,0.0
26900.0,13.004585403263404,-1.08632,0.0,0.0,-0.396736,-2.46264,-10.7934,-1.08632,8648.15,10.7332,-1.30595,0.0
26910.0,12.966985403263404,-1.10718,0.0,0.0,-3.76302,-2.08602,-10.7558,-1.10718,8640.39,10.6702,-1.17334,0.0
26920.0,12.947685403263403,-1.12026,0.0,0.0,-1.92966,-1.30836,-10.7365,-1.12026,8632.41,10.7565,-1.13908,0.0
26930.0,12.928385403263404,-1.12605,0.0,0.0,-1.93091,-0.579046,-10.7172,-1.12605,8626.71,10.6349,-1.14433,0.0
26940.0,12.914685403263404,-1.12752,0.0,0.0,-1.36438,-0.147006,-10.7035,-1.12752,8623.67,10.7143,-1.18821,0.0
26950.0,12.858285403263404,-1.12562,0.0,0.0,-5.64884,0.189727,-10.6471,-1.12562,8622.28,10.4454,-1.08019,0.0
26960.0,12.724385403263403,-1.11869,0.0,0.0,-13.3822,0.693264,-10.5132,-1.11869,8621.04,10.6078,-1.07013,0.0
26970.0,12.316985403263404,-1.10159,0.0,0.0,-40.7394,1.70979,-10.1058,-1.10159,8617.47,9.87982,-1.31722,0.0
26980.0,10.274525403263404,-1.04665,0.0,0.0,-204.25,5.49441,-8.06334,-1.04665,8607.78,2.98312,-0.526864,0.0
26990.0,5.736605403263403,-0.901959,0.0,0.0,-453.792,14.4689,-3.52542,-0.901959,8588.35,-1.77067,-0.236369,0.0
27000.0,1.886469403263403,-0.723848,0.0,0.0,-385.013,17.8112,0.324716,-0.723848,8561.25,-1.90907,-0.822792,0.0
27010.0,0.6667254032634031,-0.630734,0.0,0.0,-121.975,9.31135,1.54446,-0.630734,8537.1,-1.06732,-0.617446,0.0
27020.0,0.4766454032634031,-0.598586,0.0,0.0,-19.0074,3.21487,1.73454,-0.598586,8524.26,-1.70311,-0.470255,0.0
27030.0,0.461685403263403,-0.591352,0.0,0.0,-1.49651,0.723387,1.7495,-0.591352,8520.45,-1.74603,-0.521409,0.0
27040.0,0.4576654032634031,-0.592632,0.0,0.0,-0.40197,-0.127988,1.75352,-0.592632,8520.06,-1.82128,-0.525645,0.0
27050.0,0.4433254032634031,-0.597634,0.0,0.0,-1.43421,-0.500221,1.76786,-0.597634,8520.8,-1.7481,-0.629044,0.0
27060.0,0.4220454032634031,-0.607262,0.0,0.0,-2.12707,-0.962873,1.78914,-0.607262,8522.5,-1.81416,-0.584214,0.0
27070.0,0.40235540326340313,-0.623082,0.0,0.0,-1.96949,-1.58192,1.80883,-0.623082,8525.22,-1.86536,-0.747423,0.0
27080.0,0.3892654032634031,-0.641576,0.0,0.0,-1.30872,-1.84938,1.82192,-0.641576,8528.68,-1.80528,-0.754812,0.0
27090.0,0.37388540326340314,-0.658284,0.0,0.0,-1.53847,-1.67088,1.8373,-0.658284,8532.02,-1.91281,-0.786489,0.0
27100.0,0.37370540326340307,-0.671986,0.0,0.0,-0.0181061,-1.37019,1.83748,-0.671986,8534.84,-1.82384,-0.70173,0.0
27110.0,0.384505403263403,-0.677813,0.0,0.0,1.08002,-0.582695,1.82668,-0.677813,8538.0,-1.87837,-0.631957,0.0
27120.0,0.3854754032634031,-0.671325,0.0,0.0,0.0974903,0.648839,1.82571,-0.671325,8542.01,-1.79214,-0.634072,0.0
27130.0,0.386575403263403,-0.65657,0.0,0.0,0.109885,1.47545,1.82461,-0.65657,8545.74,-1.81095,-0.455023,0.0
27140.0,0.387595403263403,-0.642881,0.0,0.0,0.101966,1.36888,1.82359,-0.642881,8548.23,-1.7836,-0.753757,0.0
27150.0,0.3870754032634032,-0.635396,0.0,0.0,-0.0523376,0.748586,1.82411,-0.635396,8549.99,-1.95404,-0.475541,0.0
27160.0,0.363085403263403,-0.630477,0.0,0.0,-2.39824,0.491868,1.8481,-0.630477,8552.19,-1.84602,-0.598556,0.0
27170.0,0.3680954032634032,-0.626697,0.0,0.0,0.500802,0.377967,1.84309,-0.626697,8555.74,-1.72334,-0.709808,0.0
27180.0,0.36865540326340307,-0.622613,0.0,0.0,0.0559168,0.408376,1.84253,-0.622613,8560.32,-1.89594,-0.559273,0.0
27190.0,0.3670654032634031,-0.619616,0.0,0.0,-0.159085,0.299728,1.84412,-0.619616,8564.31,-1.6697,-0.650384,0.0
27200.0,0.3187654032634031,-0.615351,0.0,0.0,-4.83009,0.42656,1.89242,-0.615351,8566.44,-1.64862,-0.651251,0.0
27210.0,0.1420854032634029,-0.603013,0.0,0.0,-17.6676,1.2338,2.0691,-0.603013,8566.64,-2.22522,-0.4607,0.0
27220.0,-0.07091459673659672,-0.581763,0.0,0.0,-21.3,2.12496,2.2821,-0.581763,8563.72,-3.25768,-0.257826,0.0
27230.0,-0.18171459673659696,-0.557168,0.0,0.0,-11.0805,2.45951,2.3929,-0.557168,8553.57,-2.4331,-0.424396,0.0
27240.0,-0.34619459673659714,-0.528674,0.0,0.0,-16.4483,2.84943,2.55738,-0.528674,8534.33,-2.69045,-0.675532,0.0
27250.0,-0.44315459673659685,-0.507097,0.0,0.0,-9.69559,2.15764,2.65434,-0.507097,8512.07,-2.73268,-0.5123,0.0
27260.0,-0.44630459673659706,-0.495028,0.0,0.0,-0.314884,1.20689,2.65749,-0.495028,8493.26,-2.70584,-0.470393,0.0
27270.0,-0.444194596736597,-0.4876,0.0,0.0,0.210986,0.742844,2.65538,-0.4876,8476.92,-2.51896,-0.489275,0.0
27280.0,-0.4076745967365971,-0.483997,0.0,0.0,3.65162,0.360289,2.61886,-0.483997,8460.27,-2.5606,-0.400286,0.0
27290.0,-0.394844596736597,-0.48056,0.0,0.0,1.28357,0.343742,2.60603,-0.48056,8443.43,-2.59509,-0.43358,0.0
27300.0,-0.38785459673659695,-0.477849,0.0,0.0,0.698451,0.271031,2.59904,-0.477849,8427.2,-2.58496,-0.470751,0.0
27310.0,-0.3874245967365968,-0.475687,0.0,0.0,0.0434561,0.216239,2.59861,-0.475687,8410.05,-2.61512,-0.507632,0.0
27320.0,-0.3873445967365967,-0.474044,0.0,0.0,0.00777254,0.164331,2.59853,-0.474044,8384.74,-2.5547,-0.501928,0.0
27330.0,-0.3884545967365969,-0.472454,0.0,0.0,-0.110947,0.158987,2.59964,-0.472454,8346.16,-2.61767,-0.429172,0.0
27340.0,-0.39483459673659693,-0.47052,0.0,0.0,-0.638369,0.193372,2.60602,-0.47052,8302.16,-2.5941,-0.678755,0.0
27350.0,-0.3993745967365969,-0.46791,0.0,0.0,-0.45389,0.261006,2.61056,-0.46791,8260.36,-2.50425,-0.469832,0.0
27360.0,-0.4156245967365968,-0.46187,0.0,0.0,-1.6251,0.603993,2.62681,-0.46187,8216.61,-2.68646,-0.474666,0.0
27370.0,-0.45066459673659676,-0.449329,0.0,0.0,-3.50431,1.25407,2.66185,-0.449329,8165.71,-2.69308,-0.363666,0.0
27380.0,-0.492934596736597,-0.430133,0.0,0.0,-4.22631,1.91965,2.70412,-0.430133,8110.82,-2.85114,-0.460602,0.0
27390.0,-0.5096245967365971,-0.40877,0.0,0.0,-1.66905,2.1363,2.72081,-0.40877,8060.18,-2.69796,-0.127933,0.0
27400.0,-0.5088045967365971,-0.387518,0.0,0.0,0.0816475,2.1252,2.71999,-0.387518,8017.29,-2.72784,-0.363132,0.0
27410.0,-0.5072145967365969,-0.365587,0.0,0.0,0.158741,2.19308,2.7184,-0.365587,7978.88,-2.73496,-0.347627,0.0
27420.0,-0.5048945967365968,-0.342122,0.0,0.0,0.232335,2.34649,2.71608,-0.342122,7939.27,-2.61071,-0.245123,0.0
27430.0,-0.48834459673659714,-0.317803,0.0,0.0,1.65484,2.43188,2.69953,-0.317803,7895.18,-2.63681,-0.238596,0.0
27440.0,-0.4723445967365971,-0.295444,0.0,0.0,1.60001,2.23595,2.68353,-0.295444,7849.32,-2.88243,-0.418581,0.0
27450.0,-0.4575045967365967,-0.277828,0.0,0.0,1.48404,1.76155,2.66869,-0.277828,7806.49,-2.71007,-0.1937,0.0
27460.0,-0.47338459673659683,-0.263527,0.0,0.0,-1.58728,1.43014,2.68457,-0.263527,7766.87,-2.61085,-0.24708,0.0
27470.0,-0.5636045967365968,-0.25062,0.0,0.0,-9.0228,1.29064,2.77479,-0.25062,7728.69,-2.65914,-0.306308,0.0
27480.0,-0.598144596736597,-0.244821,0.0,0.0,-3.45335,0.579904,2.80933,-0.244821,7694.32,-2.94914,-0.296561,0.0
27490.0,-0.6800745967365969,-0.239611,0.0,0.0,-8.19352,0.521008,2.89126,-0.239611,7663.98,-2.94341,-0.242376,0.0
27500.0,-0.684774596736597,-0.236121,0.0,0.0,-0.470227,0.349034,2.89596,-0.236121,7631.5,-2.91848,-0.283693,0.0
27510.0,-0.7142845967365967,-0.222509,0.0,0.0,-2.95058,1.36118,2.92547,-0.222509,7594.59,-2.79808,-0.137821,0.0
27520.0,-0.686604596736597,-0.194802,0.0,0.0,2.76796,2.77068,2.89779,-0.194802,7559.59,-2.75172,-0.0921919,0.0
27530.0,-0.671414596736597,-0.152545,0.0,0.0,1.51922,4.22568,2.8826,-0.152545,7532.24,-2.93025,-0.0214872,0.0
27540.0,-0.6598745967365969,-0.109949,0.0,0.0,1.1538,4.25968,2.87106,-0.109949,7509.1,-2.86173,-0.106061,0.0
27550.0,-0.6578245967365968,-0.0767683,0.0,0.0,0.204596,3.31803,2.86901,-0.0767683,7484.3,-2.90643,-0.243514,0.0
27560.0,-0.671624596736597,-0.0523765,0.0,0.0,-1.37968,2.43918,2.88281,-0.0523765,7460.4,-2.92893,0.0728757,0.0
27570.0,-0.6611545967365968,-0.0347004,0.0,0.0,1.04662,1.76762,2.87234,-0.0347004,7441.96,-2.75213,0.0346648,0.0
27580.0,-0.6586645967365969,-0.0186013,0.0,0.0,0.249568,1.60991,2.86985,-0.0186013,7424.63,-2.95813,-0.0527002,0.0
27590.0,-0.636574596736597,-0.0031653,0.0,0.0,2.20894,1.5436,2.84776,-0.0031653,7402.41,-2.86497,0.0326921,0.0
27600.0,-0.6220545967365969,0.0104916,0.0,0.0,1.45172,1.36569,2.83324,0.0104916,7379.23,-2.78823,-0.0208119,0.0
27610.0,-0.6189845967365968,0.0201189,0.0,0.0,0.307488,0.962729,2.83017,0.0201189,7362.48,-2.66604,0.0083113,0.0
27620.0,-0.5754445967365971,0.0258458,0.0,0.0,4.35331,0.572692,2.78663,0.0258458,7352.96,-2.81375,0.359506,0.0
27630.0,-0.535104596736597,0.0341325,0.0,0.0,4.03407,0.828672,2.74629,0.0341325,7346.68,-2.74035,0.0769583,0.0
27640.0,-0.517944596736597,0.0502486,0.0,0.0,1.71642,1.61161,2.72913,0.0502486,7339.23,-2.7404,0.176903,0.0
27650.0,-0.5190145967365969,0.0757965,0.0,0.0,-0.107322,2.55479,2.7302,0.0757965,7329.1,-2.69513,-0.0700781,0.0
27660.0,-0.504864596736597,0.104871,0.0,0.0,1.41559,2.90742,2.71605,0.104871,7319.56,-2.58967,0.381439,0.0
27670.0,-0.5023045967365971,0.130182,0.0,0.0,0.256157,2.53116,2.71349,0.130182,7314.13,-2.78708,0.373152,0.0
27680.0,-0.4967445967365971,0.146955,0.0,0.0,0.555374,1.67731,2.70793,0.146955,7312.12,-2.75727,0.0899954,0.0
27690.0,-0.49079459673659676,0.156759,0.0,0.0,0.595285,0.98036,2.70198,0.156759,7311.15,-2.67395,0.0130794,0.0
27700.0,-0.4898945967365971,0.161432,0.0,0.0,0.090097,0.46727,2.70108,0.161432,7310.05,-2.67835,0.273273,0.0
27710.0,-0.48137459673659677,0.161841,0.0,0.0,0.852286,0.0409318,2.69256,0.161841,7308.7,-2.69134,0.214688,0.0
27720.0,-0.46189459673659705,0.159905,0.0,0.0,1.94734,-0.193618,2.67308,0.159905,7307.38,-2.63606,0.00455787,0.0
27730.0,-0.4373145967365968,0.159327,0.0,0.0,2.45767,-0.0578079,2.6485,0.159327,7306.28,-2.60164,0.193091,0.0
27740.0,-0.43591459673659694,0.164297,0.0,0.0,0.140985,0.497065,2.6471,0.164297,7305.56,-2.61776,0.211029,0.0
27750.0,-0.43606459673659703,0.171383,0.0,0.0,-0.0153537,0.708587,2.64725,0.171383,7305.15,-2.66308,0.0741092,0.0
27760.0,-0.45259459673659697,0.176907,0.0,0.0,-1.65318,0.5524,2.66378,0.176907,7304.63,-2.75585,0.0717256,0.0
27770.0,-0.490564596736597,0.181278,0.0,0.0,-3.79737,0.437025,2.70175,0.181278,7303.73,-2.72141,0.154411,0.0
27780.0,-0.49196459673659687,0.184755,0.0,0.0,-0.139917,0.347787,2.70315,0.184755,7301.8,-2.76956,-0.00343176,0.0
27790.0,-0.49138459673659707,0.19194,0.0,0.0,0.0579542,0.718429,2.70257,0.19194,7297.46,-2.73526,0.291504,0.0
27800.0,-0.4872545967365971,0.205368,0.0,0.0,0.413341,1.34282,2.69844,0.205368,7290.78,-2.59173,0.228146,0.0
27810.0,-0.441754596736597,0.222021,0.0,0.0,4.55046,1.66535,2.65294,0.222021,7284.59,-2.62363,0.212266,0.0
27820.0,-0.4103245967365967,0.238482,0.0,0.0,3.14223,1.64604,2.62151,0.238482,7281.28,-2.59101,0.300588,0.0
27830.0,-0.4013645967365971,0.251349,0.0,0.0,0.896617,1.28672,2.61255,0.251349,7280.26,-2.59213,0.266612,0.0
27840.0,-0.3943945967365967,0.260085,0.0,0.0,0.696735,0.873624,2.60558,0.260085,7279.99,-2.61732,0.267199,0.0
27850.0,-0.38789459673659676,0.264579,0.0,0.0,0.649805,0.449376,2.59908,0.264579,7279.84,-2.62513,0.310927,0.0
27860.0,-0.37584459673659687,0.264784,0.0,0.0,1.20502,0.0204938,2.58703,0.264784,7280.33,-2.52463,0.298244,0.0
27870.0,-0.329094596736597,0.260049,0.0,0.0,4.67494,-0.473513,2.54028,0.260049,7282.13,-2.50821,0.115701,0.0
27880.0,-0.2951645967365968,0.252385,0.0,0.0,3.39283,-0.766376,2.50635,0.252385,7284.96,-2.46576,0.118813,0.0
27890.0,-0.29174459673659703,0.242236,0.0,0.0,0.341952,-1.01488,2.50293,0.242236,7288.02,-2.51123,0.199569,0.0
27900.0,-0.29254459673659694,0.231415,0.0,0.0,-0.0795457,-1.08208,2.50373,0.231415,7290.64,-2.45218,0.44026,0.0
27910.0,-0.29624459673659675,0.227329,0.0,0.0,-0.370106,-0.408624,2.50743,0.227329,7292.02,-2.56327,0.415851,0.0
27920.0,-0.3127245967365968,0.23549,0.0,0.0,-1.64777,0.816069,2.52391,0.23549,7291.9,-2.51568,-0.0237315,0.0
27930.0,-0.35919459673659704,0.253836,0.0,0.0,-4.64676,1.83466,2.57038,0.253836,7290.93,-2.6378,0.288293,0.0
27940.0,-0.45804459673659714,0.277507,0.0,0.0,-9.88561,2.36707,2.66923,0.277507,7289.16,-2.58519,0.0481188,0.0
27950.0,-1.6503645967365967,0.350245,0.0,0.0,-119.232,7.27379,3.86155,0.350245,7286.3,-5.08221,0.233581,0.0
27960.0,-2.9138745967365973,0.427273,0.0,0.0,-126.351,7.70283,5.12506,0.427273,7282.51,-6.153,0.704692,0.0
27970.0,-3.082964596736597,0.446787,0.0,0.0,-16.9084,1.9514,5.29415,0.446787,7278.57,-5.48109,0.476281,0.0
27980.0,-3.1504245967365967,0.455896,0.0,0.0,-6.74643,0.910827,5.36161,0.455896,7275.93,-5.31372,0.50682,0.0
27990.0,-3.288604596736597,0.465541,0.0,0.0,-13.8175,0.964494,5.49979,0.465541,7274.95,-5.75553,0.57782,0.0
28000.0,-3.4510045967365968,0.475863,0.0,0.0,-16.2406,1.0322,5.66219,0.475863,7274.86,-5.70504,0.60531,0.0
28010.0,-3.4925845967365965,0.48167,0.0,0.0,-4.15767,0.580707,5.70377,0.48167,7275.63,-6.04771,0.418094,0.0
28020.0,-3.544864596736597,0.490051,0.0,0.0,-5.22801,0.838132,5.75605,0.490051,7278.52,-5.80975,0.436831,0.0
28030.0,-3.545384596736597,0.49532,0.0,0.0,-0.05224,0.526872,5.75657,0.49532,7284.82,-5.66784,0.491122,0.0
28040.0,-3.511274596736597,0.496458,0.0,0.0,3.41112,0.113795,5.72246,0.496458,7293.81,-5.78748,0.370276,0.0
28050.0,-3.456204596736597,0.49551,0.0,0.0,5.50655,-0.0947408,5.66739,0.49551,7302.85,-5.66317,0.43822,0.0
28060.0,-3.4424945967365965,0.498555,0.0,0.0,1.37101,0.304475,5.65368,0.498555,7309.53,-5.61677,0.678733,0.0
28070.0,-3.4326645967365965,0.505341,0.0,0.0,0.98311,0.67856,5.64385,0.505341,7313.17,-5.54221,0.673007,0.0
28080.0,-3.4316045967365967,0.51556,0.0,0.0,0.105921,1.02197,5.64279,0.51556,7314.85,-5.66474,0.538729,0.0
28090.0,-3.4316045967365967,0.528644,0.0,0.0,-0.000151821,1.30836,5.64279,0.528644,7316.4,-5.62392,0.507607,0.0
28100.0,-3.451494596736597,0.545503,0.0,0.0,-1.98898,1.68595,5.66268,0.545503,7319.75,-5.71149,0.603174,0.0
28110.0,-3.487174596736597,0.56179,0.0,0.0,-3.56762,1.6287,5.69836,0.56179,7326.26,-5.69282,0.3984,0.0
28120.0,-3.5279845967365966,0.572089,0.0,0.0,-4.08063,1.02987,5.73917,0.572089,7335.81,-5.79796,0.597718,0.0
28130.0,-3.5697445967365966,0.576787,0.0,0.0,-4.17611,0.469768,5.78093,0.576787,7346.83,-5.72758,0.605469,0.0
28140.0,-3.591294596736597,0.577699,0.0,0.0,-2.15562,0.0912218,5.80248,0.577699,7356.82,-5.80743,0.535154,0.0
28150.0,-3.6236345967365966,0.57674,0.0,0.0,-3.23309,-0.0959109,5.83482,0.57674,7363.98,-5.9255,0.589958,0.0
28160.0,-3.648304596736597,0.571215,0.0,0.0,-2.46792,-0.552503,5.85949,0.571215,7369.54,-5.76423,0.596492,0.0
28170.0,-3.650134596736597,0.558556,0.0,0.0,-0.182969,-1.26587,5.86132,0.558556,7377.52,-5.94164,0.570101,0.0
28180.0,-3.6499145967365973,0.539158,0.0,0.0,0.0222053,-1.93983,5.8611,0.539158,7389.68,-5.85756,0.533286,0.0
28190.0,-3.6180945967365967,0.511021,0.0,0.0,3.18215,-2.81372,5.82928,0.511021,7401.58,-5.79682,0.441583,0.0
28200.0,-3.6191545967365966,0.47178,0.0,0.0,-0.106357,-3.92403,5.83034,0.47178,7407.95,-5.80338,0.472427,0.0
28210.0,-3.641614596736597,0.399123,0.0,0.0,-2.24532,-7.26578,5.8528,0.399123,7408.02,-5.68994,0.567099,0.0
28220.0,-4.117034596736596,0.278857,0.0,0.0,-47.5424,-12.0266,6.32822,0.278857,7401.52,-6.74777,0.312595,0.0
28230.0,-5.716374596736596,0.141069,0.0,0.0,-159.933,-13.7788,7.92756,0.141069,7387.56,-11.1562,0.149948,0.0
28240.0,-8.486814596736597,0.0534437,0.0,0.0,-277.042,-8.76249,10.698,0.0534437,7367.84,-12.9972,-0.307477,0.0
28250.0,-10.214414596736596,-0.0533919,0.0,0.0,-172.767,-10.6836,12.4256,-0.0533919,7348.3,-12.4804,-0.272809,0.0
28260.0,-10.313214596736596,-0.203731,0.0,0.0,-9.87316,-15.0339,12.5244,-0.203731,7335.72,-12.0689,-0.349331,0.0
28270.0,-10.318014596736596,-0.291346,10.3311,0.0,-0.485733,-8.76146,-22.8603,-0.291346,7330.62,-12.5724,-0.182794,0.0
28280.0,-10.320214596736596,-0.336021,10.3311,0.0,-0.21251,-4.46752,-22.8625,-0.336021,7329.37,-12.6964,-0.324361,0.0
28290.0,-10.325614596736596,-0.363931,10.3311,0.0,-0.539967,-2.79106,-22.8679,-0.363931,7329.79,-12.5028,-0.443948,0.0
28300.0,-10.344014596736596,-0.381426,10.3311,0.0,-1.83976,-1.74948,-22.8863,-0.381426,7331.37,-12.6039,-0.457366,0.0
28310.0,-10.344414596736597,-0.39025,10.3311,0.0,-0.0422889,-0.882354,-22.8867,-0.39025,7334.41,-12.599,-0.373102,0.0
28320.0,-10.327814596736596,-0.393734,10.3311,0.0,1.65452,-0.348427,-22.8701,-0.393734,7339.34,-12.5512,-0.565572,0.0
28330.0,-10.325314596736597,-0.392665,10.3311,0.0,0.250868,0.106854,-22.8676,-0.392665,7345.99,-12.4096,-0.498085,0.0
28340.0,-10.285314596736596,-0.389424,10.3311,0.0,4.00577,0.324173,-22.8276,-0.389424,7354.69,-12.4624,-0.313826,0.0
28350.0,-10.269614596736597,-0.376888,10.3311,0.0,1.56632,1.25353,-22.8119,-0.376888,7365.98,-12.4858,-0.383278,0.0
28360.0,-10.264414596736597,-0.35772,10.3311,0.0,0.521989,1.9168,-22.8067,-0.35772,7378.56,-12.5093,-0.256667,0.0
28370.0,-10.263614596736597,-0.339146,10.3311,0.0,0.0785389,1.85746,-22.8059,-0.339146,7390.38,-12.4144,-0.253365,0.0
28380.0,-10.269314596736596,-0.326487,10.3311,0.0,-0.565723,1.26588,-22.8116,-0.326487,7400.82,-12.4396,-0.373556,0.0
28390.0,-10.305414596736597,-0.317323,10.3311,0.0,-3.61677,0.916411,-22.8477,-0.317323,7410.12,-12.6763,-0.318573,0.0
28400.0,-10.329614596736597,-0.31204,10.3311,0.0,-2.41444,0.528331,-22.8719,-0.31204,7418.33,-12.572,-0.491109,0.0
28410.0,-10.331314596736597,-0.310759,10.3311,0.0,-0.175695,0.128052,-22.8736,-0.310759,7426.16,-12.5572,-0.258519,0.0
28420.0,-10.349814596736596,-0.310767,10.3311,0.0,-1.84497,-0.000836313,-22.8921,-0.310767,7434.92,-12.5254,-0.342172,0.0
28430.0,-10.352314596736596,-0.313178,10.3311,0.0,-0.249097,-0.241086,-22.8946,-0.313178,7445.01,-12.4698,-0.215438,0.0
28440.0,-10.389414596736597,-0.313151,10.3311,0.0,-3.71044,0.00274634,-22.9317,-0.313151,7455.18,-12.6925,-0.302866,0.0
28450.0,-10.420414596736597,-0.315413,10.3311,0.0,-3.0975,-0.226235,-22.9627,-0.315413,7463.4,-12.6492,-0.296838,0.0
28460.0,-10.422114596736597,-0.326843,10.3311,0.0,-0.17891,-1.14297,-22.9644,-0.326843,7469.19,-12.6299,-0.212528,0.0
28470.0,-10.421214596736597,-0.352933,10.3311,0.0,0.0922207,-2.609,-22.9635,-0.352933,7473.77,-12.616,-0.39556,0.0
28480.0,-10.373714596736596,-0.403284,10.3311,0.0,4.75511,-5.03516,-22.916,-0.403284,7477.67,-12.417,-0.425028,0.0
28490.0,-10.312114596736597,-0.474012,10.3311,0.0,6.16135,-7.07272,-22.8544,-0.474012,7480.47,-12.5553,-0.666639,0.0
28500.0,-10.289414596736597,-0.548065,10.3311,0.0,2.2654,-7.40531,-22.8317,-0.548065,7482.0,-12.5125,-0.500766,0.0
28510.0,-10.292114596736596,-0.608511,10.3311,0.0,-0.265874,-6.04463,-22.8344,-0.608511,7482.6,-12.4842,-0.539064,0.0
28520.0,-10.343914596736596,-0.643224,10.3311,0.0,-5.18017,-3.47128,-22.8862,-0.643224,7482.46,-12.4125,-0.66835,0.0
28530.0,-11.016114596736596,-0.612753,10.3311,0.0,-67.2257,3.04713,-23.5584,-0.612753,7480.73,-13.8823,-0.589136,0.0
28540.0,-12.390314596736596,-0.516016,10.3311,0.0,-137.415,9.67363,-24.9326,-0.516016,7475.43,-16.0953,-0.387049,0.0
28550.0,-13.155214596736597,-0.460847,10.3311,0.0,-76.4893,5.51698,-25.6975,-0.460847,7466.98,-15.7151,-0.438437,0.0
28560.0,-13.266714596736596,-0.457091,10.3311,0.0,-11.1588,0.37556,-25.8091,-0.457091,7459.67,-15.0164,-0.45934,0.0
28570.0,-13.266914596736596,-0.462058,10.3311,0.0,-0.0176031,-0.496653,-25.8092,-0.462058,7456.15,-15.4207,-0.471477,0.0
28580.0,-13.186214596736596,-0.477306,10.3311,0.0,8.06953,-1.52488,-25.7285,-0.477306,7455.41,-15.5442,-0.499562,0.0
28590.0,-13.174614596736596,-0.491646,10.3311,0.0,1.16647,-1.43395,-25.7169,-0.491646,7456.5,-15.355,-0.651942,0.0
28600.0,-13.175314596736596,-0.504536,10.3311,0.0,-0.0765507,-1.28897,-25.7176,-0.504536,7460.28,-15.3352,-0.530579,0.0
28610.0,-13.191214596736597,-0.510491,10.3311,0.0,-1.58229,-0.595589,-25.7335,-0.510491,7466.79,-15.3219,-0.466754,0.0
28620.0,-13.189314596736596,-0.513266,10.3311,0.0,0.189866,-0.277443,-25.7316,-0.513266,7474.42,-15.4607,-0.637776,0.0
28630.0,-13.187714596736596,-0.514653,10.3311,0.0,0.156429,-0.138714,-25.73,-0.514653,7482.64,-15.5366,-0.62177,0.0
28640.0,-13.187714596736596,-0.516369,10.3311,0.0,0.00056028,-0.171601,-25.73,-0.516369,7491.65,-15.4449,-0.511766,0.0
28650.0,-13.186414596736597,-0.520642,10.3311,0.0,0.12897,-0.427284,-25.7287,-0.520642,7501.08,-15.346,-0.49024,0.0
28660.0,-13.154114596736596,-0.533605,10.3311,0.0,3.23173,-1.2963,-25.6964,-0.533605,7510.3,-15.2969,-0.485681,0.0
28670.0,-13.153214596736596,-0.549554,10.3311,0.0,0.0879364,-1.59488,-25.6955,-0.549554,7518.4,-15.4497,-0.50944,0.0
28680.0,-13.155314596736597,-0.566161,10.3311,0.0,-0.212239,-1.66077,-25.6976,-0.566161,7524.58,-15.312,-0.601254,0.0
28690.0,-13.192114596736596,-0.578376,10.3311,0.0,-3.67423,-1.22146,-25.7344,-0.578376,7528.87,-15.5021,-0.597792,0.0
28700.0,-13.224214596736596,-0.58697,10.3311,0.0,-3.21761,-0.859442,-25.7665,-0.58697,7531.98,-15.4277,-0.648715,0.0
28710.0,-13.243614596736597,-0.590959,10.3311,0.0,-1.93489,-0.398884,-25.7859,-0.590959,7534.48,-15.3932,-0.663617,0.0
28720.0,-13.253914596736596,-0.592276,10.3311,0.0,-1.03533,-0.13172,-25.7962,-0.592276,7536.97,-15.5403,-0.809531,0.0
28730.0,-13.255314596736596,-0.593529,10.3311,0.0,-0.133786,-0.125295,-25.7976,-0.593529,7540.69,-15.4664,-0.568121,0.0
28740.0,-13.275614596736597,-0.593228,10.3311,0.0,-2.03154,0.0301023,-25.8179,-0.593228,7547.03,-15.5093,-0.655285,0.0
28750.0,-13.286414596736597,-0.594333,10.3311,0.0,-1.07907,-0.110502,-25.8287,-0.594333,7556.04,-15.5191,-0.54927,0.0
28760.0,-13.299214596736597,-0.595975,10.3311,0.0,-1.27952,-0.164133,-25.8415,-0.595975,7566.37,-15.5577,-0.549852,0.0
28770.0,-13.306414596736596,-0.598673,10.3311,0.0,-0.718077,-0.269829,-25.8487,-0.598673,7577.08,-15.4886,-0.620061,0.0
28780.0,-13.316214596736597,-0.603497,10.3311,0.0,-0.986447,-0.482425,-25.8585,-0.603497,7588.18,-15.5185,-0.590642,0.0
28790.0,-13.329814596736597,-0.611849,10.3311,0.0,-1.35908,-0.835166,-25.8721,-0.611849,7600.23,-15.5518,-0.707849,0.0
28800.0,-13.339914596736596,-0.625061,10.3311,0.0,-1.00708,-1.32125,-25.8822,-0.625061,7614.25,-15.6379,-0.578612,0.0
28810.0,-13.343214596736596,-0.645289,10.3311,0.0,-0.333224,-2.02274,-25.8855,-0.645289,7629.24,-15.5586,-0.646798,0.0
28820.0,-13.345114596736597,-0.669862,10.3311,0.0,-0.185099,-2.4573,-25.8874,-0.669862,7641.73,-15.5529,-0.715434,0.0
28830.0,-13.366414596736597,-0.688982,10.3311,0.0,-2.12894,-1.91204,-25.9087,-0.688982,7650.03,-15.6933,-0.691036,0.0
28840.0,-13.369514596736597,-0.700304,10.3311,0.0,-0.310729,-1.13213,-25.9118,-0.700304,7655.88,-15.4708,-0.728126,0.0
28850.0,-13.411714596736596,-0.700788,10.3311,0.0,-4.22761,-0.0484845,-25.954,-0.700788,7662.07,-15.6567,-0.689829,0.0
28860.0,-13.437414596736597,-0.699736,10.3311,0.0,-2.56387,0.105197,-25.9797,-0.699736,7669.7,-15.6502,-0.818887,0.0
28870.0,-13.455114596736596,-0.698965,10.3311,0.0,-1.76794,0.0771178,-25.9974,-0.698965,7677.45,-15.7887,-0.756734,0.0
28880.0,-13.455714596736597,-0.698747,10.3311,0.0,-0.0615267,0.0218142,-25.998,-0.698747,7684.25,-15.5825,-0.820809,0.0
28890.0,-13.452914596736596,-0.694785,10.3311,0.0,0.275838,0.396197,-25.9952,-0.694785,7690.59,-15.7274,-0.643984,0.0
28900.0,-13.449314596736597,-0.684155,10.3311,0.0,0.36298,1.063,-25.9916,-0.684155,7696.45,-15.6306,-0.555212,0.0
28910.0,-13.431814596736597,-0.670242,10.3311,0.0,1.74857,1.39137,-25.9741,-0.670242,7701.12,-15.6326,-0.636688,0.0
28920.0,-13.425714596736597,-0.657915,10.3311,0.0,0.612737,1.23269,-25.968,-0.657915,7704.86,-15.6499,-0.726391,0.0
28930.0,-13.422414596736596,-0.653236,10.3311,0.0,0.329022,0.467871,-25.9647,-0.653236,7708.38,-15.6466,-0.71324,0.0
28940.0,-13.419814596736597,-0.657459,10.3311,0.0,0.256084,-0.422266,-25.9621,-0.657459,7712.61,-15.5801,-0.596965,0.0
28950.0,-13.422914596736597,-0.66881,10.3311,0.0,-0.311654,-1.13512,-25.9652,-0.66881,7718.02,-15.6278,-0.566025,0.0
28960.0,-13.424714596736596,-0.683105,10.3311,0.0,-0.173032,-1.42954,-25.967,-0.683105,7723.24,-15.6252,-0.646914,0.0
28970.0,-13.426514596736597,-0.695546,10.3311,0.0,-0.187517,-1.24412,-25.9689,-0.695546,7726.76,-15.6426,-0.680473,0.0
28980.0,-13.458814596736596,-0.706809,10.3311,0.0,-3.22722,-1.12621,-26.0011,-0.706809,7729.03,-15.7577,-0.786228,0.0
28990.0,-13.461014596736597,-0.730126,10.3311,0.0,-0.219291,-2.33169,-26.0033,-0.730126,7731.7,-15.7739,-0.761837,0.0
29000.0,-13.461314596736596,-0.766029,10.3311,0.0,-0.0260167,-3.59031,-26.0036,-0.766029,7736.69,-15.7243,-0.709017,0.0
29010.0,-13.438514596736596,-0.813464,10.3311,0.0,2.27375,-4.74355,-25.9808,-0.813464,7744.9,-15.6072,-1.03507,0.0
29020.0,-13.381714596736597,-0.867309,10.3311,0.0,5.68508,-5.38451,-25.924,-0.867309,7754.0,-15.578,-0.832688,0.0
29030.0,-13.380214596736597,-0.911703,10.3311,0.0,0.152742,-4.4394,-25.9225,-0.911703,7760.42,-15.5009,-1.1564,0.0
29040.0,-13.370014596736597,-0.947951,10.3311,0.0,1.01482,-3.62478,-25.9123,-0.947951,7763.5,-15.4822,-1.0476,0.0
29050.0,-13.370514596736596,-0.97614,10.3311,0.0,-0.048135,-2.81888,-25.9128,-0.97614,7764.92,-15.6471,-0.918767,0.0
29060.0,-13.372314596736597,-0.998753,10.3311,0.0,-0.176874,-2.26132,-25.9146,-0.998753,7766.05,-15.5757,-0.837672,0.0
29070.0,-13.383314596736597,-1.01719,10.3311,0.0,-1.10637,-1.84325,-25.9256,-1.01719,7767.4,-15.5821,-0.91616,0.0
29080.0,-13.391814596736596,-1.0343,10.3311,0.0,-0.848362,-1.71103,-25.9341,-1.0343,7768.92,-15.6719,-0.898933,0.0
29090.0,-13.384314596736596,-1.05029,10.3311,0.0,0.750624,-1.59904,-25.9266,-1.05029,7770.21,-15.624,-1.0757,0.0
29100.0,-13.383814596736597,-1.06304,10.3311,0.0,0.053603,-1.27513,-25.9261,-1.06304,7771.12,-15.603,-1.03064,0.0
29110.0,-13.369614596736596,-1.07358,10.3311,0.0,1.41577,-1.05392,-25.9119,-1.07358,7771.9,-15.5594,-1.12086,0.0
29120.0,-13.348714596736597,-1.0808,10.3311,0.0,2.08703,-0.722327,-25.891,-1.0808,7772.92,-15.5103,-1.08537,0.0
29130.0,-13.348014596736597,-1.0855,10.3311,0.0,0.0742595,-0.469726,-25.8903,-1.0855,7774.66,-15.5185,-1.1955,0.0
29140.0,-13.349514596736597,-1.09252,10.3311,0.0,-0.147506,-0.702059,-25.8918,-1.09252,7777.56,-15.6068,-1.11922,0.0
29150.0,-13.378514596736597,-1.10013,10.3311,0.0,-2.90359,-0.761447,-25.9208,-1.10013,7781.27,-15.6826,-1.2898,0.0
29160.0,-13.394214596736596,-1.11095,10.3311,0.0,-1.56767,-1.08157,-25.9365,-1.11095,7784.78,-15.6805,-0.947504,0.0
29170.0,-13.396114596736597,-1.12339,10.3311,0.0,-0.191764,-1.24425,-25.9384,-1.12339,7787.53,-15.6155,-0.970265,0.0
29180.0,-13.416414596736596,-1.13183,10.3311,0.0,-2.03179,-0.84383,-25.9587,-1.13183,7789.61,-15.5606,-1.03616,0.0
29190.0,-13.417514596736597,-1.13815,10.3311,0.0,-0.10922,-0.631881,-25.9598,-1.13815,7791.15,-15.5339,-1.25528,0.0
29200.0,-13.419114596736597,-1.14176,10.3311,0.0,-0.157048,-0.36168,-25.9614,-1.14176,7792.38,-15.7083,-1.13729,0.0
29210.0,-13.453314596736597,-1.1408,10.3311,0.0,-3.42407,0.0966102,-25.9956,-1.1408,7793.77,-15.7277,-1.13705,0.0
29220.0,-13.485414596736597,-1.13953,10.3311,0.0,-3.20497,0.126862,-26.0277,-1.13953,7795.93,-15.6964,-1.24188,0.0
29230.0,-13.511514596736596,-1.142,10.3311,0.0,-2.61073,-0.24676,-26.0538,-1.142,7799.57,-15.7673,-1.33114,0.0
29240.0,-13.537914596736597,-1.15388,10.3311,0.0,-2.64472,-1.18877,-26.0802,-1.15388,7805.23,-15.8253,-0.981011,0.0
29250.0,-13.547214596736596,-1.17761,10.3311,0.0,-0.928962,-2.37248,-26.0895,-1.17761,7812.39,-15.7539,-1.12096,0.0
29260.0,-13.578614596736596,-1.20214,10.3311,0.0,-3.13907,-2.45274,-26.1209,-1.20214,7819.37,-15.859,-1.00919,0.0
29270.0,-13.608114596736597,-1.22102,10.3311,0.0,-2.94961,-1.88832,-26.1504,-1.22102,7824.97,-15.8074,-1.29433,0.0
29280.0,-13.609714596736596,-1.23301,10.3311,0.0,-0.160591,-1.19853,-26.152,-1.23301,7829.99,-15.838,-1.27881,0.0
29290.0,-13.609914596736596,-1.24021,10.3311,0.0,-0.0236537,-0.720293,-26.1522,-1.24021,7836.62,-15.7729,-1.26583,0.0
29300.0,-13.611014596736597,-1.24541,10.3311,0.0,-0.10725,-0.519739,-26.1533,-1.24541,7846.75,-15.8631,-1.15835,0.0
29310.0,-13.632814596736596,-1.24146,10.3311,0.0,-2.17954,0.394323,-26.1751,-1.24146,7859.66,-15.7314,-1.10235,0.0
29320.0,-13.666514596736597,-1.22407,10.3311,0.0,-3.37309,1.73889,-26.2088,-1.22407,7870.94,-15.9162,-1.27538,0.0
29330.0,-13.704114596736597,-1.19807,10.3311,0.0,-3.75212,2.60014,-26.2464,-1.19807,7877.49,-15.968,-1.16835,0.0
29340.0,-13.742214596736597,-1.1747,10.3311,0.0,-3.81593,2.33712,-26.2845,-1.1747,7881.45,-15.8822,-1.30883,0.0
29350.0,-13.758414596736596,-1.16219,10.3311,0.0,-1.62263,1.25081,-26.3008,-1.16219,7887.41,-15.9755,-1.1615,0.0
29360.0,-13.772014596736597,-1.15629,10.3311,0.0,-1.35287,0.590369,-26.3143,-1.15629,7897.86,-16.0547,-1.14268,0.0
29370.0,-13.783514596736596,-1.15277,10.3311,0.0,-1.15209,0.352288,-26.3258,-1.15277,7910.94,-16.0043,-1.08023,0.0
29380.0,-13.789314596736595,-1.15051,10.3311,0.0,-0.577898,0.225405,-26.3316,-1.15051,7922.58,-15.9833,-1.15367,0.0
29390.0,-13.789214596736596,-1.14884,10.3311,0.0,0.00540338,0.167032,-26.3315,-1.14884,7930.55,-15.9364,-1.05173,0.0
29400.0,-13.783814596736596,-1.14762,10.3311,0.0,0.541522,0.122642,-26.3261,-1.14762,7935.45,-16.0533,-1.03871,0.0
29410.0,-13.784814596736597,-1.14715,10.3311,0.0,-0.100302,0.0464538,-26.3271,-1.14715,7939.49,-15.9753,-1.14529,0.0
29420.0,-13.814014596736598,-1.14706,10.3311,0.0,-2.91972,0.00957157,-26.3563,-1.14706,7944.52,-15.9844,-1.27661,0.0
29430.0,-13.828914596736595,-1.15109,10.3311,0.0,-1.48441,-0.403705,-26.3712,-1.15109,7950.52,-16.0742,-1.16007,0.0
29440.0,-13.794614596736597,-1.16031,10.3311,0.0,3.42484,-0.921689,-26.3369,-1.16031,7956.37,-16.1366,-1.08636,0.0
29450.0,-13.794014596736595,-1.16574,10.3311,0.0,0.064674,-0.543143,-26.3363,-1.16574,7960.99,-15.9558,-1.16654,0.0
29460.0,-13.809614596736598,-1.16886,10.3311,0.0,-1.56245,-0.311503,-26.3519,-1.16886,7964.03,-15.9824,-1.18857,0.0
29470.0,-13.787414596736596,-1.17388,10.3311,0.0,2.21348,-0.5028,-26.3298,-1.17388,7966.32,-15.8038,-1.20928,0.0
29480.0,-13.764514596736596,-1.17693,10.3311,0.0,2.29305,-0.30419,-26.3068,-1.17693,7968.84,-16.0145,-1.09749,0.0
29490.0,-13.763514596736597,-1.17684,10.3311,0.0,0.097229,0.00865494,-26.3058,-1.17684,7972.21,-15.9783,-1.11305,0.0
29500.0,-13.763614596736597,-1.17602,10.3311,0.0,-0.00873915,0.0819717,-26.3059,-1.17602,7976.34,-15.8724,-1.21957,0.0
29510.0,-13.766114596736596,-1.17326,10.3311,0.0,-0.250624,0.275944,-26.3084,-1.17326,7981.23,-16.0254,-1.24825,0.0
29520.0,-13.766014596736596,-1.16783,10.3311,0.0,0.0176097,0.54319,-26.3083,-1.16783,7987.35,-15.8491,-1.18723,0.0
29530.0,-13.763214596736596,-1.16133,10.3311,0.0,0.280664,0.650229,-26.3055,-1.16133,7994.64,-15.9495,-1.09692,0.0
29540.0,-13.762514596736596,-1.15633,10.3311,0.0,0.0667283,0.499875,-26.3048,-1.15633,8002.99,-15.9942,-1.07968,0.0
29550.0,-13.753814596736596,-1.15436,10.3311,0.0,0.867961,0.196954,-26.2961,-1.15436,8012.68,-15.9183,-1.32714,0.0
29560.0,-13.759514596736597,-1.15268,10.3311,0.0,-0.565363,0.168017,-26.3018,-1.15268,8022.85,-15.9969,-1.08804,0.0
29570.0,-13.750514596736597,-1.15333,10.3311,0.0,0.89126,-0.0655648,-26.2929,-1.15333,8031.02,-15.908,-1.07234,0.0
29580.0,-13.743014596736597,-1.15529,10.3311,0.0,0.756073,-0.195339,-26.2853,-1.15529,8035.8,-15.9702,-1.19822,0.0
29590.0,-13.743114596736596,-1.15912,10.3311,0.0,-0.00919466,-0.383201,-26.2854,-1.15912,8038.36,-15.9255,-1.1644,0.0
29600.0,-13.749714596736597,-1.16398,10.3311,0.0,-0.664918,-0.486437,-26.292,-1.16398,8039.96,-15.9538,-1.17865,0.0
29610.0,-13.749514596736596,-1.16762,10.3311,0.0,0.0195538,-0.363842,-26.2918,-1.16762,8041.08,-16.0862,-1.15854,0.0
29620.0,-13.735514596736596,-1.16851,10.3311,0.0,1.3986,-0.0890461,-26.2779,-1.16851,8042.38,-16.0525,-1.16148,0.0
29630.0,-13.725514596736597,-1.16351,10.3311,0.0,1.00673,0.500621,-26.2678,-1.16351,8044.38,-15.8211,-1.09656,0.0
29640.0,-13.711414596736596,-1.15194,10.3311,0.0,1.41188,1.15688,-26.2537,-1.15194,8046.96,-15.9163,-1.24152,0.0
29650.0,-13.710014596736597,-1.13578,10.3311,0.0,0.132618,1.61555,-26.2523,-1.13578,8050.03,-15.9308,-1.03071,0.0
29660.0,-13.705014596736596,-1.12306,10.3311,0.0,0.502847,1.2718,-26.2473,-1.12306,8054.13,-15.9289,-1.21945,0.0
29670.0,-13.709314596736597,-1.11456,10.3311,0.0,-0.433542,0.850247,-26.2516,-1.11456,8060.24,-15.9242,-1.24704,0.0
29680.0,-13.708114596736596,-1.10761,10.3311,0.0,0.120154,0.694996,-26.2504,-1.10761,8068.36,-15.7889,-1.11318,0.0
29690.0,-13.678114596736597,-1.09837,10.3311,0.0,3.00113,0.923906,-26.2204,-1.09837,8076.63,-15.931,-1.11094,0.0
29700.0,-13.610714596736596,-1.08608,10.3311,0.0,6.74708,1.22931,-26.153,-1.08608,8084.65,-15.933,-1.12032,0.0
29710.0,-13.455914596736596,-1.07799,10.3311,0.0,15.4772,0.808798,-25.9982,-1.07799,8095.85,-15.6395,-1.03183,0.0
29720.0,-12.216514596736596,-1.16004,10.3311,0.0,123.941,-8.20528,-24.7588,-1.16004,8113.97,-13.1848,-1.08987,0.0
29730.0,-11.006014596736597,-1.23991,10.3311,0.0,121.048,-7.98683,-23.5483,-1.23991,8137.88,-13.0487,-1.2421,0.0
29740.0,-10.909314596736596,-1.23915,10.3311,0.0,9.66595,0.0757117,-23.4516,-1.23915,8160.62,-12.8662,-1.32048,0.0
29750.0,-10.859414596736597,-1.2374,10.3311,0.0,4.99317,0.175771,-23.4017,-1.2374,8175.74,-13.1451,-1.25207,0.0
29760.0,-10.766614596736597,-1.24038,0.0,0.0,9.27612,-0.298053,12.9778,-1.24038,8183.46,-12.922,-1.15908,0.0
29770.0,-10.694814596736597,-1.24551,0.0,0.0,7.18488,-0.513261,12.906,-1.24551,8187.61,-12.883,-1.20132,0.0
29780.0,-10.641214596736596,-1.25254,0.0,0.0,5.36079,-0.7031,12.8524,-1.25254,8190.24,-12.7826,-1.27066,0.0
29790.0,-10.587414596736597,-1.26012,0.0,0.0,5.38368,-0.757581,12.7986,-1.26012,8191.69,-12.8037,-1.20245,0.0
29800.0,-10.575414596736596,-1.26406,0.0,0.0,1.19069,-0.394202,12.7866,-1.26406,8192.54,-12.7943,-1.27889,0.0
29810.0,-10.533814596736596,-1.27028,0.0,0.0,4.16815,-0.622179,12.745,-1.27028,8193.79,-12.5452,-1.29062,0.0
29820.0,-10.458314596736596,-1.27956,0.0,0.0,7.54796,-0.927645,12.6695,-1.27956,8196.17,-12.5209,-1.18641,0.0
29830.0,-10.389414596736597,-1.28859,0.0,0.0,6.88725,-0.903611,12.6006,-1.28859,8200.31,-12.7142,-1.36293,0.0
29840.0,-10.306514596736596,-1.2985,0.0,0.0,8.28895,-0.990868,12.5177,-1.2985,8208.77,-12.6102,-1.1472,0.0
29850.0,-9.267814596736596,-1.37712,0.0,0.0,103.873,-7.86216,11.479,-1.37712,8224.46,-10.4304,-1.41551,0.0
29860.0,-7.550884596736596,-1.49766,0.0,0.0,171.692,-12.0541,9.76207,-1.49766,8245.14,-9.02037,-1.72163,0.0
29870.0,-6.675924596736596,-1.55825,0.0,0.0,87.4962,-6.05847,8.88711,-1.55825,8264.74,-8.38077,-1.63972,0.0
29880.0,-6.368054596736597,-1.5811,0.0,0.0,30.7866,-2.28523,8.57924,-1.5811,8279.57,-8.42159,-1.59929,0.0
29890.0,-6.217424596736597,-1.594,0.0,0.0,15.063,-1.28979,8.42861,-1.594,8289.17,-8.41882,-1.3901,0.0
29900.0,-6.089024596736596,-1.60709,0.0,0.0,12.84,-1.30883,8.30021,-1.60709,8295.07,-8.17029,-1.68979,0.0
29910.0,-5.963944596736596,-1.62103,0.0,0.0,12.5085,-1.39454,8.17513,-1.62103,8299.72,-8.17194,-1.5695,0.0
29920.0,-5.940714596736596,-1.63019,0.0,0.0,2.32266,-0.915344,8.1519,-1.63019,8303.9,-7.98329,-1.47427,0.0
29930.0,-5.922464596736596,-1.64223,0.0,0.0,1.82487,-1.204,8.13365,-1.64223,8306.68,-8.14372,-1.61591,0.0
29940.0,-5.902874596736597,-1.65624,0.0,0.0,1.95901,-1.40134,8.11406,-1.65624,8307.81,-8.13053,-1.65563,0.0
29950.0,-5.841264596736597,-1.67166,0.0,0.0,6.16185,-1.54242,8.05245,-1.67166,8308.17,-8.00863,-1.87747,0.0
29960.0,-5.836864596736596,-1.68497,0.0,0.0,0.439559,-1.33005,8.04805,-1.68497,8308.48,-8.11146,-1.83444,0.0
29970.0,-5.782024596736598,-1.70518,0.0,0.0,5.4837,-2.02181,7.99321,-1.70518,8308.78,-7.9327,-1.79654,0.0
29980.0,-5.764174596736597,-1.72188,0.0,0.0,1.78537,-1.66947,7.97536,-1.72188,8308.97,-7.87179,-1.67858,0.0
29990.0,-5.7463245967365975,-1.73092,0.0,0.0,1.78488,-0.904395,7.95751,-1.73092,8309.11,-7.98946,-1.80279,0.0
30000.0,-5.7397345967365965,-1.7282,0.0,0.0,0.65925,0.272598,7.95092,-1.7282,8309.45,-8.04318,-1.60599,0.0
30010.0,-5.737544596736598,-1.69387,0.0,0.0,0.218479,3.4326,7.94873,-1.69387,8310.48,-7.95026,-1.77966,0.0
30020.0,-5.701454596736596,-1.57145,0.0,0.0,3.60967,12.2423,7.91264,-1.57145,8313.26,-7.95647,-1.77258,0.0
30030.0,-4.947094596736598,-1.3327,0.0,0.0,75.4351,23.8742,7.15828,-1.3327,8319.3,-5.00259,-1.16164,0.0
30040.0,-3.137254596736597,-1.02644,0.0,0.0,180.984,30.6263,5.34844,-1.02644,8329.22,-2.87323,-0.532553,0.0
30050.0,-1.669454596736597,-0.743937,0.0,0.0,146.781,28.2505,3.88064,-0.743937,8341.08,-3.3575,-0.442414,0.0
30060.0,-1.2292045967365968,-0.578123,0.0,0.0,44.0241,16.5814,3.44039,-0.578123,8351.01,-3.47489,-0.470355,0.0
30070.0,-1.154744596736597,-0.522546,0.0,0.0,7.44619,5.55775,3.36593,-0.522546,8356.68,-3.3828,-0.697888,0.0
30080.0,-1.1143745967365968,-0.508012,0.0,0.0,4.0373,1.45339,3.32556,-0.508012,8359.06,-3.22735,-0.538304,0.0
30090.0,-0.9811245967365969,-0.501417,0.0,0.0,13.3245,0.659487,3.19231,-0.501417,8360.12,-3.08773,-0.521082,0.0
30100.0,-0.8637545967365967,-0.492319,0.0,0.0,11.7379,0.909791,3.07494,-0.492319,8360.73,-3.02725,-0.537963,0.0
30110.0,-0.8527645967365971,-0.478718,0.0,0.0,1.09904,1.36014,3.06395,-0.478718,8361.03,-3.08694,-0.343392,0.0
30120.0,-0.838984596736597,-0.46354,0.0,0.0,1.37784,1.5178,3.05017,-0.46354,8361.29,-3.0131,-0.40399,0.0
30130.0,-0.8225545967365968,-0.445071,0.0,0.0,1.64233,1.8469,3.03374,-0.445071,8361.93,-3.06272,-0.311633,0.0
30140.0,-0.8100045967365967,-0.427072,0.0,0.0,1.25546,1.79986,3.02119,-0.427072,8363.15,-2.98186,-0.395579,0.0
30150.0,-0.7743345967365971,-0.414814,0.0,0.0,3.56705,1.22582,2.98552,-0.414814,8364.5,-2.96375,-0.468361,0.0
30160.0,-0.7688545967365967,-0.403348,0.0,0.0,0.547931,1.1466,2.98004,-0.403348,8365.53,-2.84023,-0.480664,0.0
30170.0,-0.7672545967365969,-0.391573,0.0,0.0,0.159675,1.17754,2.97844,-0.391573,8366.44,-2.97534,-0.355693,0.0
30180.0,-0.7526445967365971,-0.382705,0.0,0.0,1.46135,0.886717,2.96383,-0.382705,8367.39,-2.99877,-0.344366,0.0
30190.0,-0.7515545967365971,-0.376044,0.0,0.0,0.109201,0.666116,2.96274,-0.376044,8367.83,-3.0557,-0.539631,0.0
30200.0,-0.750924596736597,-0.370313,0.0,0.0,0.0628269,0.573122,2.96211,-0.370313,8367.27,-2.96183,-0.422423,0.0
30210.0,-0.7451945967365967,-0.364644,0.0,0.0,0.572549,0.566928,2.95638,-0.364644,8365.73,-2.94795,-0.292691,0.0
30220.0,-0.7352945967365971,-0.358212,0.0,0.0,0.990296,0.643216,2.94648,-0.358212,8363.65,-2.94608,-0.464248,0.0
30230.0,-0.7201045967365971,-0.351268,0.0,0.0,1.51932,0.694336,2.93129,-0.351268,8361.66,-2.90384,-0.251967,0.0
30240.0,-0.7057045967365969,-0.343846,0.0,0.0,1.43984,0.742186,2.91689,-0.343846,8360.03,-2.99197,-0.287805,0.0
30250.0,-0.683884596736597,-0.337135,0.0,0.0,2.18232,0.671104,2.89507,-0.337135,8358.73,-2.8872,-0.42131,0.0
30260.0,-0.6496445967365969,-0.333198,0.0,0.0,3.42386,0.393722,2.86083,-0.333198,8357.75,-2.79556,-0.19783,0.0
30270.0,-0.5875545967365969,-0.330621,0.0,0.0,6.20904,0.25776,2.79874,-0.330621,8356.71,-2.71233,-0.382921,0.0
30280.0,-0.500194596736597,-0.322357,0.0,0.0,8.73523,0.826356,2.71138,-0.322357,8355.2,-2.63373,-0.555762,0.0
30290.0,-0.4718245967365968,-0.302246,0.0,0.0,2.83781,2.01108,2.68301,-0.302246,8353.09,-2.61213,-0.25831,0.0
30300.0,-0.46731459673659703,-0.279042,0.0,0.0,0.450098,2.32047,2.6785,-0.279042,8349.72,-2.85399,-0.220793,0.0
30310.0,-0.4272045967365967,-0.264449,0.0,0.0,4.01162,1.45923,2.63839,-0.264449,8344.08,-2.70796,-0.354195,0.0
30320.0,-0.46560459673659693,-0.255454,0.0,0.0,-3.84037,0.899548,2.67679,-0.255454,8336.55,-2.74159,-0.262013,0.0
30330.0,-0.46686459673659675,-0.253405,0.0,0.0,-0.125732,0.20485,2.67805,-0.253405,8328.91,-2.5917,-0.254777,0.0
30340.0,-0.4565145967365969,-0.254088,0.0,0.0,1.03529,-0.0682835,2.6677,-0.254088,8321.59,-2.85154,-0.237583,0.0
30350.0,-0.4199745967365969,-0.257551,0.0,0.0,3.65371,-0.346332,2.63116,-0.257551,8313.25,-2.60916,-0.242737,0.0
30360.0,-0.3978145967365969,-0.262114,0.0,0.0,2.21617,-0.456238,2.609,-0.262114,8303.29,-2.63704,-0.254288,0.0
30370.0,-0.394234596736597,-0.267518,0.0,0.0,0.357999,-0.540475,2.60542,-0.267518,8292.28,-2.44846,-0.277131,0.0
30380.0,-0.3678145967365971,-0.274943,0.0,0.0,2.64222,-0.742488,2.579,-0.274943,8280.54,-2.56809,-0.295535,0.0
30390.0,-0.3568345967365971,-0.280659,0.0,0.0,1.09722,-0.571602,2.56802,-0.280659,8266.93,-2.5845,-0.508471,0.0
30400.0,-0.35343459673659705,-0.284239,0.0,0.0,0.339984,-0.358005,2.56462,-0.284239,8250.37,-2.52376,-0.322459,0.0
30410.0,-0.34023459673659673,-0.28868,0.0,0.0,1.32075,-0.444053,2.55142,-0.28868,8232.15,-2.56082,-0.340475,0.0
30420.0,-0.336144596736597,-0.29498,0.0,0.0,0.408349,-0.629956,2.54733,-0.29498,8215.47,-2.57767,-0.206794,0.0
30430.0,-0.320144596736597,-0.303174,0.0,0.0,1.60041,-0.819437,2.53133,-0.303174,8203.15,-2.48745,-0.271043,0.0
30440.0,-0.3030445967365969,-0.312494,0.0,0.0,1.71025,-0.931967,2.51423,-0.312494,8195.08,-2.54722,-0.172754,0.0
30450.0,-0.2549045967365968,-0.325942,0.0,0.0,4.81404,-1.34485,2.46609,-0.325942,8187.81,-2.383,-0.347623,0.0
30460.0,-0.2513545967365971,-0.340759,0.0,0.0,0.354194,-1.48167,2.46254,-0.340759,8177.19,-2.26933,-0.380413,0.0
30470.0,-0.19455459673659714,-0.3594,0.0,0.0,5.68066,-1.86417,2.40574,-0.3594,8161.66,-2.35885,-0.387386,0.0
30480.0,-0.16195459673659673,-0.374779,0.0,0.0,3.25949,-1.53783,2.37314,-0.374779,8143.44,-2.56208,-0.257037,0.0
30490.0,-0.1605545967365969,-0.383004,0.0,0.0,0.140052,-0.822557,2.37174,-0.383004,8126.32,-2.37719,-0.424831,0.0
30500.0,-0.1606245967365969,-0.385866,0.0,0.0,-0.0066088,-0.286195,2.37181,-0.385866,8112.17,-2.34062,-0.45775,0.0
30510.0,-0.1576045967365971,-0.386312,0.0,0.0,0.30192,-0.0445737,2.36879,-0.386312,8099.95,-2.37162,-0.386351,0.0
30520.0,-0.14417459673659705,-0.385785,0.0,0.0,1.34294,0.0527225,2.35536,-0.385785,8087.36,-2.35158,-0.394559,0.0
30530.0,-0.03859459673659682,-0.386733,0.0,0.0,10.5578,-0.0948562,2.24978,-0.386733,8073.39,-2.1796,-0.39598,0.0
30540.0,0.411115403263403,-0.397046,0.0,0.0,44.9713,-1.03131,1.80007,-0.397046,8059.96,-1.16909,-0.405046,0.0
30550.0,0.7532554032634031,-0.395174,0.0,0.0,34.2137,0.187218,1.45793,-0.395174,8050.34,-1.32966,-0.207587,0.0
30560.0,0.8179854032634031,-0.377083,0.0,0.0,6.47317,1.80912,1.3932,-0.377083,8045.37,-1.41026,-0.401272,0.0
30570.0,0.8417554032634031,-0.356947,0.0,0.0,2.37683,2.01356,1.36943,-0.356947,8043.07,-1.4726,-0.269646,0.0
30580.0,0.8454054032634031,-0.338219,0.0,0.0,0.365519,1.87286,1.36578,-0.338219,8041.69,-1.30821,-0.210411,0.0
30590.0,0.8791354032634031,-0.327,0.0,0.0,3.37312,1.12192,1.33205,-0.327,8040.58,-1.28561,-0.234415,0.0
30600.0,0.932325403263403,-0.324033,0.0,0.0,5.3186,0.296661,1.27886,-0.324033,8039.41,-1.21359,-0.323749,0.0
30610.0,0.984665403263403,-0.325161,0.0,0.0,5.23361,-0.112803,1.22652,-0.325161,8037.63,-1.18196,-0.404534,0.0
30620.0,1.014125403263403,-0.326923,0.0,0.0,2.94596,-0.176178,1.19706,-0.326923,8034.64,-1.19269,-0.255316,0.0
30630.0,1.015235403263403,-0.328184,0.0,0.0,0.110945,-0.126156,1.19595,-0.328184,8030.37,-1.12758,-0.404732,0.0
30640.0,1.015145403263403,-0.329295,0.0,0.0,-0.00847324,-0.111047,1.19604,-0.329295,8025.22,-1.17963,-0.205209,0.0
30650.0,1.015775403263403,-0.329903,0.0,0.0,0.0633184,-0.0607959,1.19541,-0.329903,8019.68,-1.28776,-0.347302,0.0
30660.0,1.030315403263403,-0.330661,0.0,0.0,1.4531,-0.0758384,1.18087,-0.330661,8014.6,-1.07337,-0.335204,0.0
30670.0,1.0114654032634032,-0.329947,0.0,0.0,-1.88433,0.071428,1.19972,-0.329947,8011.07,-1.22733,-0.328603,0.0
30680.0,1.021605403263403,-0.330364,0.0,0.0,1.01392,-0.0417118,1.18958,-0.330364,8009.3,-1.10189,-0.328183,0.0
30690.0,1.043095403263403,-0.331312,0.0,0.0,2.1489,-0.0947823,1.16809,-0.331312,8008.49,-1.24211,-0.353054,0.0
30700.0,1.0699254032634031,-0.332784,0.0,0.0,2.68291,-0.14726,1.14126,-0.332784,8007.76,-1.16246,-0.209823,0.0
30710.0,1.100005403263403,-0.335045,0.0,0.0,3.00769,-0.226033,1.11118,-0.335045,8006.07,-1.0877,-0.35968,0.0
30720.0,1.108755403263403,-0.336873,0.0,0.0,0.875731,-0.182815,1.10243,-0.336873,8002.44,-1.10693,-0.189402,0.0
30730.0,1.109435403263403,-0.337889,0.0,0.0,0.0676605,-0.101623,1.10175,-0.337889,7997.28,-1.03175,-0.363853,0.0
30740.0,1.118315403263403,-0.337919,0.0,0.0,0.888452,-0.00296459,1.09287,-0.337919,7992.31,-1.01419,-0.285466,0.0
30750.0,1.1040554032634031,-0.33435,0.0,0.0,-1.42663,0.356924,1.10713,-0.33435,7988.14,-1.19247,-0.433554,0.0
30760.0,1.100205403263403,-0.326143,0.0,0.0,-0.384965,0.8207,1.11098,-0.326143,7984.18,-0.97136,-0.406483,0.0
30770.0,1.0756254032634032,-0.311131,0.0,0.0,-2.4576,1.50119,1.13556,-0.311131,7980.18,-1.17579,-0.32378,0.0
30780.0,1.047855403263403,-0.287234,0.0,0.0,-2.77776,2.38968,1.16333,-0.287234,7976.44,-1.11764,-0.25092,0.0
30790.0,1.0344054032634031,-0.248374,0.0,0.0,-1.34404,3.886,1.17678,-0.248374,7973.42,-1.21684,-0.390385,0.0
30800.0,0.979235403263403,-0.195436,0.0,0.0,-5.51701,5.29381,1.23195,-0.195436,7970.46,-1.31736,-0.0403309,0.0
30810.0,0.9146954032634032,-0.147035,0.0,0.0,-6.45492,4.84012,1.29649,-0.147035,7966.65,-1.30963,-0.035716,0.0
30820.0,0.6979054032634031,-0.109109,0.0,0.0,-21.6781,3.79254,1.51328,-0.109109,7962.36,-2.07581,-0.0984025,0.0
30830.0,0.3944154032634031,-0.0807428,0.0,0.0,-30.3495,2.83663,1.81677,-0.0807428,7957.93,-2.6028,-0.0548975,0.0
30840.0,0.2333554032634031,-0.0653011,0.0,0.0,-16.1062,1.54417,1.97783,-0.0653011,7952.93,-1.94998,-0.1002,0.0
30850.0,0.10468540326340303,-0.0560671,0.0,0.0,-12.8672,0.923402,2.1065,-0.0560671,7947.8,-2.19502,0.128052,0.0
30860.0,0.04053540326340288,-0.0523229,0.0,0.0,-6.41447,0.374417,2.17065,-0.0523229,7943.96,-2.24036,0.223096,0.0
30870.0,0.036665403263403284,-0.0507578,0.0,0.0,-0.386918,0.156515,2.17452,-0.0507578,7942.07,-2.21871,-0.0427402,0.0
30880.0,0.0054154032634032845,-0.0450587,0.0,0.0,-3.12552,0.569903,2.20577,-0.0450587,7941.44,-2.13848,-0.0574235,0.0
30890.0,0.0027254032634029812,-0.0371015,0.0,0.0,-0.268187,0.795727,2.20846,-0.0371015,7941.36,-2.05146,-0.0182638,0.0
30900.0,0.017975403263402967,-0.0293455,0.0,0.0,1.52428,0.7756,2.19321,-0.0293455,7941.67,-2.30236,-0.118362,0.0
30910.0,0.01838540326340299,-0.0245105,0.0,0.0,0.0413878,0.483494,2.1928,-0.0245105,7942.49,-2.2875,-0.215765,0.0
30920.0,0.004235403263403104,-0.0231511,0.0,0.0,-1.41501,0.135948,2.20695,-0.0231511,7943.9,-2.17319,0.0631143,0.0
30930.0,-0.013804596736596952,-0.0233009,0.0,0.0,-1.80436,-0.014989,2.22499,-0.0233009,7945.7,-2.30412,0.0568114,0.0
30940.0,-0.029474596736597025,-0.0238899,0.0,0.0,-1.56645,-0.058891,2.24066,-0.0238899,7947.25,-2.2085,-0.0166071,0.0
30950.0,-0.030474596736596915,-0.0250599,0.0,0.0,-0.100023,-0.117005,2.24166,-0.0250599,7948.12,-2.24386,0.113849,0.0
30960.0,-0.03693459673659705,-0.0253654,0.0,0.0,-0.646217,-0.0305517,2.24812,-0.0253654,7948.49,-2.28112,-0.0233839,0.0
30970.0,-0.049644596736596824,-0.0254045,0.0,0.0,-1.27075,-0.00390584,2.26083,-0.0254045,7948.69,-2.23385,-0.0922577,0.0
30980.0,-0.060954596736596756,-0.0262969,0.0,0.0,-1.13139,-0.089246,2.27214,-0.0262969,7948.75,-2.44745,-0.156896,0.0
30990.0,-0.09192459673659714,-0.0261996,0.0,0.0,-3.09672,0.00973772,2.30311,-0.0261996,7948.61,-2.11788,-0.0523843,0.0
31000.0,-0.10188459673659711,-0.0259109,0.0,0.0,-0.995731,0.0288666,2.31307,-0.0259109,7948.33,-2.32534,-0.0937951,0.0
31010.0,-0.10099459673659705,-0.0248421,0.0,0.0,0.0885432,0.106884,2.31218,-0.0248421,7947.99,-2.34159,0.0406778,0.0
31020.0,-0.07426459673659691,-0.0236694,0.0,0.0,2.67253,0.11727,2.28545,-0.0236694,7947.5,-2.26545,-0.0102715,0.0
31030.0,-0.08081459673659674,-0.0198622,0.0,0.0,-0.654196,0.380713,2.292,-0.0198622,7946.88,-2.17085,-0.134725,0.0
31040.0,-0.06798459673659707,-0.015955,0.0,0.0,1.28272,0.390726,2.27917,-0.015955,7946.4,-2.24004,-0.0206903,0.0
31050.0,-0.05163459673659698,-0.0126843,0.0,0.0,1.63519,0.327071,2.26282,-0.0126843,7945.98,-2.29099,0.00458287,0.0
31060.0,-0.04442459673659682,-0.0107355,0.0,0.0,0.72026,0.194875,2.25561,-0.0107355,7945.21,-2.16525,-0.00956844,0.0
31070.0,-0.038134596736596915,-0.00994845,0.0,0.0,0.629724,0.0787066,2.24932,-0.00994845,7944.31,-2.32363,-0.270192,0.0
31080.0,-0.03830459673659714,-0.00853482,0.0,0.0,-0.0176462,0.141362,2.24949,-0.00853482,7944.3,-2.21871,0.0812735,0.0
31090.0,-0.026344596736596948,-0.00602203,0.0,0.0,1.19593,0.251279,2.23753,-0.00602203,7945.76,-2.15263,0.0799787,0.0
31100.0,-0.020494596736596815,-0.000181894,0.0,0.0,0.585494,0.584014,2.23168,-0.000181894,7948.44,-2.24824,-0.100499,0.0
31110.0,-0.01583459673659693,0.00879741,0.0,0.0,0.4661,0.89793,2.22702,0.00879741,7951.55,-2.22666,-0.0881365,0.0
31120.0,-0.012694596736596786,0.0170708,0.0,0.0,0.31368,0.827338,2.22388,0.0170708,7954.13,-2.15693,0.121037,0.0
31130.0,-0.006664596736596806,0.0203189,0.0,0.0,0.603426,0.324811,2.21785,0.0203189,7955.52,-2.28285,-0.00953677,0.0
31140.0,-0.006754596736596952,0.0185695,0.0,0.0,-0.00878195,-0.17494,2.21794,0.0185695,7955.98,-2.1998,0.218437,0.0
31150.0,-0.01308459673659712,0.0152588,0.0,0.0,-0.633644,-0.331071,2.22427,0.0152588,7956.14,-2.09092,-0.0790862,0.0
31160.0,-0.043754596736596874,0.0153744,0.0,0.0,-3.06661,0.0115579,2.25494,0.0153744,7956.23,-2.29648,0.00481509,0.0
31170.0,-0.04580459673659698,0.0152363,0.0,0.0,-0.205159,-0.0138119,2.25699,0.0152363,7956.21,-2.29509,0.048554,0.0
31180.0,-0.08355459673659693,0.0124872,0.0,0.0,-3.77541,-0.274902,2.29474,0.0124872,7955.95,-2.34615,0.103391,0.0
31190.0,-0.08659459673659686,0.00161672,0.0,0.0,-0.303794,-1.08705,2.29778,0.00161672,7955.26,-2.11506,-0.125763,0.0
31200.0,-0.09159459673659676,-0.0158668,0.0,0.0,-0.500295,-1.74835,2.30278,-0.0158668,7954.36,-2.34587,-0.204447,0.0
31210.0,-0.09414459673659703,-0.0391555,0.0,0.0,-0.254861,-2.32888,2.30533,-0.0391555,7953.78,-2.27651,0.0576142,0.0
31220.0,-0.11149459673659701,-0.0682896,0.0,0.0,-1.73421,-2.9134,2.32268,-0.0682896,7953.76,-2.3786,-0.0753106,0.0
31230.0,-0.11488459673659701,-0.101857,0.0,0.0,-0.339147,-3.3567,2.32607,-0.101857,7954.15,-2.30214,-0.152767,0.0
31240.0,-0.12350459673659708,-0.128663,0.0,0.0,-0.862084,-2.68067,2.33469,-0.128663,7954.53,-2.35326,-0.136349,0.0
31250.0,-0.14635459673659712,-0.141913,5.20788,0.0,-2.28477,-1.32501,-7.56542,-0.141913,7954.78,-2.19707,-0.153769,0.0
31260.0,-0.14806459673659678,-0.147234,5.20788,0.0,-0.171198,-0.532023,-7.56713,-0.147234,7955.82,-2.37783,-0.208488,0.0
31270.0,-0.15668459673659685,-0.149801,5.20788,0.0,-0.862593,-0.256741,-7.57575,-0.149801,7957.9,-2.40797,-0.150232,0.0
31280.0,-0.15786459673659703,-0.153929,5.20788,0.0,-0.117457,-0.412764,-7.57693,-0.153929,7960.26,-2.44357,-0.0789323,0.0
31290.0,-0.16990459673659686,-0.159307,5.20788,0.0,-1.2044,-0.537884,-7.58897,-0.159307,7962.46,-2.25795,-0.132527,0.0
31300.0,-0.17668459673659687,-0.16489,5.20788,0.0,-0.678328,-0.558294,-7.59576,-0.16489,7964.1,-2.34166,-0.209537,0.0
31310.0,-0.17622459673659696,-0.169078,5.20788,0.0,0.046289,-0.418808,-7.59529,-0.169078,7964.95,-2.39526,-0.239655,0.0
31320.0,-0.16946459673659708,-0.173291,5.20788,0.0,0.676464,-0.421212,-7.58853,-0.173291,7965.27,-2.39554,-0.287245,0.0
31330.0,-0.1607445967365968,-0.182004,5.20788,0.0,0.872041,-0.871313,-7.57981,-0.182004,7965.4,-2.2651,-0.248136,0.0
31340.0,-0.1613345967365971,-0.195545,5.20788,0.0,-0.0596437,-1.35411,-7.58041,-0.195545,7965.49,-2.58813,-0.136611,0.0
31350.0,-0.16244459673659684,-0.210128,5.20788,0.0,-0.110366,-1.45832,-7.58151,-0.210128,7965.35,-2.31387,-0.062817,0.0
31360.0,-0.1652345967365969,-0.221706,5.20788,0.0,-0.278826,-1.15777,-7.5843,-0.221706,7964.87,-2.33262,-0.149017,0.0
31370.0,-0.1956345967365971,-0.228323,5.20788,0.0,-3.04095,-0.661727,-7.61471,-0.228323,7964.38,-2.61937,-0.389412,0.0
31380.0,-0.25584459673659676,-0.230925,5.20788,0.0,-6.02076,-0.26022,-7.67491,-0.230925,7964.14,-2.56484,-0.213238,0.0
31390.0,-0.2586945967365968,-0.234544,5.20788,0.0,-0.284878,-0.361882,-7.67776,-0.234544,7964.14,-2.41234,-0.25365,0.0
31400.0,-0.25897459673659684,-0.239338,5.20788,0.0,-0.0276926,-0.479409,-7.67804,-0.239338,7964.31,-2.49099,-0.288063,0.0
31410.0,-0.25694459673659686,-0.24821,5.20788,0.0,0.202798,-0.887192,-7.67601,-0.24821,7964.57,-2.5506,-0.212869,0.0
31420.0,-0.23437459673659689,-0.261619,5.20788,0.0,2.25726,-1.3409,-7.65344,-0.261619,7964.98,-2.33059,-0.239956,0.0
31430.0,-0.21277459673659704,-0.277114,5.20788,0.0,2.15936,-1.54953,-7.63185,-0.277114,7965.79,-2.39466,-0.312793,0.0
31440.0,-0.1980445967365969,-0.292928,5.20788,0.0,1.47351,-1.58138,-7.61711,-0.292928,7967.18,-2.40148,-0.211898,0.0
31450.0,-0.19817459673659688,-0.304357,5.20788,0.0,-0.0133438,-1.14288,-7.61724,-0.304357,7969.45,-2.29985,-0.314872,0.0
31460.0,-0.19756459673659688,-0.310352,5.20788,0.0,0.0614846,-0.599494,-7.61663,-0.310352,7973.04,-2.41627,-0.351103,0.0
31470.0,-0.197244596736597,-0.314653,5.20788,0.0,0.0314718,-0.430088,-7.61631,-0.314653,7978.37,-2.42215,-0.299845,0.0
31480.0,-0.1844845967365969,-0.321659,5.20788,0.0,1.27674,-0.700663,-7.60355,-0.321659,7985.46,-2.41603,-0.410427,0.0
31490.0,-0.18251459673659687,-0.330659,5.20788,0.0,0.196171,-0.899925,-7.60159,-0.330659,7993.74,-2.26385,-0.343378,0.0
31500.0,-0.13678459673659704,-0.341512,5.20788,0.0,4.57346,-1.08534,-7.55585,-0.341512,8001.77,-2.34931,-0.288727,0.0
31510.0,-0.13056459673659715,-0.348814,5.20788,0.0,0.621442,-0.730162,-7.54964,-0.348814,8007.83,-2.27186,-0.470967,0.0
31520.0,-0.10047459673659676,-0.357747,5.20788,0.0,3.00919,-0.893346,-7.51954,-0.357747,8011.74,-2.30952,-0.334081,0.0
31530.0,-0.09695459673659679,-0.374136,5.20788,0.0,0.352237,-1.63888,-7.51602,-0.374136,8015.11,-2.37716,-0.374349,0.0
31540.0,-0.08836459673659691,-0.408843,5.20788,0.0,0.858867,-3.4707,-7.50743,-0.408843,8021.39,-2.25085,-0.590829,0.0
31550.0,-0.06546459673659699,-0.471478,5.20788,0.0,2.29054,-6.26353,-7.48453,-0.471478,8034.77,-2.49498,-0.336448,0.0
31560.0,0.02087540326340287,-0.578083,5.20788,0.0,8.63358,-10.6605,-7.39819,-0.578083,8055.74,-2.20175,-0.36023,0.0
31570.0,1.1872654032634031,-0.784178,5.20788,0.0,116.639,-20.6094,-6.2318,-0.784178,8077.47,2.23032,-1.08381,0.0
31580.0,4.539965403263404,-1.10212,5.20788,0.0,335.27,-31.7942,-2.87911,-1.10212,8092.51,7.05758,-1.55791,0.0
31590.0,8.189385403263403,-1.38388,5.20788,0.0,364.943,-28.1757,0.770319,-1.38388,8100.81,8.48834,-1.35063,0.0
31600.0,9.825115403263403,-1.53487,5.20788,0.0,163.573,-15.099,2.40605,-1.53487,8105.76,7.48649,-1.77457,0.0
31610.0,10.085765403263403,-1.59804,5.20788,0.0,26.0648,-6.31704,2.6667,-1.59804,8109.38,7.43143,-1.63624,0.0
31620.0,10.251465403263403,-1.63311,5.20788,0.0,16.5698,-3.50777,2.8324,-1.63311,8112.72,8.27865,-1.61503,0.0
31630.0,10.256695403263404,-1.65434,5.20788,0.0,0.522686,-2.12286,2.83762,-1.65434,8115.87,8.21682,-1.59771,0.0
31640.0,10.362575403263403,-1.66985,5.20788,0.0,10.5887,-1.55045,2.94351,-1.66985,8118.3,8.19292,-1.77315,0.0
31650.0,10.388175403263403,-1.67776,5.20788,0.0,2.5599,-0.790958,2.96911,-1.67776,8119.87,8.18819,-1.7213,0.0
31660.0,10.401975403263403,-1.68234,5.20788,0.0,1.37993,-0.458648,2.98291,-1.68234,8121.03,8.11453,-1.69691,0.0
31670.0,10.402105403263404,-1.68704,5.20788,0.0,0.013121,-0.469799,2.98304,-1.68704,8122.46,8.25295,-1.65072,0.0
31680.0,10.402745403263404,-1.69474,5.20788,0.0,0.0636683,-0.770094,2.98368,-1.69474,8124.47,8.10688,-1.93973,0.0
31690.0,10.435115403263403,-1.70563,5.20788,0.0,3.23723,-1.08842,3.01605,-1.70563,8126.74,8.34526,-1.64514,0.0
31700.0,10.480825403263404,-1.71863,5.20788,0.0,4.57051,-1.3006,3.06175,-1.71863,8128.71,8.27325,-1.65648,0.0
31710.0,10.481415403263403,-1.73324,5.20788,0.0,0.0589167,-1.46114,3.06234,-1.73324,8129.86,8.40847,-1.67175,0.0
31720.0,10.478025403263404,-1.74488,5.20788,0.0,-0.338528,-1.16358,3.05896,-1.74488,8130.16,8.30173,-1.75961,0.0
31730.0,10.423345403263404,-1.7435,5.20788,0.0,-5.46779,0.137564,3.00428,-1.7435,8129.84,8.08024,-1.86024,0.0
31740.0,10.344805403263404,-1.73102,5.20788,0.0,-7.85431,1.248,2.92574,-1.73102,8129.23,8.14089,-1.75993,0.0
31750.0,10.326755403263403,-1.71436,5.20788,0.0,-1.80482,1.66615,2.90769,-1.71436,8128.52,8.05031,-1.98831,0.0
31760.0,10.312615403263404,-1.67858,5.20788,0.0,-1.41376,3.5784,2.89355,-1.67858,8126.99,8.15163,-1.95133,0.0
31770.0,10.166265403263402,-1.58952,5.20788,0.0,-14.6353,8.90615,2.7472,-1.58952,8122.97,7.62501,-1.44167,0.0
31780.0,9.313395403263403,-1.43053,5.20788,0.0,-85.2871,15.899,1.89433,-1.43053,8115.05,5.94289,-0.801872,0.0
31790.0,8.610175403263403,-1.26618,5.20788,0.0,-70.3216,16.4347,1.19111,-1.26618,8104.04,6.34617,-0.812732,0.0
31800.0,8.588365403263403,-1.15825,5.20788,0.0,-2.18118,10.7934,1.1693,-1.15825,8093.01,6.62461,-0.941491,0.0
31810.0,8.550725403263403,-1.09976,5.20788,0.0,-3.76441,5.84888,1.13166,-1.09976,8084.59,6.39523,-1.06994,0.0
31820.0,8.550385403263403,-1.07699,5.20788,0.0,-0.0333842,2.27688,1.13132,-1.07699,8079.35,6.44399,-0.991489,0.0
31830.0,8.538885403263404,-1.0709,5.20788,0.0,-1.15013,0.608869,1.11982,-1.0709,8076.41,6.28446,-1.17484,0.0
31840.0,8.555765403263402,-1.07087,5.20788,0.0,1.68731,0.00290774,1.13669,-1.07087,8074.08,6.24633,-1.06946,0.0
31850.0,8.556405403263403,-1.07214,5.20788,0.0,0.0647021,-0.127473,1.13734,-1.07214,8071.01,6.19284,-1.21928,0.0
31860.0,8.557905403263403,-1.07406,5.20788,0.0,0.149449,-0.191374,1.13884,-1.07406,8067.11,6.54451,-1.09591,0.0
31870.0,8.595775403263403,-1.07626,5.20788,0.0,3.7871,-0.219663,1.17671,-1.07626,8063.2,6.59733,-1.02884,0.0
31880.0,8.597885403263403,-1.07668,5.20788,0.0,0.211266,-0.0423649,1.17882,-1.07668,8060.12,6.26373,-0.972619,0.0
31890.0,8.609665403263403,-1.07608,5.20788,0.0,1.17739,0.0603291,1.19059,-1.07608,8057.97,6.36652,-1.18311,0.0
31900.0,8.628415403263404,-1.07227,5.20788,0.0,1.87511,0.38053,1.20934,-1.07227,8056.28,6.29486,-1.09316,0.0
31910.0,8.618475403263403,-1.06098,5.20788,0.0,-0.993364,1.12939,1.19941,-1.06098,8054.71,6.61679,-1.02977,0.0
31920.0,8.599135403263404,-1.04239,5.20788,0.0,-1.93386,1.85849,1.18007,-1.04239,8052.76,6.5022,-1.00607,0.0
31930.0,8.591525403263404,-1.02163,5.20788,0.0,-0.761342,2.07572,1.17246,-1.02163,8049.49,6.25072,-1.08232,0.0
31940.0,8.592195403263403,-1.00291,5.20788,0.0,0.0673029,1.87275,1.17313,-1.00291,8044.98,6.40509,-0.974389,0.0
31950.0,8.577785403263404,-0.987746,5.20788,0.0,-1.44158,1.51608,1.15872,-0.987746,8040.85,6.39899,-0.964913,0.0
31960.0,8.578685403263403,-0.978081,5.20788,0.0,0.0902744,0.966512,1.15962,-0.978081,8038.11,6.34119,-0.92083,0.0
31970.0,8.595575403263403,-0.973383,5.20788,0.0,1.68872,0.469827,1.17651,-0.973383,8035.9,6.31205,-0.973733,0.0
31980.0,8.611495403263403,-0.970819,5.20788,0.0,1.5922,0.256388,1.19243,-0.970819,8032.96,6.49598,-0.963183,0.0
31990.0,8.634605403263404,-0.967119,5.20788,0.0,2.31054,0.369939,1.21553,-0.967119,8029.25,6.38855,-0.972046,0.0
32000.0,8.636585403263403,-0.956296,5.20788,0.0,0.198528,1.08229,1.21752,-0.956296,8025.62,6.48792,-0.845473,0.0
32010.0,8.634865403263403,-0.932491,5.20788,0.0,-0.172133,2.38055,1.2158,-0.932491,8022.18,6.43643,-1.03749,0.0
32020.0,8.457855403263403,-0.889683,5.20788,0.0,-17.7013,4.28081,1.03878,-0.889683,8018.35,6.01165,-1.1807,0.0
32030.0,6.290175403263403,-0.78588,5.20788,0.0,-216.768,10.3802,-1.1289,-0.78588,8013.63,1.93814,-0.556083,0.0
32040.0,3.9795154032634033,-0.661076,5.20788,0.0,-231.065,12.4805,-3.43955,-0.661076,8008.11,0.318789,-0.12213,0.0
32050.0,3.603235403263403,-0.579741,5.20788,0.0,-37.6278,8.13348,-3.81583,-0.579741,8002.77,1.46265,-0.360365,0.0
32060.0,3.537545403263403,-0.491872,5.20788,0.0,-6.56944,8.78694,-3.88152,-0.491872,7998.78,1.60975,-0.363301,0.0
32070.0,3.4694254032634033,-0.411538,5.20788,0.0,-6.81197,8.0334,-3.94964,-0.411538,7996.49,1.18679,-0.681211,0.0
32080.0,3.472635403263403,-0.363927,5.20788,0.0,0.321319,4.76104,-3.94643,-0.363927,7995.53,1.14744,-0.35756,0.0
32090.0,3.402335403263403,-0.336406,5.20788,0.0,-7.03056,2.75209,-4.01673,-0.336406,7995.31,1.11883,-0.293087,0.0
32100.0,3.392795403263403,-0.31892,5.20788,0.0,-0.953695,1.74865,-4.02627,-0.31892,7995.58,1.24929,-0.220701,0.0
32110.0,3.3937554032634027,-0.30668,5.20788,0.0,0.095563,1.22397,-4.02531,-0.30668,7996.94,1.23172,-0.524174,0.0
32120.0,3.4012154032634028,-0.299398,5.20788,0.0,0.746627,0.728213,-4.01785,-0.299398,8000.85,1.01697,-0.357501,0.0
32130.0,3.407775403263403,-0.295171,5.20788,0.0,0.655449,0.422691,-4.01129,-0.295171,8009.04,1.22757,-0.275626,0.0
32140.0,3.414765403263403,-0.292079,5.20788,0.0,0.699371,0.309214,-4.0043,-0.292079,8021.08,1.20153,-0.21957,0.0
32150.0,3.429365403263403,-0.289087,5.20788,0.0,1.4596,0.299158,-3.9897,-0.289087,8032.92,1.18614,-0.288003,0.0
32160.0,3.430345403263403,-0.284925,5.20788,0.0,0.098102,0.41625,-3.98872,-0.284925,8041.68,1.26115,-0.38112,0.0
32170.0,3.4315354032634033,-0.278952,5.20788,0.0,0.119152,0.597333,-3.98753,-0.278952,8050.04,1.28601,-0.321923,0.0
32180.0,3.438595403263403,-0.268634,5.20788,0.0,0.70615,1.03171,-3.98047,-0.268634,8061.52,1.17707,-0.307879,0.0
32190.0,3.440115403263403,-0.251402,5.20788,0.0,0.151492,1.72325,-3.97896,-0.251402,8074.71,1.26553,-0.15915,0.0
32200.0,3.4373454032634028,-0.228563,5.20788,0.0,-0.276454,2.28389,-3.98172,-0.228563,8086.33,1.23326,-0.184182,0.0
32210.0,3.426135403263403,-0.20579,5.20788,0.0,-1.12139,2.2773,-3.99293,-0.20579,8095.89,1.23089,-0.139733,0.0
32220.0,3.439025403263403,-0.191141,5.20788,0.0,1.28969,1.46492,-3.98004,-0.191141,8105.02,1.06373,-0.404369,0.0
32230.0,3.4396554032634032,-0.183583,5.20788,0.0,0.0623699,0.755827,-3.97941,-0.183583,8116.46,1.18276,-0.159791,0.0
32240.0,3.427355403263403,-0.178077,5.20788,0.0,-1.22948,0.550553,-3.99171,-0.178077,8133.12,1.27143,-0.295828,0.0
32250.0,3.4156754032634034,-0.169837,5.20788,0.0,-1.16827,0.823964,-4.00339,-0.169837,8153.94,1.28267,-0.199163,0.0
32260.0,3.388375403263403,-0.155539,5.20788,0.0,-2.73054,1.4298,-4.0307,-0.155539,8173.34,1.05511,-0.192391,0.0
32270.0,3.343915403263403,-0.137199,5.20788,0.0,-4.44529,1.83408,-4.07515,-0.137199,8188.26,0.956057,-0.0183583,0.0
32280.0,3.339235403263403,-0.118423,5.20788,0.0,-0.468593,1.87758,-4.07983,-0.118423,8199.93,1.15832,-0.0504535,0.0
32290.0,3.3413754032634033,-0.10006,5.20788,0.0,0.214067,1.83627,-4.07769,-0.10006,8209.19,1.11744,-0.0559683,0.0
32300.0,3.361115403263403,-0.0883782,5.20788,0.0,1.97443,1.1682,-4.05795,-0.0883782,8217.24,1.13707,-0.0827854,0.0
32310.0,3.367655403263403,-0.0833205,5.20788,0.0,0.653364,0.505772,-4.05142,-0.0833205,8227.52,1.1748,-0.0929494,0.0
32320.0,3.384135403263403,-0.0814633,5.20788,0.0,1.64805,0.185721,-4.03494,-0.0814633,8242.6,1.32257,-0.256189,0.0
32330.0,3.385005403263403,-0.079468,5.20788,0.0,0.0873114,0.199531,-4.03406,-0.079468,8261.2,1.25975,0.00139048,0.0
32340.0,3.383115403263403,-0.0777628,5.20788,0.0,-0.189102,0.170521,-4.03595,-0.0777628,8279.18,1.13351,-0.0244402,0.0
32350.0,3.333735403263403,-0.0750218,5.20788,0.0,-4.93776,0.274097,-4.08533,-0.0750218,8294.36,1.01944,-0.140399,0.0
32360.0,3.255455403263403,-0.0713471,5.20788,0.0,-7.82851,0.367472,-4.16362,-0.0713471,8308.12,1.05651,-0.0736185,0.0
32370.0,3.251775403263403,-0.0703516,5.20788,0.0,-0.367572,0.0995452,-4.16729,-0.0703516,8321.84,0.999892,-0.0785798,0.0
32380.0,3.243515403263403,-0.0694752,5.20788,0.0,-0.825829,0.0876405,-4.17555,-0.0694752,8335.44,0.939398,-0.0572561,0.0
32390.0,3.257795403263403,-0.0691758,5.20788,0.0,1.42816,0.0299427,-4.16127,-0.0691758,8348.75,1.06712,-0.023654,0.0
32400.0,3.262455403263403,-0.0681133,5.20788,0.0,0.465287,0.106251,-4.15662,-0.0681133,8363.01,1.14164,-0.128808,0.0
32410.0,3.285175403263403,-0.0668677,5.20788,0.0,2.27228,0.124559,-4.13389,-0.0668677,8381.16,1.02576,0.106152,0.0
32420.0,3.312255403263403,-0.0632215,5.20788,0.0,2.70781,0.364615,-4.10682,-0.0632215,8403.57,1.10154,-0.102289,0.0
32430.0,3.3140454032634032,-0.0552609,5.20788,0.0,0.179082,0.796062,-4.10502,-0.0552609,8424.6,1.2255,0.0257551,0.0
32440.0,3.3132454032634033,-0.0467783,5.20788,0.0,-0.0793456,0.848263,-4.10582,-0.0467783,8439.64,1.13778,0.151259,0.0
32450.0,3.278635403263403,-0.0402257,5.20788,0.0,-3.46179,0.655256,-4.14044,-0.0402257,8452.51,0.962317,-0.0383124,0.0
32460.0,3.250035403263403,-0.0374904,5.20788,0.0,-2.86008,0.273533,-4.16904,-0.0374904,8470.19,0.858468,-0.138281,0.0
32470.0,3.246715403263403,-0.0385871,5.20788,0.0,-0.331774,-0.109671,-4.17235,-0.0385871,8493.0,1.21072,0.0662615,0.0
32480.0,3.2016144032634033,-0.0410437,5.20788,0.0,-4.50989,-0.245654,-4.21745,-0.0410437,8514.05,1.06315,-0.0324011,0.0
32490.0,3.226855403263403,-0.0483253,5.20788,0.0,2.52398,-0.728169,-4.19221,-0.0483253,8527.97,1.25946,-0.075101,0.0
32500.0,3.2267454032634033,-0.0548126,5.20788,0.0,-0.0110775,-0.648727,-4.19232,-0.0548126,8536.99,0.946037,0.0407289,0.0
32510.0,3.2072064032634033,-0.0580817,5.20788,0.0,-1.95368,-0.326907,-4.21186,-0.0580817,8547.52,1.04163,-0.0568283,0.0
32520.0,3.183208403263403,-0.0597622,5.20788,0.0,-2.3998,-0.168051,-4.23586,-0.0597622,8562.63,1.005,-0.0106659,0.0
32530.0,3.181947403263403,-0.0668428,5.20788,0.0,-0.126081,-0.708064,-4.23712,-0.0668428,8580.23,0.895186,-0.1435,0.0
32540.0,3.187437403263403,-0.088255,5.20788,0.0,0.548983,-2.14122,-4.23163,-0.088255,8597.25,0.931347,-0.178266,0.0
32550.0,3.177357403263403,-0.126894,5.20788,0.0,-1.00796,-3.86386,-4.24171,-0.126894,8613.17,1.01531,-0.287065,0.0
32560.0,3.180998403263403,-0.170883,5.20788,0.0,0.36405,-4.39892,-4.23807,-0.170883,8628.86,1.04344,-0.0573838,0.0
32570.0,3.178291403263403,-0.203135,5.20788,0.0,-0.270715,-3.22523,-4.24078,-0.203135,8642.91,0.892975,-0.244422,0.0
32580.0,3.1668444032634033,-0.223575,5.20788,0.0,-1.14467,-2.04403,-4.25222,-0.223575,8652.51,1.10787,-0.240019,0.0
32590.0,3.148618403263403,-0.245852,5.20788,0.0,-1.82257,-2.22762,-4.27045,-0.245852,8658.45,0.944853,-0.121064,0.0
32600.0,3.144542403263403,-0.287115,5.20788,0.0,-0.407665,-4.1263,-4.27452,-0.287115,8665.88,0.812768,-0.499841,0.0
32610.0,3.138087403263403,-0.360268,5.20788,0.0,-0.645443,-7.31529,-4.28098,-0.360268,8680.17,0.939707,-0.21797,0.0
32620.0,3.081567403263403,-0.464151,0.0,0.0,-5.652,-10.3884,-0.870382,-0.464151,8704.1,0.97302,-0.321536,0.0
32630.0,2.154983403263403,-0.55245,0.0,0.0,-92.6584,-8.8299,0.056202,-0.55245,8737.39,-2.80636,-0.747624,0.0
32640.0,0.3955154032634032,-0.592968,0.0,0.0,-175.946,-4.05177,1.81567,-0.592968,8773.93,-2.8838,-0.839369,0.0
32650.0,-0.4827145967365971,-0.636584,0.0,0.0,-87.8237,-4.3616,2.6939,-0.636584,8803.76,-2.82238,-0.843549,0.0
32660.0,-0.5724745967365967,-0.689259,0.0,0.0,-8.97602,-5.26747,2.78366,-0.689259,8822.66,-2.71288,-0.68188,0.0
32670.0,-0.6065745967365967,-0.723855,0.0,0.0,-3.4099,-3.45961,2.81776,-0.723855,8833.65,-2.70179,-0.731218,0.0
32680.0,-0.6100345967365968,-0.743802,0.0,0.0,-0.345461,-1.99476,2.82122,-0.743802,8840.45,-2.81079,-0.472166,0.0
32690.0,-0.6273245967365968,-0.753351,0.0,0.0,-1.72882,-0.954891,2.83851,-0.753351,8845.41,-2.84812,-0.53317,0.0
32700.0,-0.628164596736597,-0.754911,0.0,0.0,-0.0841308,-0.155981,2.83935,-0.754911,8850.04,-2.77556,-0.891947,0.0
32710.0,-0.625864596736597,-0.751999,0.0,0.0,0.229556,0.291206,2.83705,-0.751999,8854.52,-2.8918,-0.740432,0.0
32720.0,-0.5759445967365968,-0.752437,0.0,0.0,4.99259,-0.0438119,2.78713,-0.752437,8858.3,-2.72912,-0.79935,0.0
32730.0,-0.5174145967365971,-0.754952,0.0,0.0,5.85225,-0.251462,2.7286,-0.754952,8861.32,-2.69709,-0.805635,0.0
32740.0,-0.49723459673659676,-0.75558,0.0,0.0,2.01834,-0.0628695,2.70842,-0.75558,8864.72,-2.72653,-0.737948,0.0
32750.0,-0.44855459673659714,-0.756259,0.0,0.0,4.86809,-0.0678206,2.65974,-0.756259,8870.39,-2.56416,-0.808998,0.0
32760.0,-0.38826459673659697,-0.755914,0.0,0.0,6.0288,0.0344881,2.59945,-0.755914,8879.09,-2.44868,-0.77006,0.0
32770.0,-0.35604459673659683,-0.752548,0.0,0.0,3.22173,0.336548,2.56723,-0.752548,8889.12,-2.56884,-0.747274,0.0
32780.0,-0.3316545967365969,-0.745685,0.0,0.0,2.43962,0.686345,2.54284,-0.745685,8897.86,-2.46797,-0.66369,0.0
32790.0,-0.3103545967365968,-0.73682,0.0,0.0,2.1298,0.886438,2.52154,-0.73682,8904.31,-2.61129,-0.562119,0.0
32800.0,-0.3085645967365971,-0.729823,0.0,0.0,0.179366,0.699742,2.51975,-0.729823,8909.62,-2.41001,-0.61044,0.0
32810.0,-0.30823459673659714,-0.725658,0.0,0.0,0.0320896,0.416479,2.51942,-0.725658,8914.87,-2.26029,-0.632009,0.0
32820.0,-0.3098745967365968,-0.720486,0.0,0.0,-0.163608,0.517207,2.52106,-0.720486,8919.86,-2.77462,-0.764157,0.0
32830.0,-0.35664459673659676,-0.712374,0.0,0.0,-4.67661,0.811241,2.56783,-0.712374,8924.37,-2.60813,-0.569106,0.0
32840.0,-0.39459459673659714,-0.707094,0.0,0.0,-3.79558,0.527955,2.60578,-0.707094,8928.4,-2.86072,-0.874531,0.0
32850.0,-0.40629459673659696,-0.705874,0.0,0.0,-1.1693,0.122029,2.61748,-0.705874,8932.49,-2.77436,-0.811514,0.0
32860.0,-0.406304596736597,-0.706181,0.0,0.0,-0.00177105,-0.0306823,2.61749,-0.706181,8937.07,-2.59833,-0.743549,0.0
32870.0,-0.39558459673659696,-0.707431,0.0,0.0,1.0728,-0.125029,2.60677,-0.707431,8942.26,-2.63523,-0.639817,0.0
32880.0,-0.38366459673659703,-0.709868,0.0,0.0,1.1919,-0.243714,2.59485,-0.709868,8948.0,-2.54474,-0.705332,0.0
32890.0,-0.3817745967365971,-0.712636,0.0,0.0,0.188633,-0.276751,2.59296,-0.712636,8953.3,-2.58986,-0.708747,0.0
32900.0,-0.3818445967365971,-0.714627,0.0,0.0,-0.00748133,-0.199141,2.59303,-0.714627,8957.73,-2.57471,-0.430543,0.0
32910.0,-0.38187459673659685,-0.715853,0.0,0.0,-0.00286393,-0.122556,2.59306,-0.715853,8961.87,-2.46417,-0.523459,0.0
32920.0,-0.3801845967365969,-0.717624,0.0,0.0,0.169249,-0.177182,2.59137,-0.717624,8965.71,-2.73874,-0.716899,0.0
32930.0,-0.3675145967365969,-0.720422,0.0,0.0,1.26695,-0.279755,2.5787,-0.720422,8968.97,-2.64733,-0.718457,0.0
32940.0,-0.30107459673659687,-0.724885,0.0,0.0,6.6438,-0.446264,2.51226,-0.724885,8971.64,-2.24277,-0.743236,0.0
32950.0,-0.0785645967365971,-0.735016,0.0,0.0,22.2516,-1.01317,2.28975,-0.735016,8973.79,-1.90352,-0.8904,0.0
32960.0,0.09417540326340301,-0.74248,0.0,0.0,17.2738,-0.746395,2.11701,-0.74248,8976.55,-2.03106,-0.926999,0.0
32970.0,0.10134540326340291,-0.742921,0.0,0.0,0.717227,-0.0440364,2.10984,-0.742921,8980.93,-2.04399,-0.679317,0.0
32980.0,0.10110540326340312,-0.74335,0.0,0.0,-0.0239493,-0.0429391,2.11008,-0.74335,8985.86,-2.13647,-0.825905,0.0
32990.0,0.09429540326340291,-0.743984,0.0,0.0,-0.681135,-0.0633563,2.11689,-0.743984,8989.43,-2.13381,-0.652542,0.0
33000.0,0.046185403263403035,-0.743411,0.0,0.0,-4.81152,0.0572362,2.165,-0.743411,8991.01,-2.23193,-0.651802,0.0
33010.0,-0.0009745967365968333,-0.743817,0.0,0.0,-4.71622,-0.0405895,2.21216,-0.743817,8991.18,-2.1133,-0.704261,0.0
33020.0,-0.003214596736596853,-0.747297,0.0,0.0,-0.223747,-0.34803,2.2144,-0.747297,8990.57,-2.27106,-0.766455,0.0
33030.0,-0.0023445967365969267,-0.75094,0.0,0.0,0.0871623,-0.364313,2.21353,-0.75094,8989.18,-2.27854,-0.868662,0.0
33040.0,0.025185403263403128,-0.75475,0.0,0.0,2.75327,-0.380987,2.186,-0.75475,8986.9,-2.08793,-0.808429,0.0
33050.0,0.0697554032634029,-0.759228,0.0,0.0,4.45656,-0.447792,2.14143,-0.759228,8983.98,-2.10424,-0.67482,0.0
33060.0,0.09073540326340312,-0.763282,0.0,0.0,2.09859,-0.405325,2.12045,-0.763282,8979.33,-2.26028,-0.81331,0.0
33070.0,0.08976540326340299,-0.76587,0.0,0.0,-0.0977844,-0.258807,2.12142,-0.76587,8969.57,-2.01179,-0.746666,0.0
33080.0,0.05244540326340319,-0.765806,0.0,0.0,-3.73148,0.00633051,2.15874,-0.765806,8953.2,-2.13909,-0.73054,0.0
33090.0,0.04920540326340328,-0.767067,0.0,0.0,-0.32421,-0.126088,2.16198,-0.767067,8933.13,-2.21263,-0.713734,0.0
33100.0,0.01339540326340316,-0.768198,0.0,0.0,-3.58061,-0.113102,2.19779,-0.768198,8911.08,-2.30362,-0.816826,0.0
33110.0,-0.019224596736596933,-0.770007,0.0,0.0,-3.26257,-0.180834,2.23041,-0.770007,8885.82,-2.09005,-0.762423,0.0
33120.0,-0.020454596736596997,-0.771018,0.0,0.0,-0.123178,-0.101156,2.23164,-0.771018,8859.0,-2.40393,-0.910593,0.0
33130.0,-0.01675459673659674,-0.769497,0.0,0.0,0.370165,0.152073,2.22794,-0.769497,8835.31,-2.31964,-0.797586,0.0
33140.0,-0.04005459673659706,-0.764575,0.0,0.0,-2.32964,0.492225,2.25124,-0.764575,8815.27,-2.15724,-0.515989,0.0
33150.0,-0.040394596736597066,-0.755497,0.0,0.0,-0.0342228,0.907826,2.25158,-0.755497,8792.07,-2.21253,-0.850008,0.0
33160.0,-0.014704596736597075,-0.739841,0.0,0.0,2.56885,1.56557,2.22589,-0.739841,8758.73,-2.30653,-0.655955,0.0
33170.0,-0.0185045967365971,-0.718805,0.0,0.0,-0.379278,2.10357,2.22969,-0.718805,8718.05,-2.36444,-0.789804,0.0
33180.0,-0.0185045967365971,-0.700098,0.0,0.0,-0.000256556,1.87078,2.22969,-0.700098,8677.75,-2.12898,-0.773966,0.0
33190.0,-0.039704596736596987,-0.686477,0.0,0.0,-2.12061,1.3621,2.25089,-0.686477,8637.68,-2.29886,-0.682684,0.0
33200.0,0.02207540326340318,-0.682889,0.0,0.0,6.17818,0.358808,2.18911,-0.682889,8594.33,-2.1148,-0.674863,0.0
33210.0,0.06799540326340292,-0.683409,0.0,0.0,4.59209,-0.0520365,2.14319,-0.683409,8550.32,-2.36276,-0.716604,0.0
33220.0,0.07168540326340311,-0.684333,0.0,0.0,0.368769,-0.092421,2.1395,-0.684333,8507.6,-2.0092,-0.600062,0.0
33230.0,0.07946540326340301,-0.685659,0.0,0.0,0.777984,-0.132633,2.13172,-0.685659,8464.52,-2.20424,-0.412585,0.0
33240.0,0.06080540326340289,-0.686398,0.0,0.0,-1.86539,-0.0738746,2.15038,-0.686398,8423.2,-2.09101,-0.607387,0.0
33250.0,0.05814540326340323,-0.691539,0.0,0.0,-0.265747,-0.514032,2.15304,-0.691539,8385.1,-2.13951,-0.655235,0.0
33260.0,0.022395403263403058,-0.703806,0.0,0.0,-3.57539,-1.22673,2.18879,-0.703806,8346.02,-2.28804,-0.729088,0.0
33270.0,-0.026114596736596773,-0.724912,0.0,0.0,-4.85093,-2.11062,2.2373,-0.724912,8305.33,-2.3661,-0.762383,0.0
33280.0,-0.051494596736596954,-0.748951,0.0,0.0,-2.53781,-2.40394,2.26268,-0.748951,8267.43,-2.23802,-0.740996,0.0
33290.0,-0.06651459673659676,-0.766902,0.0,0.0,-1.50185,-1.79509,2.2777,-0.766902,8230.51,-2.1513,-0.840411,0.0
33300.0,-0.11131459673659672,-0.775204,0.0,0.0,-4.48017,-0.830204,2.3225,-0.775204,8190.47,-2.30584,-1.02303,0.0
33310.0,-0.1146645967365969,-0.779264,0.0,0.0,-0.335568,-0.405938,2.32585,-0.779264,8153.21,-2.44397,-0.906913,0.0
33320.0,-0.14056459673659694,-0.779066,0.0,0.0,-2.58952,0.0197657,2.35175,-0.779066,8125.86,-2.63204,-0.772845,0.0
33330.0,-0.14159459673659702,-0.777591,0.0,0.0,-0.103068,0.147467,2.35278,-0.777591,8104.42,-2.27233,-0.614865,0.0
33340.0,-0.14082459673659686,-0.772026,0.0,0.0,0.0767037,0.556516,2.35201,-0.772026,8081.38,-2.41193,-0.881957,0.0
33350.0,-0.13170459673659707,-0.760999,0.0,0.0,0.912203,1.10273,2.34289,-0.760999,8055.74,-2.24787,-0.743996,0.0
33360.0,-0.12779459673659677,-0.745813,0.0,0.0,0.390768,1.51857,2.33898,-0.745813,8032.01,-2.3118,-0.508936,0.0
33370.0,-0.12306459673659687,-0.728576,0.0,0.0,0.473406,1.72374,2.33425,-0.728576,8012.57,-2.34089,-0.743438,0.0
33380.0,-0.10647459673659698,-0.708169,0.0,0.0,1.65907,2.04071,2.31766,-0.708169,7994.66,-2.33404,-0.706107,0.0
33390.0,-0.0902245967365971,-0.68505,0.0,0.0,1.6244,2.31191,2.30141,-0.68505,7977.29,-2.11128,-0.652027,0.0
33400.0,-0.054514596736596754,-0.666727,0.0,0.0,3.57142,1.83229,2.2657,-0.666727,7963.44,-2.21547,-0.683795,0.0
33410.0,-0.05208459673659682,-0.653903,0.0,0.0,0.242674,1.28239,2.26327,-0.653903,7953.66,-2.28853,-0.548115,0.0
33420.0,-0.0515845967365971,-0.641756,0.0,0.0,0.050203,1.2147,2.26277,-0.641756,7945.85,-2.20485,-0.582997,0.0
33430.0,-0.060584596736596996,-0.623758,0.0,0.0,-0.900091,1.79983,2.27177,-0.623758,7939.66,-2.365,-0.659319,0.0
33440.0,-0.09277459673659694,-0.601758,0.0,0.0,-3.21843,2.2,2.30396,-0.601758,7935.79,-2.38655,-0.377379,0.0
33450.0,-0.09301459673659673,-0.585015,0.0,0.0,-0.0240934,1.67421,2.3042,-0.585015,7934.12,-2.21852,-0.668998,0.0
33460.0,-0.09047459673659697,-0.572962,0.0,0.0,0.254109,1.20535,2.30166,-0.572962,7933.77,-2.31117,-0.431569,0.0
33470.0,-0.052434596736596895,-0.558853,0.0,0.0,3.80327,1.41089,2.26362,-0.558853,7933.82,-2.26771,-0.576899,0.0
33480.0,-0.06552459673659694,-0.531461,0.0,0.0,-1.30916,2.73916,2.27671,-0.531461,7933.81,-2.01805,-0.583051,0.0
33490.0,-0.06549459673659674,-0.496248,0.0,0.0,0.00382908,3.52132,2.27668,-0.496248,7933.91,-2.03376,-0.565748,0.0
33500.0,-0.10856459673659691,-0.454076,0.0,0.0,-4.30781,4.21723,2.31975,-0.454076,7934.3,-2.47651,-0.460252,0.0
33510.0,-0.22267459673659706,-0.404103,0.0,0.0,-11.4107,4.99727,2.43386,-0.404103,7934.91,-3.14495,-0.30454,0.0
33520.0,-0.3006445967365967,-0.362784,0.0,0.0,-7.79673,4.13192,2.51183,-0.362784,7935.65,-2.31738,-0.297446,0.0
33530.0,-0.38228459673659687,-0.339714,0.0,0.0,-8.16435,2.30699,2.59347,-0.339714,7936.69,-2.63669,-0.344057,0.0
33540.0,-0.42630459673659704,-0.332287,0.0,0.0,-4.40146,0.74267,2.63749,-0.332287,7938.26,-2.63846,-0.317994,0.0
33550.0,-0.4468045967365968,-0.331634,0.0,0.0,-2.05074,0.0653163,2.65799,-0.331634,7940.45,-2.70123,-0.305461,0.0
33560.0,-0.5257845967365968,-0.331984,0.0,0.0,-7.89718,-0.0350063,2.73697,-0.331984,7944.14,-2.79501,-0.221902,0.0
33570.0,-0.600304596736597,-0.336296,0.0,0.0,-7.45248,-0.431218,2.81149,-0.336296,7951.5,-2.89495,-0.370021,0.0
33580.0,-0.604104596736597,-0.345764,0.0,0.0,-0.379859,-0.946784,2.81529,-0.345764,7964.71,-2.84197,-0.377741,0.0
33590.0,-0.6037145967365971,-0.355287,0.0,0.0,0.0389405,-0.952322,2.8149,-0.355287,7982.55,-2.8093,-0.286524,0.0
33600.0,-0.5770745967365971,-0.364771,0.0,0.0,2.66443,-0.948311,2.78826,-0.364771,7999.89,-2.6441,-0.395689,0.0
33610.0,-0.5109145967365971,-0.373174,0.0,0.0,6.61564,-0.840316,2.7221,-0.373174,8013.0,-2.73822,-0.411679,0.0
33620.0,-0.4730445967365968,-0.375923,0.0,0.0,3.78678,-0.274956,2.68423,-0.375923,8022.85,-2.76705,-0.335442,0.0
33630.0,-0.449004596736597,-0.374742,0.0,0.0,2.40422,0.118135,2.66019,-0.374742,8031.74,-2.47362,-0.351585,0.0
33640.0,-0.42115459673659705,-0.372433,0.0,0.0,2.7853,0.23092,2.63234,-0.372433,8041.27,-2.6213,-0.384427,0.0
33650.0,-0.37109459673659684,-0.368958,0.0,0.0,5.00532,0.347507,2.58228,-0.368958,8054.4,-2.56675,-0.503855,0.0
33660.0,-0.3544145967365968,-0.361315,0.0,0.0,1.66845,0.764243,2.5656,-0.361315,8073.66,-2.55179,-0.273181,0.0
33670.0,-0.3450445967365967,-0.352187,0.0,0.0,0.936497,0.912806,2.55623,-0.352187,8095.23,-2.57798,-0.437749,0.0
33680.0,-0.3276145967365971,-0.343762,0.0,0.0,1.74367,0.8425,2.5388,-0.343762,8112.7,-2.41982,-0.217988,0.0
33690.0,-0.327534596736597,-0.337214,0.0,0.0,0.00743423,0.654778,2.53872,-0.337214,8125.42,-2.46272,-0.158699,0.0
33700.0,-0.334174596736597,-0.334241,0.0,0.0,-0.663296,0.297334,2.54536,-0.334241,8136.93,-2.56158,-0.287967,0.0
33710.0,-0.341834596736597,-0.334695,0.0,0.0,-0.766121,-0.0454218,2.55302,-0.334695,8150.1,-2.65925,-0.471934,0.0
33720.0,-0.36333459673659707,-0.339689,0.0,0.0,-2.1499,-0.499356,2.57452,-0.339689,8165.75,-2.58429,-0.329165,0.0
33730.0,-0.3653445967365969,-0.354785,0.0,0.0,-0.201505,-1.5096,2.57653,-0.354785,8182.46,-2.58451,-0.338472,0.0
33740.0,-0.3673645967365968,-0.382603,0.0,0.0,-0.202432,-2.78179,2.57855,-0.382603,8197.69,-2.42486,-0.587789,0.0
33750.0,-0.3701945967365967,-0.421495,0.0,0.0,-0.282861,-3.88917,2.58138,-0.421495,8210.15,-2.54893,-0.359619,0.0
33760.0,-0.3732745967365969,-0.463281,0.0,0.0,-0.307887,-4.1786,2.58446,-0.463281,8219.51,-2.47848,-0.323916,0.0
33770.0,-0.3923745967365968,-0.498947,0.0,0.0,-1.91012,-3.56661,2.60356,-0.498947,8225.13,-2.64007,-0.529552,0.0
33780.0,-0.8251145967365972,-0.505778,0.0,0.0,-43.274,-0.683171,3.0363,-0.505778,8227.4,-4.06048,-0.603988,0.0
33790.0,-2.6810245967365973,-0.433086,0.0,0.0,-185.591,7.26919,4.89221,-0.433086,8227.79,-7.0632,-0.178519,0.0
33800.0,-4.388124596736597,-0.354578,0.0,0.0,-170.71,7.8509,6.59931,-0.354578,8226.84,-7.62546,-0.301259,0.0
33810.0,-4.668884596736596,-0.35175,0.0,0.0,-28.0767,0.282799,6.88007,-0.35175,8223.75,-6.43668,-0.406343,0.0
33820.0,-4.702214596736598,-0.364435,0.0,0.0,-3.3322,-1.26853,6.9134,-0.364435,8218.91,-6.86477,-0.406099,0.0
33830.0,-4.7039045967365976,-0.375336,0.0,0.0,-0.169055,-1.09007,6.91509,-0.375336,8214.82,-6.90238,-0.144836,0.0
33840.0,-4.7052945967365964,-0.381352,0.0,0.0,-0.13927,-0.601687,6.91648,-0.381352,8212.91,-6.96496,-0.381587,0.0
33850.0,-4.729784596736597,-0.385282,0.0,0.0,-2.44918,-0.392947,6.94097,-0.385282,8212.41,-7.09655,-0.155184,0.0
33860.0,-4.751544596736597,-0.392938,0.0,0.0,-2.17573,-0.765627,6.96273,-0.392938,8212.36,-6.83189,-0.203896,0.0
33870.0,-4.7550045967365975,-0.40503,0.0,0.0,-0.346431,-1.20921,6.96619,-0.40503,8212.44,-7.0107,-0.481899,0.0
33880.0,-4.7557345967365965,-0.415717,0.0,0.0,-0.0728993,-1.06863,6.96692,-0.415717,8212.69,-7.04447,-0.62071,0.0
33890.0,-4.754484596736598,-0.421405,0.0,0.0,0.124856,-0.568819,6.96567,-0.421405,8213.04,-6.95879,-0.610851,0.0
33900.0,-4.717674596736597,-0.425401,0.0,0.0,3.68155,-0.399627,6.92886,-0.425401,8213.27,-6.82572,-0.431634,0.0
33910.0,-4.6982745967365975,-0.427492,0.0,0.0,1.94008,-0.209069,6.90946,-0.427492,8213.19,-6.91704,-0.444179,0.0
33920.0,-4.697514596736596,-0.427982,0.0,0.0,0.0758358,-0.0490283,6.9087,-0.427982,8212.44,-6.89545,-0.331261,0.0
33930.0,-4.698264596736596,-0.426727,0.0,0.0,-0.0747715,0.125482,6.90945,-0.426727,8210.25,-6.88875,-0.411611,0.0
33940.0,-4.717354596736596,-0.421258,0.0,0.0,-1.90925,0.546949,6.92854,-0.421258,8205.91,-6.96291,-0.421189,0.0
33950.0,-4.732704596736596,-0.409026,0.0,0.0,-1.53492,1.22315,6.94389,-0.409026,8199.08,-6.93096,-0.342975,0.0
33960.0,-4.732184596736596,-0.389432,0.0,0.0,0.0518624,1.95945,6.94337,-0.389432,8190.16,-6.96608,-0.48095,0.0
33970.0,-4.730454596736596,-0.369304,0.0,0.0,0.173106,2.01276,6.94164,-0.369304,8181.47,-6.93768,-0.358215,0.0
33980.0,-4.718164596736598,-0.357677,0.0,0.0,1.2287,1.16273,6.92935,-0.357677,8175.47,-6.88971,-0.149437,0.0
33990.0,-4.717384596736597,-0.353208,0.0,0.0,0.0780526,0.446885,6.92857,-0.353208,8171.92,-6.88164,-0.33153,0.0
34000.0,-4.717994596736597,-0.351599,0.0,0.0,-0.0609096,0.16094,6.92918,-0.351599,8168.92,-6.84144,-0.360071,0.0
34010.0,-4.735644596736597,-0.348082,0.0,0.0,-1.76548,0.351697,6.94683,-0.348082,8165.18,-7.04973,-0.154834,0.0
34020.0,-4.777204596736597,-0.339522,0.0,0.0,-4.15554,0.856004,6.98839,-0.339522,8160.73,-7.16816,-0.249376,0.0
34030.0,-4.798504596736597,-0.325294,0.0,0.0,-2.13009,1.42275,7.00969,-0.325294,8156.72,-7.09448,-0.356887,0.0
34040.0,-4.798064596736596,-0.303271,0.0,0.0,0.0438961,2.20231,7.00925,-0.303271,8153.61,-7.01315,-0.441326,0.0
34050.0,-4.796424596736596,-0.276121,0.0,0.0,0.16462,2.71501,7.00761,-0.276121,8150.53,-7.01335,-0.150483,0.0
34060.0,-4.795024596736598,-0.253117,0.0,0.0,0.139556,2.30036,7.00621,-0.253117,8146.96,-6.9401,-0.229242,0.0
34070.0,-4.794514596736597,-0.239284,0.0,0.0,0.0510908,1.38332,7.0057,-0.239284,8143.91,-6.97385,-0.241551,0.0
34080.0,-4.801674596736596,-0.230917,0.0,0.0,-0.716501,0.836686,7.01286,-0.230917,8142.33,-7.0848,-0.159741,0.0
34090.0,-4.805924596736597,-0.222924,0.0,0.0,-0.424899,0.799361,7.01711,-0.222924,8141.92,-6.97707,-0.287259,0.0
34100.0,-4.805814596736598,-0.214059,0.0,0.0,0.0114771,0.886423,7.017,-0.214059,8142.04,-7.05539,-0.159897,0.0
34110.0,-4.810354596736596,-0.206543,5.20788,0.0,-0.453941,0.751623,-12.2294,-0.206543,8142.4,-7.14219,-0.232266,0.0
34120.0,-4.805404596736597,-0.203536,5.20788,0.0,0.494858,0.30075,-12.2245,-0.203536,8143.03,-6.97838,-0.235443,0.0
34130.0,-4.810534596736597,-0.205795,5.20788,0.0,-0.513275,-0.225909,-12.2296,-0.205795,8144.15,-7.02529,-0.185492,0.0
34140.0,-4.811694596736597,-0.213028,5.20788,0.0,-0.11546,-0.723289,-12.2308,-0.213028,8145.58,-6.91645,-0.0902925,0.0
34150.0,-4.824674596736596,-0.223066,5.20788,0.0,-1.29781,-1.00385,-12.2437,-0.223066,8146.67,-7.0869,-0.135683,0.0
34160.0,-4.866914596736597,-0.243585,5.20788,0.0,-4.2243,-2.05184,-12.286,-0.243585,8147.17,-6.99018,-0.180094,0.0
34170.0,-5.161614596736596,-0.276874,5.20788,0.0,-29.47,-3.32892,-12.5807,-0.276874,8147.39,-8.07275,-0.448913,0.0
34180.0,-6.241634596736596,-0.29075,5.20788,0.0,-108.003,-1.3876,-13.6607,-0.29075,8147.59,-10.5599,-0.221708,0.0
34190.0,-7.097274596736597,-0.317461,5.20788,0.0,-85.5639,-2.67109,-14.5163,-0.317461,8147.59,-9.35233,-0.576829,0.0
34200.0,-7.143094596736596,-0.370449,5.20788,0.0,-4.58139,-5.29884,-14.5622,-0.370449,8147.06,-9.33044,-0.42914,0.0
34210.0,-7.207044596736596,-0.394941,5.20788,0.0,-6.39505,-2.44918,-14.6261,-0.394941,8146.29,-9.36397,-0.402761,0.0
34220.0,-7.213394596736597,-0.406672,5.20788,0.0,-0.634878,-1.17313,-14.6325,-0.406672,8145.85,-9.5287,-0.463876,0.0
34230.0,-7.281514596736596,-0.408481,5.20788,0.0,-6.81266,-0.180892,-14.7006,-0.408481,8146.12,-9.49303,-0.473881,0.0
34240.0,-7.290544596736597,-0.411229,5.20788,0.0,-0.903046,-0.274832,-14.7096,-0.411229,8147.72,-9.51355,-0.416744,0.0
34250.0,-7.302724596736596,-0.412023,5.20788,0.0,-1.21762,-0.0793939,-14.7218,-0.412023,8151.57,-9.45203,-0.326788,0.0
34260.0,-7.318784596736597,-0.411171,5.20788,0.0,-1.60649,0.0852788,-14.7379,-0.411171,8158.03,-9.58473,-0.361257,0.0
34270.0,-7.3279945967365965,-0.407666,5.20788,0.0,-0.920147,0.350463,-14.7471,-0.407666,8166.76,-9.63468,-0.523217,0.0
34280.0,-7.327974596736597,-0.400086,5.20788,0.0,0.00196223,0.757957,-14.747,-0.400086,8176.98,-9.57078,-0.632973,0.0
34290.0,-7.327404596736596,-0.389383,5.20788,0.0,0.0568811,1.07037,-14.7465,-0.389383,8187.03,-9.47617,-0.304856,0.0
34300.0,-7.325584596736597,-0.379365,5.20788,0.0,0.181387,1.00181,-14.7447,-0.379365,8194.6,-9.4501,-0.445974,0.0
34310.0,-7.295654596736597,-0.374408,5.20788,0.0,2.99333,0.495704,-14.7147,-0.374408,8198.85,-9.50773,-0.381153,0.0
34320.0,-7.281954596736597,-0.371483,5.20788,0.0,1.3699,0.29242,-14.701,-0.371483,8201.1,-9.64355,-0.262258,0.0
34330.0,-7.2612245967365965,-0.370603,5.20788,0.0,2.07339,0.0880312,-14.6803,-0.370603,8203.2,-9.41893,-0.483371,0.0
34340.0,-7.232344596736597,-0.371271,5.20788,0.0,2.88794,-0.066771,-14.6514,-0.371271,8207.34,-9.49303,-0.400053,0.0
34350.0,-7.230304596736596,-0.371089,5.20788,0.0,0.203711,0.0181766,-14.6494,-0.371089,8215.75,-9.35299,-0.198651,0.0
34360.0,-7.2128945967365965,-0.372465,5.20788,0.0,1.7415,-0.13755,-14.632,-0.372465,8227.53,-9.38325,-0.281947,0.0
34370.0,-7.225044596736597,-0.372674,5.20788,0.0,-1.2159,-0.0209814,-14.6441,-0.372674,8238.01,-9.47597,-0.358353,0.0
34380.0,-7.225884596736597,-0.374013,5.20788,0.0,-0.0834006,-0.133873,-14.6449,-0.374013,8244.8,-9.4051,-0.379788,0.0
34390.0,-7.230644596736596,-0.375004,5.20788,0.0,-0.475756,-0.0990999,-14.6497,-0.375004,8250.85,-9.40693,-0.397656,0.0
34400.0,-7.237244596736597,-0.376499,5.20788,0.0,-0.660305,-0.149515,-14.6563,-0.376499,8259.33,-9.53802,-0.253803,0.0
34410.0,-7.231124596736597,-0.380354,5.20788,0.0,0.612317,-0.385454,-14.6502,-0.380354,8269.4,-9.48192,-0.437184,0.0
34420.0,-7.231044596736597,-0.385807,5.20788,0.0,0.00743254,-0.545319,-14.6501,-0.385807,8277.9,-9.40403,-0.425047,0.0
34430.0,-7.229654596736596,-0.394332,5.20788,0.0,0.139068,-0.852478,-14.6487,-0.394332,8282.95,-9.43651,-0.44488,0.0
34440.0,-7.226964596736597,-0.405418,5.20788,0.0,0.269226,-1.10865,-14.646,-0.405418,8285.06,-9.43444,-0.316215,0.0
34450.0,-7.227274596736596,-0.415618,5.20788,0.0,-0.0306945,-1.01999,-14.6463,-0.415618,8285.75,-9.45224,-0.298082,0.0
34460.0,-7.225534596736596,-0.422647,5.20788,0.0,0.173422,-0.70289,-14.6446,-0.422647,8286.09,-9.40851,-0.296916,0.0
34470.0,-7.228394596736596,-0.427126,5.20788,0.0,-0.285562,-0.447867,-14.6475,-0.427126,8286.53,-9.61106,-0.422275,0.0
34480.0,-7.240474596736597,-0.432849,5.20788,0.0,-1.20857,-0.572313,-14.6595,-0.432849,8287.25,-9.42049,-0.43908,0.0
34490.0,-7.245084596736596,-0.445837,5.20788,0.0,-0.460909,-1.29879,-14.6642,-0.445837,8288.31,-9.38934,-0.403611,0.0
34500.0,-7.245564596736596,-0.467042,5.20788,0.0,-0.0474239,-2.12053,-14.6646,-0.467042,8289.89,-9.52118,-0.618157,0.0
34510.0,-7.228434596736596,-0.489983,5.20788,0.0,1.71274,-2.29408,-14.6475,-0.489983,8292.18,-9.49292,-0.520975,0.0
34520.0,-7.228014596736596,-0.504735,5.20788,0.0,0.0420575,-1.47526,-14.6471,-0.504735,8295.04,-9.41513,-0.657772,0.0
34530.0,-7.218914596736596,-0.513905,5.20788,0.0,0.909495,-0.916961,-14.638,-0.513905,8298.28,-9.44711,-0.406325,0.0
34540.0,-7.207114596736597,-0.521628,5.20788,0.0,1.17983,-0.772325,-14.6262,-0.521628,8301.83,-9.23513,-0.509846,0.0
34550.0,-7.176194596736597,-0.530498,5.20788,0.0,3.09225,-0.887018,-14.5953,-0.530498,8305.51,-9.46022,-0.545831,0.0
34560.0,-7.184204596736597,-0.537859,5.20788,0.0,-0.800962,-0.736047,-14.6033,-0.537859,8309.25,-9.26518,-0.515754,0.0
34570.0,-7.152644596736597,-0.550733,5.20788,0.0,3.15594,-1.28737,-14.5717,-0.550733,8312.48,-9.23708,-0.562151,0.0
34580.0,-7.152284596736596,-0.564147,5.20788,0.0,0.0362618,-1.34145,-14.5714,-0.564147,8314.54,-9.4755,-0.570588,0.0
34590.0,-7.161464596736597,-0.575552,5.20788,0.0,-0.918138,-1.14046,-14.5805,-0.575552,8315.57,-9.36296,-0.596055,0.0
34600.0,-7.172374596736596,-0.582725,5.20788,0.0,-1.09119,-0.717382,-14.5914,-0.582725,8315.86,-9.37951,-0.701677,0.0
34610.0,-7.173804596736597,-0.586917,5.20788,0.0,-0.142631,-0.419171,-14.5929,-0.586917,8315.37,-9.52675,-0.756376,0.0
34620.0,-7.1706645967365965,-0.589335,5.20788,0.0,0.314146,-0.241774,-14.5897,-0.589335,8313.92,-9.3883,-0.596415,0.0
34630.0,-7.170424596736597,-0.590491,5.20788,0.0,0.0233585,-0.115574,-14.5895,-0.590491,8311.53,-9.38241,-0.584171,0.0
34640.0,-7.166814596736597,-0.591604,5.20788,0.0,0.361124,-0.111341,-14.5859,-0.591604,8308.79,-9.28225,-0.638421,0.0
34650.0,-7.160104596736597,-0.593555,5.20788,0.0,0.671369,-0.19508,-14.5792,-0.593555,8306.31,-9.36275,-0.494157,0.0
34660.0,-7.142054596736596,-0.599332,5.20788,0.0,1.80474,-0.5777,-14.5611,-0.599332,8303.95,-9.33782,-0.583069,0.0
34670.0,-7.117274596736596,-0.614527,5.20788,0.0,2.47778,-1.51949,-14.5363,-0.614527,8301.43,-9.29379,-0.576588,0.0
34680.0,-7.091294596736596,-0.641697,5.20788,0.0,2.59817,-2.71701,-14.5104,-0.641697,8298.92,-9.27553,-0.749337,0.0
34690.0,-7.0916945967365965,-0.670726,5.20788,0.0,-0.0394651,-2.90293,-14.5108,-0.670726,8296.78,-9.18078,-0.734383,0.0
34700.0,-7.091184596736596,-0.692299,5.20788,0.0,0.0507924,-2.15723,-14.5103,-0.692299,8295.13,-9.20398,-0.645698,0.0
34710.0,-7.054184596736597,-0.707155,5.20788,0.0,3.70019,-1.48565,-14.4732,-0.707155,8293.94,-9.38117,-0.823118,0.0
34720.0,-7.054924596736596,-0.714879,5.20788,0.0,-0.0743051,-0.772418,-14.474,-0.714879,8293.33,-9.38022,-0.67401,0.0
34730.0,-7.077654596736597,-0.71869,5.20788,0.0,-2.27326,-0.381046,-14.4967,-0.71869,8293.12,-9.17961,-0.71265,0.0
34740.0,-7.078794596736596,-0.721391,5.20788,0.0,-0.113236,-0.270129,-14.4979,-0.721391,8292.88,-9.28244,-0.747938,0.0
34750.0,-7.078834596736597,-0.722311,5.20788,0.0,-0.00493444,-0.0920504,-14.4979,-0.722311,8292.45,-9.29851,-0.713511,0.0
34760.0,-7.078854596736596,-0.722631,5.20788,0.0,-0.00170927,-0.0319406,-14.4979,-0.722631,8291.98,-9.38772,-0.700195,0.0
34770.0,-7.080504596736596,-0.723844,5.20788,0.0,-0.164796,-0.121273,-14.4996,-0.723844,8291.62,-9.25329,-0.782683,0.0
34780.0,-7.118274596736596,-0.724639,5.20788,0.0,-3.77726,-0.0795644,-14.5373,-0.724639,8291.33,-9.36929,-0.739134,0.0
34790.0,-7.159444596736597,-0.726573,5.20788,0.0,-4.11654,-0.193373,-14.5785,-0.726573,8290.93,-9.42254,-0.739677,0.0
34800.0,-7.1778445967365965,-0.730947,5.20788,0.0,-1.83986,-0.437383,-14.5969,-0.730947,8290.62,-9.37892,-0.690569,0.0
34810.0,-7.212514596736597,-0.734231,5.20788,0.0,-3.46717,-0.328389,-14.6316,-0.734231,8290.6,-9.45812,-0.539169,0.0
34820.0,-7.251104596736596,-0.73597,5.20788,0.0,-3.85955,-0.173946,-14.6702,-0.73597,8290.62,-9.49543,-0.856588,0.0
34830.0,-7.291894596736597,-0.736838,5.20788,0.0,-4.07821,-0.0867688,-14.711,-0.736838,8290.6,-9.55718,-0.79657,0.0
34840.0,-7.300914596736597,-0.740653,5.20788,0.0,-0.902025,-0.381563,-14.72,-0.740653,8290.78,-9.53325,-0.797112,0.0
34850.0,-7.301654596736597,-0.748762,5.20788,0.0,-0.0740909,-0.810826,-14.7207,-0.748762,8291.53,-9.56905,-0.740636,0.0
34860.0,-7.301254596736596,-0.762974,5.20788,0.0,0.0393395,-1.42121,-14.7203,-0.762974,8293.09,-9.45742,-0.714725,0.0
34870.0,-7.275624596736597,-0.782253,5.20788,0.0,2.56378,-1.92787,-14.6947,-0.782253,8295.36,-9.46007,-0.962759,0.0
34880.0,-7.260794596736597,-0.798477,5.20788,0.0,1.48207,-1.62249,-14.6799,-0.798477,8297.99,-9.47344,-0.819751,0.0
34890.0,-7.249204596736597,-0.810608,5.20788,0.0,1.15954,-1.21301,-14.6683,-0.810608,8300.34,-9.47901,-0.842625,0.0
34900.0,-7.249764596736597,-0.821277,5.20788,0.0,-0.0564378,-1.06693,-14.6688,-0.821277,8301.81,-9.30328,-0.811042,0.0
34910.0,-7.262214596736596,-0.832108,5.20788,0.0,-1.24479,-1.08312,-14.6813,-0.832108,8302.53,-9.39424,-0.937896,0.0
34920.0,-7.269344596736596,-0.843259,5.20788,0.0,-0.713331,-1.11511,-14.6884,-0.843259,8302.91,-9.78021,-0.918777,0.0
34930.0,-7.275524596736597,-0.85239,5.20788,0.0,-0.617071,-0.913104,-14.6946,-0.85239,8303.15,-9.49182,-0.722253,0.0
34940.0,-7.283724596736597,-0.857933,5.20788,0.0,-0.820025,-0.554257,-14.7028,-0.857933,8303.43,-9.48281,-0.856898,0.0
34950.0,-7.290114596736597,-0.860375,5.20788,0.0,-0.638997,-0.2442,-14.7092,-0.860375,8303.86,-9.44085,-0.978463,0.0
34960.0,-7.284274596736596,-0.860198,5.20788,0.0,0.583484,0.0176441,-14.7033,-0.860198,8304.42,-9.52697,-0.876365,0.0
34970.0,-7.287504596736596,-0.855986,5.20788,0.0,-0.32272,0.421183,-14.7066,-0.855986,8305.05,-9.63488,-0.850196,0.0
34980.0,-7.316064596736597,-0.848034,5.20788,0.0,-2.85641,0.795237,-14.7351,-0.848034,8305.95,-9.46994,-0.819487,0.0
34990.0,-7.342874596736596,-0.838452,5.20788,0.0,-2.6811,0.958164,-14.7619,-0.838452,8307.44,-9.57479,-0.941023,0.0
35000.0,-7.347204596736596,-0.82861,5.20788,0.0,-0.433123,0.984237,-14.7663,-0.82861,8309.93,-9.55329,-0.896462,0.0
35010.0,-7.342544596736596,-0.820446,5.20788,0.0,0.466181,0.816443,-14.7616,-0.820446,8313.74,-9.60658,-0.80845,0.0
35020.0,-7.341744596736596,-0.81528,5.20788,0.0,0.0803944,0.516549,-14.7608,-0.81528,8318.88,-9.51488,-0.82053,0.0
35030.0,-7.334054596736596,-0.812289,5.20788,0.0,0.769351,0.299167,-14.7531,-0.812289,8325.52,-9.56459,-0.788359,0.0
35040.0,-7.337404596736597,-0.808274,5.20788,0.0,-0.335392,0.401419,-14.7565,-0.808274,8332.87,-9.44407,-0.849659,0.0
35050.0,-7.337034596736597,-0.804022,5.20788,0.0,0.0364643,0.425199,-14.7561,-0.804022,8338.56,-9.53455,-0.697767,0.0
35060.0,-7.330734596736596,-0.800625,5.20788,0.0,0.630552,0.339769,-14.7498,-0.800625,8341.37,-9.63157,-0.737168,0.0
35070.0,-7.353514596736597,-0.796454,5.20788,0.0,-2.27839,0.417087,-14.7726,-0.796454,8342.26,-9.58738,-0.741415,0.0
35080.0,-7.377054596736597,-0.792943,5.20788,0.0,-2.35407,0.351124,-14.7961,-0.792943,8342.49,-9.54158,-0.806266,0.0
35090.0,-7.380714596736597,-0.790841,5.20788,0.0,-0.365766,0.210113,-14.7998,-0.790841,8342.57,-9.58566,-0.783157,0.0
35100.0,-7.377464596736596,-0.789547,5.20788,0.0,0.324676,0.129407,-14.7965,-0.789547,8342.63,-9.60265,-0.791762,0.0
35110.0,-7.368614596736597,-0.789318,5.20788,0.0,0.885358,0.0229299,-14.7877,-0.789318,8342.72,-9.66543,-0.96861,0.0
35120.0,-7.379494596736597,-0.788242,5.20788,0.0,-1.08742,0.107646,-14.7986,-0.788242,8343.19,-9.54958,-0.842532,0.0
35130.0,-7.382894596736596,-0.787508,5.20788,0.0,-0.340402,0.0733374,-14.802,-0.787508,8345.19,-9.56729,-0.740262,0.0
35140.0,-7.383964596736597,-0.786633,5.20788,0.0,-0.10723,0.0875572,-14.803,-0.786633,8350.89,-9.60005,-0.783699,0.0
35150.0,-7.381444596736596,-0.785328,5.20788,0.0,0.252173,0.130484,-14.8005,-0.785328,8360.88,-9.81275,-0.884316,0.0
35160.0,-7.381274596736597,-0.781171,5.20788,0.0,0.0170051,0.415665,-14.8003,-0.781171,8371.52,-9.58712,-0.678466,0.0
35170.0,-7.384344596736597,-0.770959,5.20788,0.0,-0.306564,1.02124,-14.8034,-0.770959,8378.63,-9.51692,-0.694032,0.0
35180.0,-7.3845345967365965,-0.754077,5.20788,0.0,-0.0189829,1.68822,-14.8036,-0.754077,8382.06,-9.57938,-0.688644,0.0
35190.0,-7.406364596736596,-0.73204,5.20788,0.0,-2.18341,2.20369,-14.8254,-0.73204,8383.89,-9.75541,-0.692504,0.0
35200.0,-7.454694596736596,-0.709857,5.20788,0.0,-4.8327,2.2183,-14.8738,-0.709857,8385.17,-9.7019,-0.833849,0.0
35210.0,-7.484724596736596,-0.693888,5.20788,0.0,-3.00352,1.59687,-14.9038,-0.693888,8386.28,-9.61591,-0.96161,0.0
35220.0,-7.489834596736596,-0.683419,5.20788,0.0,-0.510806,1.04691,-14.9089,-0.683419,8388.22,-9.71434,-0.889148,0.0
35230.0,-7.489514596736596,-0.673674,5.20788,0.0,0.0316668,0.974492,-14.9086,-0.673674,8391.91,-9.71713,-0.650854,0.0
35240.0,-7.488334596736596,-0.663534,5.20788,0.0,0.118104,1.01395,-14.9074,-0.663534,8396.68,-9.70176,-0.556812,0.0
35250.0,-7.457484596736597,-0.654919,5.20788,0.0,3.08558,0.861571,-14.8765,-0.654919,8400.76,-9.66343,-0.622757,0.0
35260.0,-7.066674596736597,-0.66607,5.20788,0.0,39.0805,-1.11513,-14.4857,-0.66607,8403.44,-8.18257,-0.640332,0.0
35270.0,-6.228074596736597,-0.7007,5.20788,0.0,83.8597,-3.46298,-13.6471,-0.7007,8405.64,-7.46159,-0.811096,0.0
35280.0,-5.597994596736596,-0.722783,5.20788,0.0,63.0088,-2.20829,-13.0171,-0.722783,8408.0,-7.66267,-0.572788,0.0
35290.0,-5.441884596736596,-0.722736,5.20788,0.0,15.6107,0.00468109,-12.861,-0.722736,8410.04,-7.62827,-0.810816,0.0
35300.0,-5.4293645967365975,-0.720462,5.20788,0.0,1.25156,0.227351,-12.8484,-0.720462,8411.54,-7.64769,-0.718453,0.0
35310.0,-5.405164596736597,-0.722935,5.20788,0.0,2.42043,-0.247283,-12.8242,-0.722935,8412.5,-7.57295,-0.683379,0.0
35320.0,-5.357744596736596,-0.728901,5.20788,0.0,4.74208,-0.596561,-12.7768,-0.728901,8412.13,-7.49212,-0.704007,0.0
35330.0,-5.327224596736597,-0.734321,5.20788,0.0,3.05191,-0.542059,-12.7463,-0.734321,8410.09,-7.49787,-0.726508,0.0
35340.0,-5.325794596736596,-0.739164,5.20788,0.0,0.142656,-0.48426,-12.7449,-0.739164,8407.36,-7.60211,-0.863727,0.0
35350.0,-5.315744596736597,-0.750284,5.20788,0.0,1.00502,-1.11199,-12.7348,-0.750284,8405.28,-7.51919,-0.802485,0.0
35360.0,-5.302314596736597,-0.76977,5.20788,0.0,1.34324,-1.94866,-12.7214,-0.76977,8404.15,-7.60005,-0.767784,0.0
35370.0,-5.297594596736596,-0.790603,5.20788,0.0,0.471936,-2.0833,-12.7167,-0.790603,8403.31,-7.42668,-0.949346,0.0
35380.0,-5.263784596736597,-0.806588,5.20788,0.0,3.38135,-1.59843,-12.6828,-0.806588,8402.29,-7.50488,-0.702311,0.0
35390.0,-5.229294596736597,-0.814707,5.20788,0.0,3.44846,-0.811944,-12.6484,-0.814707,8401.37,-7.45236,-0.827632,0.0
35400.0,-5.219544596736597,-0.817636,5.20788,0.0,0.97472,-0.292915,-12.6386,-0.817636,8400.71,-7.41662,-0.63539,0.0
35410.0,-5.219104596736598,-0.820366,5.20788,0.0,0.0439796,-0.273009,-12.6382,-0.820366,8400.18,-7.41637,-0.841802,0.0
35420.0,-5.214174596736598,-0.824917,5.20788,0.0,0.493283,-0.455014,-12.6332,-0.824917,8400.04,-7.37681,-0.848406,0.0
35430.0,-5.213914596736597,-0.830485,5.20788,0.0,0.0263654,-0.556795,-12.633,-0.830485,8400.81,-7.39783,-0.805973,0.0
35440.0,-5.205614596736597,-0.837671,5.20788,0.0,0.829404,-0.718614,-12.6247,-0.837671,8402.89,-7.54447,-0.719488,0.0
35450.0,-5.195314596736598,-0.845428,5.20788,0.0,1.03083,-0.775721,-12.6144,-0.845428,8406.11,-7.46025,-0.856291,0.0
35460.0,-5.194674596736597,-0.853241,5.20788,0.0,0.0633172,-0.781342,-12.6137,-0.853241,8409.93,-7.3679,-0.90808,0.0
35470.0,-5.180874596736597,-0.864831,5.20788,0.0,1.37996,-1.15898,-12.5999,-0.864831,8413.79,-7.29378,-0.856001,0.0
35480.0,-5.179934596736597,-0.879951,5.20788,0.0,0.0946502,-1.51194,-12.599,-0.879951,8416.95,-7.28105,-1.03122,0.0
35490.0,-5.152794596736596,-0.896951,5.20788,0.0,2.71403,-1.70001,-12.5719,-0.896951,8419.24,-7.37118,-0.888498,0.0
35500.0,-5.132784596736597,-0.909441,5.20788,0.0,2.00102,-1.24899,-12.5518,-0.909441,8421.19,-7.51815,-0.928635,0.0
35510.0,-5.093954596736596,-0.920513,5.20788,0.0,3.8827,-1.10725,-12.513,-0.920513,8423.52,-7.34464,-0.987912,0.0
35520.0,-4.800194596736597,-0.948046,5.20788,0.0,29.3756,-2.7533,-12.2193,-0.948046,8426.64,-5.46042,-1.01567,0.0
35530.0,-4.167204596736596,-0.997064,5.20788,0.0,63.2992,-4.90177,-11.5863,-0.997064,8430.07,-6.04741,-1.04432,0.0
35540.0,-3.8367045967365967,-1.03095,5.20788,0.0,33.0499,-3.38899,-11.2558,-1.03095,8433.02,-6.02297,-1.03348,0.0
35550.0,-3.815234596736597,-1.04965,5.20788,0.0,2.14688,-1.86975,-11.2343,-1.04965,8435.38,-6.09349,-0.942892,0.0
35560.0,-3.7262745967365967,-1.07401,5.20788,0.0,8.89681,-2.4363,-11.1453,-1.07401,8437.64,-5.85241,-1.08125,0.0
35570.0,-3.609384596736597,-1.10285,5.20788,0.0,11.6887,-2.88389,-11.0285,-1.10285,8440.52,-5.68611,-1.12096,0.0
35580.0,-3.604274596736597,-1.12641,5.20788,0.0,0.511037,-2.35545,-11.0233,-1.12641,8445.0,-5.7801,-1.19409,0.0
35590.0,-3.570184596736597,-1.14703,5.20788,0.0,3.40922,-2.06239,-10.9892,-1.14703,8452.57,-5.78653,-1.20344,0.0
35600.0,-3.5647445967365967,-1.16193,0.0,0.0,0.543619,-1.48946,5.77593,-1.16193,8464.22,-5.90975,-1.21539,0.0
35610.0,-3.570254596736597,-1.17619,0.0,0.0,-0.551238,-1.42685,5.78144,-1.17619,8477.85,-5.77455,-1.2341,0.0
35620.0,-3.5663445967365965,-1.18983,0.0,0.0,0.391139,-1.36363,5.77753,-1.18983,8489.58,-5.6348,-1.08434,0.0
35630.0,-3.567174596736597,-1.19823,0.0,0.0,-0.0833972,-0.839918,5.77836,-1.19823,8497.97,-5.80325,-1.19821,0.0
35640.0,-3.5484845967365968,-1.20268,0.0,0.0,1.86988,-0.444713,5.75967,-1.20268,8503.63,-5.73201,-0.980783,0.0
35650.0,-3.5373945967365965,-1.20364,0.0,0.0,1.10853,-0.0958555,5.74858,-1.20364,8507.32,-5.79085,-1.27198,0.0
35660.0,-3.545454596736597,-1.20122,0.0,0.0,-0.805523,0.241575,5.75664,-1.20122,8509.81,-5.73739,-1.27816,0.0
35670.0,-3.5363345967365967,-1.19641,0.0,0.0,0.912018,0.481271,5.74752,-1.19641,8512.12,-5.69663,-1.21588,0.0
35680.0,-3.532104596736597,-1.18693,0.0,0.0,0.423023,0.94823,5.74329,-1.18693,8516.48,-5.76787,-1.23493,0.0
35690.0,-3.5273745967365966,-1.17522,0.0,0.0,0.472975,1.17074,5.73856,-1.17522,8526.26,-5.58859,-1.14201,0.0
35700.0,-3.5080445967365965,-1.16474,0.0,0.0,1.93243,1.04728,5.71923,-1.16474,8541.48,-5.65491,-1.10367,0.0
35710.0,-3.4751545967365973,-1.15558,0.0,0.0,3.2894,0.916546,5.68634,-1.15558,8556.46,-5.74039,-1.16951,0.0
35720.0,-3.4229945967365967,-1.14874,0.0,0.0,5.21588,0.683785,5.63418,-1.14874,8566.57,-5.59331,-1.18781,0.0
35730.0,-3.3751145967365965,-1.1428,0.0,0.0,4.7875,0.593803,5.5863,-1.1428,8573.41,-5.59414,-1.15142,0.0
35740.0,-3.204474596736597,-1.13953,0.0,0.0,17.0641,0.327092,5.41566,-1.13953,8580.49,-4.93089,-1.06622,0.0
35750.0,-2.775304596736597,-1.13879,0.0,0.0,42.9172,0.0744361,4.98649,-1.13879,8588.79,-3.3377,-1.23119,0.0
35760.0,-2.3796145967365967,-1.12382,0.0,0.0,39.5693,1.497,4.5908,-1.12382,8596.43,-4.47899,-1.20545,0.0
35770.0,-2.0308445967365967,-1.10579,0.0,0.0,34.8771,1.80315,4.24203,-1.10579,8601.64,-3.95308,-0.972673,0.0
35780.0,-1.7804545967365968,-1.09807,0.0,0.0,25.0386,0.772023,3.99164,-1.09807,8604.85,-4.05723,-1.28156,0.0
35790.0,-1.7442645967365968,-1.09666,0.0,0.0,3.61898,0.140856,3.95545,-1.09666,8606.95,-3.9106,-1.02235,0.0
35800.0,-1.7340045967365971,-1.10175,0.0,0.0,1.02649,-0.508819,3.94519,-1.10175,8608.52,-3.9115,-0.969279,0.0
35810.0,-1.7340745967365971,-1.1089,0.0,0.0,-0.00717592,-0.715167,3.94526,-1.1089,8610.13,-3.93999,-0.980588,0.0
35820.0,-1.735614596736597,-1.12173,0.0,0.0,-0.154688,-1.28303,3.9468,-1.12173,8612.22,-4.01757,-1.35229,0.0
35830.0,-1.753644596736597,-1.14215,0.0,0.0,-1.80302,-2.04171,3.96483,-1.14215,8614.99,-3.92906,-1.05309,0.0
35840.0,-1.7885245967365968,-1.16427,0.0,0.0,-3.4873,-2.21203,3.99971,-1.16427,8618.88,-4.07096,-1.31,0.0
35850.0,-1.810934596736597,-1.1812,0.0,0.0,-2.24134,-1.69351,4.02212,-1.1812,8623.98,-4.02858,-1.23392,0.0
35860.0,-1.8133445967365973,-1.19001,0.0,0.0,-0.24097,-0.881115,4.02453,-1.19001,8629.65,-3.85271,-1.3378,0.0
35870.0,-1.8135045967365966,-1.19237,0.0,0.0,-0.016091,-0.236184,4.02469,-1.19237,8635.24,-4.01871,-1.14895,0.0
35880.0,-1.8113945967365965,-1.1866,0.0,0.0,0.211571,0.577547,4.02258,-1.1866,8639.57,-4.12241,-1.25274,0.0
35890.0,-1.7828145967365971,-1.15152,0.0,0.0,2.85801,3.50737,3.994,-1.15152,8641.99,-3.99366,-1.32095,0.0
35900.0,-1.5594045967365968,-1.04991,0.0,0.0,22.3407,10.1612,3.77059,-1.04991,8643.14,-3.23789,-1.19202,0.0
35910.0,-0.9208845967365971,-0.88139,0.0,0.0,63.8521,16.8523,3.13207,-0.88139,8643.72,-2.01481,-0.297933,0.0
35920.0,-0.4937145967365968,-0.695003,0.0,0.0,42.717,18.6387,2.7049,-0.695003,8643.79,-2.6531,-0.538772,0.0
35930.0,-0.4100445967365971,-0.566543,0.0,0.0,8.36625,12.846,2.62123,-0.566543,8642.97,-2.60895,-0.599397,0.0
35940.0,-0.4035345967365971,-0.501583,0.0,0.0,0.651496,6.496,2.61472,-0.501583,8640.45,-2.74028,-0.68752,0.0
35950.0,-0.416804596736597,-0.454994,0.0,0.0,-1.32707,4.65891,2.62799,-0.454994,8635.93,-2.5771,-0.475989,0.0
35960.0,-0.4192645967365971,-0.406358,0.0,0.0,-0.245489,4.86363,2.63045,-0.406358,8628.99,-2.64661,-0.480807,0.0
35970.0,-0.4147245967365971,-0.357086,0.0,0.0,0.4531,4.9272,2.62591,-0.357086,8617.09,-2.61134,-0.285327,0.0
35980.0,-0.38233459673659675,-0.312904,0.0,0.0,3.23981,4.41812,2.59352,-0.312904,8598.0,-2.65185,-0.275234,0.0
35990.0,-0.3247345967365969,-0.282337,0.0,0.0,5.75998,3.05678,2.53592,-0.282337,8573.04,-2.40646,-0.0485582,0.0
36000.0,-0.24314459673659705,-0.267736,0.0,0.0,8.15817,1.46002,2.45433,-0.267736,8545.81,-2.47516,-0.196963,0.0
36010.0,-0.2290745967365968,-0.259713,0.0,0.0,1.40739,0.8023,2.44026,-0.259713,8516.83,-2.42107,-0.253768,0.0
36020.0,-0.21521459673659704,-0.256164,0.0,0.0,1.3857,0.354913,2.4264,-0.256164,8481.28,-2.36328,-0.172767,0.0
36030.0,-0.2142945967365968,-0.252904,0.0,0.0,0.0923214,0.325996,2.42548,-0.252904,8434.42,-2.53304,-0.254853,0.0
36040.0,-0.21445459673659695,-0.248829,0.0,0.0,-0.0155185,0.407544,2.42564,-0.248829,8378.37,-2.44664,-0.365001,0.0
36050.0,-0.22454459673659688,-0.244118,0.0,0.0,-1.00901,0.471077,2.43573,-0.244118,8321.09,-2.36047,-0.390748,0.0
36060.0,-0.22540459673659674,-0.239504,0.0,0.0,-0.0861455,0.461416,2.43659,-0.239504,8267.15,-2.45988,-0.163732,0.0
36070.0,-0.2428145967365971,-0.232635,0.0,0.0,-1.74171,0.686928,2.454,-0.232635,8210.62,-2.42256,-0.267935,0.0
36080.0,-0.2675645967365967,-0.223737,0.0,0.0,-2.47491,0.889741,2.47875,-0.223737,8143.1,-2.51739,-0.222643,0.0
36090.0,-0.282314596736597,-0.214229,0.0,0.0,-1.47437,0.950801,2.4935,-0.214229,8069.51,-2.49279,-0.206027,0.0
36100.0,-0.28342459673659715,-0.204355,0.0,0.0,-0.111319,0.987415,2.49461,-0.204355,8005.42,-2.49175,-0.141736,0.0
36110.0,-0.28363459673659674,-0.192163,0.0,0.0,-0.0213086,1.21921,2.49482,-0.192163,7958.6,-2.47361,0.0743462,0.0
36120.0,-0.2841645967365971,-0.176767,0.0,0.0,-0.0522171,1.5396,2.49535,-0.176767,7921.74,-2.40428,-0.199995,0.0
36130.0,-0.3208045967365969,-0.160409,0.0,0.0,-3.66466,1.6358,2.53199,-0.160409,7883.1,-2.65424,-0.194648,0.0
36140.0,-0.35435459673659686,-0.150367,0.0,0.0,-3.35462,1.00425,2.56554,-0.150367,7838.61,-2.72557,-0.262219,0.0
36150.0,-0.3846945967365971,-0.148776,0.0,0.0,-3.03415,0.159039,2.59588,-0.148776,7790.24,-2.68224,-0.0819394,0.0
36160.0,-0.3862845967365969,-0.15581,0.0,0.0,-0.159147,-0.703386,2.59747,-0.15581,7740.11,-2.56108,-0.155459,0.0
36170.0,-0.38328459673659676,-0.176703,0.0,0.0,0.300645,-2.08926,2.59447,-0.176703,7687.1,-2.71454,-0.122793,0.0
36180.0,-0.3848945967365971,-0.248846,0.0,0.0,-0.160984,-7.21431,2.59608,-0.248846,7625.58,-2.12277,-0.105778,0.0
36190.0,-0.3174445967365971,-0.451446,0.0,0.0,6.74494,-20.26,2.52863,-0.451446,7547.05,-2.20113,-0.308261,0.0
36200.0,-0.25244459673659714,-0.776129,0.0,0.0,6.4999,-32.4683,2.46363,-0.776129,7450.74,-3.99589,-2.75952,0.0
36210.0,-0.2809345967365968,-1.06539,0.0,0.0,-2.84953,-28.9259,2.49212,-1.06539,7360.27,-2.02339,-1.53429,0.0
36220.0,-0.546424596736597,-1.20171,0.0,0.0,-26.5484,-13.6323,2.75761,-1.20171,7302.08,-2.10056,-4.51171,0.0
36230.0,-0.5345745967365971,-1.23549,0.0,0.0,1.1851,-3.37758,2.74576,-1.23549,7274.07,-3.34435,-3.61189,0.0
36240.0,-0.06803459673659695,-1.20517,0.0,0.0,46.6538,3.0311,2.27922,-1.20517,7260.55,-3.11166,-2.67852,0.0
36250.0,-0.029814596736597032,-1.02522,0.0,0.0,3.82159,17.9954,2.241,-1.02522,7250.14,-2.01487,-1.03105,0.0
36260.0,-0.04303459673659704,-0.707537,0.0,0.0,-1.32149,31.7684,2.25422,-0.707537,7241.8,-1.85315,-0.312017,0.0
36270.0,0.206905403263403,-0.397805,0.0,0.0,24.9932,30.9732,2.00428,-0.397805,7240.09,-1.85716,-0.0705967,0.0
36280.0,0.2554554032634031,-0.195791,0.0,0.0,4.855,20.2014,1.95573,-0.195791,7242.02,-1.99879,-0.020948,0.0
36290.0,0.28530540326340303,-0.0974206,0.0,0.0,2.98497,9.837,1.92588,-0.0974206,7241.68,-1.88025,-0.12718,0.0
36300.0,0.26803540326340314,-0.0352367,0.0,0.0,-1.72701,6.21839,1.94315,-0.0352367,7236.16,-2.02973,-0.183387,0.0
36310.0,0.26244540326340315,0.0234319,0.0,0.0,-0.558767,5.86686,1.94874,0.0234319,7224.96,-1.89164,0.101645,0.0
36320.0,0.26569540326340313,0.0721502,0.0,0.0,0.324917,4.87183,1.94549,0.0721502,7212.28,-1.94135,0.162829,0.0
36330.0,0.26641540326340296,0.0981487,0.0,0.0,0.0724002,2.59985,1.94477,0.0981487,7202.94,-2.05489,0.120721,0.0
36340.0,0.2393554032634031,0.108021,0.0,0.0,-2.70649,0.987232,1.97183,0.108021,7195.22,-2.14933,0.0872273,0.0
36350.0,0.23731540326340306,0.112103,0.0,0.0,-0.203097,0.408203,1.97387,0.112103,7183.05,-1.92718,0.17999,0.0
36360.0,0.213175403263403,0.119349,0.0,0.0,-2.41407,0.724566,1.99801,0.119349,7163.11,-2.08801,0.157576,0.0
36370.0,0.22916540326340318,0.129694,0.0,0.0,1.59908,1.03457,1.98202,0.129694,7137.71,-1.93707,0.0848009,0.0
36380.0,0.246865403263403,0.147827,0.0,0.0,1.76902,1.81325,1.96432,0.147827,7112.64,-2.00686,0.104932,0.0
36390.0,0.2505054032634031,0.178838,0.0,0.0,0.364097,3.10113,1.96068,0.178838,7091.67,-1.94197,0.393769,0.0
36400.0,0.2681954032634031,0.217099,0.0,0.0,1.7689,3.82611,1.94299,0.217099,7074.06,-1.96426,0.182507,0.0
36410.0,0.2812454032634031,0.248785,0.0,0.0,1.30552,3.16861,1.92994,0.248785,7058.13,-1.74847,0.394745,0.0
36420.0,0.28293540326340305,0.265409,0.0,0.0,0.16889,1.66237,1.92825,0.265409,7042.49,-1.84402,0.282122,0.0
36430.0,0.2832254032634032,0.271279,0.0,0.0,0.0287199,0.586982,1.92796,0.271279,7024.99,-1.96657,0.268412,0.0
36440.0,0.27586540326340314,0.274098,0.0,0.0,-0.735443,0.281922,1.93532,0.274098,7006.23,-1.95516,0.303962,0.0
36450.0,0.1804154032634031,0.280297,0.0,0.0,-9.54536,0.619924,2.03077,0.280297,6989.81,-2.14461,0.0456708,0.0
36460.0,0.10755540326340318,0.287427,0.0,0.0,-7.28589,0.712988,2.10363,0.287427,6977.31,-2.29623,0.0766616,0.0
36470.0,0.09233540326340295,0.297778,0.0,0.0,-1.52215,1.0351,2.11885,0.297778,6967.81,-2.08011,0.245,0.0
36480.0,0.05303540326340306,0.321044,0.0,0.0,-3.92971,2.32654,2.15815,0.321044,6960.65,-2.09434,0.288508,0.0
36490.0,-0.06777459673659703,0.367098,0.0,0.0,-12.0809,4.60545,2.27896,0.367098,6955.32,-2.47561,0.433847,0.0
36500.0,-0.20805459673659676,0.42919,0.0,0.0,-14.0286,6.20916,2.41924,0.42919,6950.82,-2.55489,0.641828,0.0
36510.0,-0.2662345967365969,0.480765,0.0,0.0,-5.81811,5.15748,2.47742,0.480765,6946.01,-2.35202,0.66938,0.0
36520.0,-0.31164459673659684,0.508274,0.0,0.0,-4.54052,2.75098,2.52283,0.508274,6940.64,-2.62815,0.519872,0.0
36530.0,-0.35236459673659715,0.517548,0.0,0.0,-4.07238,0.927323,2.56355,0.517548,6936.04,-2.45571,0.609926,0.0
36540.0,-0.3850545967365968,0.520143,0.0,0.0,-3.26868,0.259512,2.59624,0.520143,6933.57,-2.49425,0.585842,0.0
36550.0,-0.423724596736597,0.521874,0.0,0.0,-3.86667,0.173092,2.63491,0.521874,6932.83,-2.67844,0.528942,0.0
36560.0,-0.4215945967365968,0.52169,0.0,0.0,0.212938,-0.0183368,2.63278,0.52169,6932.85,-2.74646,0.464688,0.0
36570.0,-0.42146459673659686,0.521208,0.0,0.0,0.0131299,-0.048218,2.63265,0.521208,6933.58,-2.62222,0.381845,0.0
36580.0,-0.42032459673659694,0.519569,0.0,0.0,0.114031,-0.163916,2.63151,0.519569,6935.84,-2.63695,0.28727,0.0
36590.0,-0.39114459673659674,0.514603,0.0,0.0,2.91737,-0.496634,2.60233,0.514603,6940.23,-2.40082,0.451422,0.0
36600.0,-0.3688545967365968,0.508666,0.0,0.0,2.22889,-0.593701,2.58004,0.508666,6946.33,-2.58381,0.579759,0.0
36610.0,-0.3160445967365968,0.502943,0.0,0.0,5.28092,-0.572301,2.52723,0.502943,6953.39,-2.5665,0.677448,0.0
36620.0,-0.29583459673659673,0.500828,0.0,0.0,2.02104,-0.21148,2.50702,0.500828,6961.28,-2.46959,0.540305,0.0
36630.0,-0.3437845967365969,0.502246,0.0,0.0,-4.79437,0.141775,2.55497,0.502246,6970.19,-2.36399,0.477039,0.0
36640.0,-0.3394745967365971,0.500087,0.0,0.0,0.430842,-0.21583,2.55066,0.500087,6979.63,-2.60882,0.358079,0.0
36650.0,-0.3144845967365968,0.49328,0.0,0.0,2.4986,-0.680743,2.52567,0.49328,6989.34,-2.70731,0.667131,0.0
36660.0,-0.330784596736597,0.48281,0.0,0.0,-1.62998,-1.04694,2.54197,0.48281,6999.61,-2.52581,0.649993,0.0
36670.0,-0.3425245967365971,0.467313,0.0,0.0,-1.17413,-1.54975,2.55371,0.467313,7009.94,-2.51231,0.484302,0.0
36680.0,-0.3530445967365967,0.450494,0.0,0.0,-1.05179,-1.68188,2.56423,0.450494,7020.67,-2.55451,0.39129,0.0
36690.0,-0.35438459673659706,0.437643,0.0,0.0,-0.133471,-1.28514,2.56557,0.437643,7034.38,-2.64262,0.429118,0.0
36700.0,-0.35484459673659696,0.431493,0.0,0.0,-0.0461582,-0.614977,2.56603,0.431493,7051.69,-2.57088,0.430988,0.0
36710.0,-0.3552045967365971,0.429482,0.0,0.0,-0.0358875,-0.201081,2.56639,0.429482,7068.51,-2.5976,0.517084,0.0
36720.0,-0.35579459673659697,0.42862,0.0,0.0,-0.0591808,-0.0861811,2.56698,0.42862,7081.91,-2.66476,0.277125,0.0
36730.0,-0.36743459673659684,0.428467,0.0,0.0,-1.16416,-0.015368,2.57862,0.428467,7092.79,-2.42929,0.420526,0.0
36740.0,-0.36319459673659704,0.427932,0.0,0.0,0.424078,-0.0534615,2.57438,0.427932,7101.46,-2.51203,0.531725,0.0
36750.0,-0.349294596736597,0.427359,0.0,0.0,1.38962,-0.0573226,2.56048,0.427359,7108.16,-2.59147,0.519293,0.0
36760.0,-0.33430459673659696,0.427709,0.0,0.0,1.4993,0.0350506,2.54549,0.427709,7114.84,-2.41183,0.414356,0.0
36770.0,-0.29905459673659696,0.43013,0.0,0.0,3.5249,0.242086,2.51024,0.43013,7121.99,-2.55454,0.340956,0.0
36780.0,-0.2950345967365968,0.438655,0.0,0.0,0.401776,0.852531,2.50622,0.438655,7128.67,-2.42169,0.398974,0.0
36790.0,-0.2506045967365971,0.448322,0.0,0.0,4.44341,0.966628,2.46179,0.448322,7136.61,-2.44866,0.326088,0.0
36800.0,-0.222734596736597,0.455864,0.0,0.0,2.78719,0.754205,2.43392,0.455864,7148.85,-2.57464,0.467198,0.0
36810.0,-0.19628459673659693,0.459911,0.0,0.0,2.64456,0.404758,2.40747,0.459911,7163.64,-2.3488,0.545588,0.0
36820.0,-0.05515459673659695,0.461324,0.0,0.0,14.1137,0.141232,2.26634,0.461324,7175.4,-1.84821,0.714902,0.0
36830.0,0.11350540326340308,0.466786,0.0,0.0,16.8656,0.546208,2.09768,0.466786,7181.91,-2.13682,0.477414,0.0
36840.0,0.19119540326340312,0.480267,0.0,0.0,7.76942,1.3481,2.01999,0.480267,7185.49,-2.06785,0.648643,0.0
36850.0,0.22488540326340312,0.495602,0.0,0.0,3.3687,1.53349,1.9863,0.495602,7188.51,-1.90023,0.416258,0.0
36860.0,0.19637540326340286,0.509175,0.0,0.0,-2.85149,1.35731,2.01481,0.509175,7191.37,-2.01403,0.519289,0.0
36870.0,0.1957054032634029,0.516618,0.0,0.0,-0.0668368,0.744316,2.01548,0.516618,7193.58,-1.91459,0.897546,0.0
36880.0,0.199245403263403,0.518433,0.0,0.0,0.353982,0.181531,2.01194,0.518433,7194.99,-2.1299,0.631414,0.0
36890.0,0.20752540326340307,0.513117,0.0,0.0,0.828464,-0.531591,2.00366,0.513117,7195.91,-2.04029,0.684634,0.0
36900.0,0.17228540326340314,0.503215,0.0,0.0,-3.52424,-0.990253,2.0389,0.503215,7196.74,-1.90965,0.407259,0.0
36910.0,0.14963540326340308,0.487626,0.0,0.0,-2.26547,-1.55892,2.06155,0.487626,7197.67,-1.99451,0.527879,0.0
36920.0,0.14659540326340315,0.468049,0.0,0.0,-0.303217,-1.95766,2.06459,0.468049,7198.73,-2.16759,0.4041,0.0
36930.0,0.12980540326340329,0.452779,0.0,0.0,-1.67938,-1.52696,2.08138,0.452779,7199.79,-2.07353,0.43773,0.0
36940.0,0.12788540326340314,0.445901,0.0,0.0,-0.192237,-0.687882,2.0833,0.445901,7200.54,-1.88106,0.383365,0.0
36950.0,0.11179540326340298,0.447065,0.0,0.0,-1.60838,0.116458,2.09939,0.447065,7200.8,-2.1058,0.523084,0.0
36960.0,0.11630540326340322,0.450522,0.0,0.0,0.450792,0.345663,2.09488,0.450522,7200.61,-2.17998,0.447589,0.0
36970.0,0.11646540326340293,0.454085,0.0,0.0,0.0154897,0.356291,2.09472,0.454085,7200.21,-2.03459,0.343275,0.0
36980.0,0.10923540326340309,0.457866,0.0,0.0,-0.722442,0.378158,2.10195,0.457866,7199.84,-2.10418,0.464694,0.0
36990.0,0.1091854032634032,0.461614,0.0,0.0,-0.00495895,0.374798,2.102,0.461614,7199.48,-2.07363,0.663731,0.0
37000.0,0.10975540326340294,0.464134,0.0,0.0,0.0564694,0.251973,2.10143,0.464134,7199.01,-2.13659,0.615857,0.0
37010.0,0.11898540326340301,0.46456,0.0,0.0,0.922852,0.0426323,2.0922,0.46456,7198.54,-2.15146,0.441461,0.0
37020.0,0.13561540326340316,0.463197,0.0,0.0,1.66301,-0.136332,2.07557,0.463197,7198.23,-2.06501,0.465541,0.0
37030.0,0.18432540326340296,0.45728,0.0,0.0,4.87096,-0.591718,2.02686,0.45728,7198.1,-1.91214,0.521034,0.0
37040.0,0.26656540326340306,0.442856,0.0,0.0,8.22428,-1.44239,1.94462,0.442856,7198.04,-1.86101,0.514986,0.0
37050.0,0.2686054032634031,0.422411,0.0,0.0,0.203835,-2.04449,1.94258,0.422411,7197.98,-1.84573,0.406122,0.0
37060.0,0.265475403263403,0.39599,0.0,0.0,-0.312373,-2.64212,1.94571,0.39599,7197.84,-1.91828,0.372052,0.0
37070.0,0.233985403263403,0.368697,0.0,0.0,-3.1493,-2.72931,1.9772,0.368697,7197.58,-2.0699,0.369423,0.0
37080.0,0.15058540326340308,0.341974,0.0,0.0,-8.34031,-2.67224,2.0606,0.341974,7197.17,-2.08217,-0.00468128,0.0
37090.0,0.1447754032634032,0.311406,20.031,0.0,-0.581074,-3.05685,-22.0974,0.311406,7196.52,-2.12158,0.299509,0.0
37100.0,0.1429954032634031,0.282772,20.031,0.0,-0.177736,-2.86337,-22.0992,0.282772,7195.8,-2.09902,0.00980151,0.0
37110.0,0.15085540326340308,0.257778,20.031,0.0,0.785978,-2.49937,-22.0913,0.257778,7195.38,-2.05054,0.388372,0.0
37120.0,0.18729540326340288,0.237394,20.031,0.0,3.64441,-2.03839,-22.0549,0.237394,7195.39,-1.91289,0.327394,0.0
37130.0,0.277305403263403,0.22147,20.031,0.0,9.00101,-1.5925,-21.9649,0.22147,7195.7,-1.82005,0.227364,0.0
37140.0,0.3106654032634031,0.212546,20.031,0.0,3.33579,-0.892337,-21.9315,0.212546,7196.2,-1.68632,0.186891,0.0
37150.0,0.31152540326340317,0.20631,20.031,0.0,0.0856625,-0.62364,-21.9307,0.20631,7196.84,-1.82851,0.212914,0.0
37160.0,0.3119254032634031,0.200133,20.031,0.0,0.040082,-0.61769,-21.9303,0.200133,7197.65,-2.14679,0.15855,0.0
37170.0,0.328545403263403,0.194169,20.031,0.0,1.66184,-0.596405,-21.9137,0.194169,7198.73,-2.0426,-0.0166646,0.0
37180.0,0.270015403263403,0.193358,20.031,0.0,-5.85278,-0.0810713,-21.9722,0.193358,7200.15,-1.97366,0.130653,0.0
37190.0,0.26834540326340317,0.192119,20.031,0.0,-0.167246,-0.123889,-21.9739,0.192119,7202.26,-1.80123,0.226594,0.0
37200.0,0.29234540326340297,0.190555,20.031,0.0,2.40014,-0.156457,-21.9499,0.190555,7205.74,-1.96651,-0.00752503,0.0
37210.0,0.3102954032634031,0.189139,20.031,0.0,1.79481,-0.141571,-21.9319,0.189139,7211.02,-1.96685,0.190994,0.0
37220.0,0.30996540326340316,0.188741,20.031,0.0,-0.0327199,-0.0398189,-21.9322,0.188741,7217.51,-1.80246,0.167469,0.0
37230.0,0.28627540326340317,0.190126,20.031,0.0,-2.36916,0.138547,-21.9559,0.190126,7224.3,-1.91427,0.29685,0.0
37240.0,0.28527540326340306,0.190771,20.031,0.0,-0.0997098,0.0644867,-21.9569,0.190771,7232.34,-2.00987,0.20017,0.0
37250.0,0.28525540326340315,0.190448,20.031,0.0,-0.00243302,-0.0323294,-21.9569,0.190448,7243.11,-1.93065,0.274825,0.0
37260.0,0.2840254032634031,0.186239,20.031,0.0,-0.122628,-0.420887,-21.9582,0.186239,7254.89,-2.01207,0.0229127,0.0
37270.0,0.26288540326340315,0.170508,20.031,0.0,-2.11428,-1.5731,-21.9793,0.170508,7264.77,-1.88734,0.250842,0.0
37280.0,0.27813540326340314,0.13062,20.031,0.0,1.52541,-3.98882,-21.9641,0.13062,7272.38,-1.77617,-0.0950792,0.0
37290.0,0.3166354032634031,0.0711411,20.031,0.0,3.8504,-5.94786,-21.9256,0.0711411,7279.41,-1.98466,-0.0412151,0.0
37300.0,0.33750540326340306,0.0177229,20.031,0.0,2.08661,-5.34182,-21.9047,0.0177229,7287.39,-1.82794,-0.0368693,0.0
37310.0,0.362815403263403,-0.0128674,20.031,0.0,2.5314,-3.05903,-21.8794,-0.0128674,7296.99,-1.88183,0.134254,0.0
37320.0,0.36387540326340306,-0.0242417,20.031,0.0,0.10565,-1.13743,-21.8783,-0.0242417,7308.11,-1.78159,-0.0446787,0.0
37330.0,0.380335403263403,-0.0289893,20.031,0.0,1.64567,-0.47476,-21.8619,-0.0289893,7320.36,-1.83556,-0.0217932,0.0
37340.0,0.380845403263403,-0.0319516,20.031,0.0,0.0516467,-0.296225,-21.8613,-0.0319516,7335.16,-1.81287,0.0964356,0.0
37350.0,0.376165403263403,-0.0369275,20.031,0.0,-0.468004,-0.497594,-21.866,-0.0369275,7354.48,-1.81902,0.0390609,0.0
37360.0,0.27354540326340304,-0.0429446,20.031,0.0,-10.262,-0.601709,-21.9686,-0.0429446,7377.17,-2.04465,-0.0318316,0.0
37370.0,0.1732654032634029,-0.0575372,20.031,0.0,-10.0281,-1.45926,-22.0689,-0.0575372,7399.58,-2.03406,-0.0809682,0.0
37380.0,0.16706540326340313,-0.0848984,20.031,0.0,-0.620522,-2.73612,-22.0751,-0.0848984,7417.99,-2.10514,-0.246044,0.0
37390.0,0.16930540326340315,-0.123028,20.031,0.0,0.223956,-3.813,-22.0729,-0.123028,7431.34,-2.05048,-0.134855,0.0
37400.0,0.3221554032634031,-0.20625,20.031,0.0,15.2852,-8.32219,-21.92,-0.20625,7443.3,-1.54525,-0.109906,0.0
37410.0,1.4703394032634032,-0.428973,20.031,0.0,114.819,-22.2722,-20.7719,-0.428973,7459.99,1.77644,-0.277195,0.0
37420.0,5.470995403263403,-0.846374,20.031,0.0,400.066,-41.7401,-16.7712,-0.846374,7485.39,6.48689,-1.39358,0.0
37430.0,8.719725403263404,-1.19823,20.031,0.0,324.872,-35.1856,-13.5225,-1.19823,7516.91,7.28036,-1.40319,0.0
37440.0,9.107625403263404,-1.35466,20.031,0.0,38.7898,-15.6426,-13.1346,-1.35466,7546.69,6.81892,-1.4079,0.0
37450.0,9.285205403263403,-1.40744,20.031,0.0,17.7585,-5.27807,-12.957,-1.40744,7569.26,6.65295,-1.52696,0.0
37460.0,9.399595403263403,-1.42287,20.031,0.0,11.4388,-1.54338,-12.8426,-1.42287,7584.35,7.38387,-1.45774,0.0
37470.0,9.468455403263404,-1.43114,20.031,0.0,6.88586,-0.827367,-12.7737,-1.43114,7594.82,7.47644,-1.43666,0.0
37480.0,9.598075403263403,-1.44248,20.031,0.0,12.9625,-1.13365,-12.6441,-1.44248,7605.85,7.43315,-1.43282,0.0
37490.0,9.602365403263404,-1.45659,20.031,0.0,0.428459,-1.41096,-12.6398,-1.45659,7620.7,7.33482,-1.62688,0.0
37500.0,9.598855403263403,-1.47577,20.031,0.0,-0.350317,-1.91748,-12.6433,-1.47577,7637.08,7.37831,-1.45273,0.0
37510.0,9.557525403263403,-1.4946,20.031,0.0,-4.13309,-1.883,-12.6847,-1.4946,7652.08,7.3161,-1.51111,0.0
37520.0,9.523915403263404,-1.51171,20.031,0.0,-3.36166,-1.71185,-12.7183,-1.51171,7666.12,7.29681,-1.51853,0.0
37530.0,9.520555403263403,-1.53307,20.031,0.0,-0.336062,-2.13587,-12.7216,-1.53307,7680.43,7.18287,-1.49557,0.0
37540.0,9.517955403263404,-1.56116,20.031,0.0,-0.259728,-2.80899,-12.7242,-1.56116,7695.22,7.29222,-1.51795,0.0
37550.0,9.516825403263404,-1.59265,20.031,0.0,-0.113077,-3.14864,-12.7254,-1.59265,7709.46,7.33056,-1.67661,0.0
37560.0,9.521485403263403,-1.6213,20.031,0.0,0.465911,-2.86484,-12.7207,-1.6213,7723.4,7.42521,-1.69667,0.0
37570.0,9.554235403263403,-1.63922,20.031,0.0,3.27565,-1.79275,-12.688,-1.63922,7738.9,7.2732,-1.65976,0.0
37580.0,9.589015403263403,-1.6438,20.031,0.0,3.4775,-0.45755,-12.6532,-1.6438,7754.91,7.42378,-1.63852,0.0
37590.0,9.614915403263403,-1.63045,20.031,0.0,2.59048,1.33541,-12.6273,-1.63045,7768.55,7.37763,-1.65025,0.0
37600.0,9.728495403263404,-1.57782,20.031,0.0,11.3572,5.26271,-12.5137,-1.57782,7779.35,7.56372,-1.82106,0.0
37610.0,10.950055403263404,-1.48363,20.031,0.0,122.156,9.41895,-11.2921,-1.48363,7789.43,9.9575,-1.43618,0.0
37620.0,12.218385403263403,-1.35069,20.031,0.0,126.829,13.2943,-10.0238,-1.35069,7801.41,10.9644,-1.10488,0.0
37630.0,12.375285403263403,-1.22382,20.031,0.0,15.6966,12.6868,-9.86688,-1.22382,7815.61,10.2344,-0.605531,0.0
37640.0,12.525785403263404,-1.14987,20.031,0.0,15.0484,7.39515,-9.7164,-1.14987,7829.67,10.1653,-1.15934,0.0
37650.0,12.712285403263403,-1.11631,20.031,0.0,18.6465,3.35595,-9.52993,-1.11631,7841.83,10.4572,-1.10103,0.0
37660.0,12.723385403263404,-1.10027,20.031,0.0,1.10806,1.60329,-9.51885,-1.10027,7853.19,10.691,-1.07716,0.0
37670.0,12.762285403263403,-1.09129,20.031,0.0,3.89423,0.898594,-9.47991,-1.09129,7864.29,10.6616,-1.18503,0.0
37680.0,12.766585403263404,-1.08221,20.031,0.0,0.433041,0.907816,-9.47558,-1.08221,7872.71,10.4499,-1.05908,0.0
37690.0,12.807485403263403,-1.07001,20.031,0.0,4.08524,1.22005,-9.43473,-1.07001,7876.78,10.5786,-1.13569,0.0
37700.0,12.825785403263403,-1.04545,20.031,0.0,1.83114,2.45638,-9.41642,-1.04545,7877.93,10.4748,-1.32794,0.0
37710.0,13.209885403263403,-1.00719,20.031,0.0,38.4079,3.82554,-9.03234,-1.00719,7878.12,11.9481,-0.986828,0.0
37720.0,14.679085403263404,-0.967476,20.031,0.0,146.927,3.97145,-7.56307,-0.967476,7878.2,15.2431,-0.689452,0.0
37730.0,16.894185403263403,-0.927721,20.031,0.0,221.508,3.97554,-5.34799,-0.927721,7878.43,16.4407,-0.890482,0.0
37740.0,18.191285403263404,-0.884585,20.031,0.0,129.711,4.3136,-4.05088,-0.884585,7878.82,15.8682,-0.697303,0.0
37750.0,18.503485403263404,-0.846068,20.031,0.0,31.2191,3.8517,-3.73869,-0.846068,7879.16,15.9936,-0.882707,0.0
37760.0,18.619085403263405,-0.817823,20.031,0.0,11.5579,2.82452,-3.62311,-0.817823,7879.23,16.4099,-0.748339,0.0
37770.0,18.606985403263405,-0.803184,20.031,0.0,-1.20663,1.4639,-3.63517,-0.803184,7879.01,16.4287,-0.776588,0.0
37780.0,18.606685403263402,-0.798706,20.031,0.0,-0.0306641,0.447745,-3.63548,-0.798706,7878.83,16.6056,-0.790959,0.0
37790.0,18.605385403263405,-0.798801,20.031,0.0,-0.131817,-0.00952959,-3.6368,-0.798801,7878.97,16.3453,-0.816187,0.0
37800.0,18.575285403263404,-0.80216,20.031,0.0,-3.01336,-0.335833,-3.66693,-0.80216,7879.23,16.2899,-0.803777,0.0
37810.0,18.572685403263403,-0.813697,20.031,0.0,-0.257285,-1.1537,-3.66951,-0.813697,7879.29,16.3412,-0.715109,0.0
37820.0,18.569985403263402,-0.843784,20.031,0.0,-0.26717,-3.00874,-3.67218,-0.843784,7878.93,16.3019,-0.942868,0.0
37830.0,18.580285403263403,-0.900084,20.031,0.0,1.02504,-5.62994,-3.66193,-0.900084,7877.72,16.4999,-0.83059,0.0
37840.0,18.626085403263403,-0.981854,20.031,0.0,4.58263,-8.17701,-3.6161,-0.981854,7875.5,16.6468,-1.02009,0.0
37850.0,18.739285403263402,-1.08074,20.031,0.0,11.3202,-9.889,-3.5029,-1.08074,7872.94,16.4056,-1.16972,0.0
37860.0,18.906985403263402,-1.1765,20.031,0.0,16.7703,-9.57548,-3.3352,-1.1765,7870.7,16.7008,-1.33106,0.0
37870.0,20.078485403263404,-1.24575,20.031,0.0,117.146,-6.9249,-2.16373,-1.24575,7869.05,19.048,-1.30177,0.0
37880.0,21.262585403263405,-1.28359,20.031,0.0,118.414,-3.78451,-0.979587,-1.28359,7867.89,19.9628,-1.43834,0.0
37890.0,21.381785403263404,-1.30747,20.031,0.0,11.9177,-2.38808,-0.86041,-1.30747,7866.92,19.1064,-1.2481,0.0
37900.0,21.564185403263405,-1.3237,20.031,0.0,18.2427,-1.62271,-0.677983,-1.3237,7866.06,19.1946,-1.24656,0.0
37910.0,21.734485403263403,-1.3472,20.031,0.0,17.0246,-2.35011,-0.507737,-1.3472,7865.26,19.521,-1.31989,0.0
37920.0,21.738185403263405,-1.38731,20.031,0.0,0.375259,-4.0106,-0.503984,-1.38731,7863.7,19.5575,-1.44344,0.0
37930.0,21.756785403263404,-1.43174,20.031,0.0,1.85336,-4.44325,-0.48545,-1.43174,7860.57,19.4519,-1.53189,0.0
37940.0,21.762785403263404,-1.46493,20.031,0.0,0.60572,-3.31936,-0.479393,-1.46493,7856.4,19.5887,-1.53585,0.0
37950.0,21.760385403263403,-1.48527,20.031,0.0,-0.241407,-2.03319,-0.481807,-1.48527,7852.75,19.6277,-1.60549,0.0
37960.0,21.747085403263405,-1.4992,20.031,0.0,-1.32979,-1.393,-0.495105,-1.4992,7850.72,19.547,-1.48196,0.0
37970.0,21.740785403263402,-1.50991,20.031,0.0,-0.628756,-1.07186,-0.501393,-1.50991,7850.24,19.4928,-1.48973,0.0
37980.0,21.713985403263404,-1.51808,20.031,0.0,-2.68485,-0.816496,-0.528241,-1.51808,7850.59,19.4187,-1.54492,0.0
37990.0,21.682285403263403,-1.52514,20.031,0.0,-3.16572,-0.706529,-0.559899,-1.52514,7851.2,19.6043,-1.50175,0.0
38000.0,21.633185403263404,-1.53305,20.031,0.0,-4.91452,-0.79097,-0.609044,-1.53305,7852.11,19.3143,-1.30157,0.0
38010.0,21.557885403263402,-1.5413,20.031,0.0,-7.5305,-0.824726,-0.684349,-1.5413,7853.83,19.3124,-1.54317,0.0
38020.0,21.506185403263405,-1.54822,20.031,0.0,-5.16626,-0.691897,-0.736011,-1.54822,7856.39,19.4686,-1.55394,0.0
38030.0,21.504285403263403,-1.55374,20.031,0.0,-0.188242,-0.55227,-0.737894,-1.55374,7859.0,19.2605,-1.55975,0.0
38040.0,21.522885403263402,-1.55822,20.031,0.0,1.85953,-0.448178,-0.719299,-1.55822,7861.2,19.2658,-1.57399,0.0
38050.0,21.525985403263405,-1.56195,20.031,0.0,0.309599,-0.372064,-0.716203,-1.56195,7863.5,19.3786,-1.6274,0.0
38060.0,21.589685403263402,-1.56518,20.031,0.0,6.37366,-0.323036,-0.652466,-1.56518,7866.78,19.453,-1.75033,0.0
38070.0,21.665285403263404,-1.56965,20.031,0.0,7.55865,-0.447483,-0.576879,-1.56965,7871.35,19.5442,-1.57655,0.0
38080.0,21.667485403263402,-1.57919,20.031,0.0,0.215117,-0.953441,-0.574728,-1.57919,7876.16,19.5467,-1.56225,0.0
38090.0,21.663185403263405,-1.59574,20.031,0.0,-0.424537,-1.65503,-0.578974,-1.59574,7879.98,19.4364,-1.47731,0.0
38100.0,21.602585403263404,-1.61532,20.031,0.0,-6.06315,-1.95815,-0.639605,-1.61532,7883.27,19.2206,-1.55853,0.0
38110.0,21.502385403263403,-1.62931,20.031,0.0,-10.0237,-1.39911,-0.739843,-1.62931,7887.57,19.3289,-1.75656,0.0
38120.0,21.480685403263404,-1.63714,20.031,0.0,-2.16814,-0.782866,-0.761524,-1.63714,7893.46,19.2532,-1.74082,0.0
38130.0,21.478785403263405,-1.64759,20.031,0.0,-0.190547,-1.04578,-0.763429,-1.64759,7900.34,19.2699,-1.63893,0.0
38140.0,21.477085403263402,-1.66275,20.031,0.0,-0.170428,-1.51599,-0.765134,-1.66275,7907.19,19.1064,-1.70239,0.0
38150.0,21.476285403263404,-1.67737,20.031,0.0,-0.0746371,-1.46138,-0.76588,-1.67737,7913.98,19.3092,-1.66081,0.0
38160.0,21.495285403263402,-1.68715,20.031,0.0,1.89534,-0.977847,-0.746927,-1.68715,7921.69,19.318,-1.60122,0.0
38170.0,21.488385403263404,-1.69269,20.031,0.0,-0.687972,-0.554594,-0.753806,-1.69269,7930.7,19.1894,-1.67731,0.0
38180.0,21.504685403263405,-1.69649,20.031,0.0,1.62455,-0.379936,-0.737561,-1.69649,7940.42,19.3537,-1.91057,0.0
38190.0,21.505485403263403,-1.7004,20.031,0.0,0.0807419,-0.390634,-0.736753,-1.7004,7950.97,19.2082,-1.69538,0.0
38200.0,21.503085403263402,-1.70385,20.031,0.0,-0.23467,-0.344761,-0.7391,-1.70385,7963.71,19.2406,-1.73647,0.0
38210.0,21.455885403263405,-1.70607,20.031,0.0,-4.72265,-0.22263,-0.786327,-1.70607,7979.14,19.3131,-1.76943,0.0
38220.0,21.411485403263402,-1.7064,20.031,0.0,-4.43415,-0.0324212,-0.830668,-1.7064,7995.54,19.0909,-1.72362,0.0
38230.0,21.417885403263405,-1.7029,20.031,0.0,0.637362,0.349805,-0.824295,-1.7029,8009.36,19.1282,-1.76026,0.0
38240.0,21.393485403263405,-1.69137,20.031,0.0,-2.44283,1.1524,-0.848723,-1.69137,8018.65,19.2042,-1.71556,0.0
38250.0,21.394185403263403,-1.66894,20.031,0.0,0.0747987,2.24339,-0.847975,-1.66894,8024.55,19.2346,-1.63472,0.0
38260.0,21.382885403263405,-1.64326,20.031,0.0,-1.13288,2.56796,-0.859304,-1.64326,8028.64,19.1689,-1.61102,0.0
38270.0,21.384685403263404,-1.6254,20.031,0.0,0.183934,1.78615,-0.857464,-1.6254,8032.1,19.0082,-1.59081,0.0
38280.0,21.395285403263404,-1.6176,20.031,0.0,1.05086,0.780412,-0.846956,-1.6176,8036.22,19.3045,-1.47425,0.0
38290.0,21.378785403263404,-1.61483,20.031,0.0,-1.64837,0.276951,-0.863439,-1.61483,8041.82,19.1607,-1.60714,0.0
38300.0,21.388785403263405,-1.61323,20.031,0.0,1.00125,0.159852,-0.853427,-1.61323,8048.3,19.2144,-1.69485,0.0
38310.0,21.389785403263403,-1.61388,20.031,0.0,0.105294,-0.0649156,-0.852374,-1.61388,8054.62,19.1776,-1.45634,0.0
38320.0,21.404185403263405,-1.61992,20.031,0.0,1.43358,-0.603872,-0.838038,-1.61992,8062.13,18.9655,-1.70271,0.0
38330.0,21.4024854032634,-1.63402,20.031,0.0,-0.167244,-1.41026,-0.839711,-1.63402,8074.67,19.2785,-1.79421,0.0
38340.0,21.381285403263405,-1.65392,20.031,0.0,-2.12137,-1.99069,-0.860924,-1.65392,8092.77,19.1969,-1.6138,0.0
38350.0,21.330385403263403,-1.67491,20.031,0.0,-5.09003,-2.09815,-0.911825,-1.67491,8109.98,19.0567,-1.66728,0.0
38360.0,21.253285403263405,-1.69733,20.031,0.0,-7.70814,-2.24219,-0.988906,-1.69733,8120.57,18.9881,-1.80429,0.0
38370.0,21.222885403263405,-1.72239,20.031,0.0,-3.0411,-2.50667,-1.01932,-1.72239,8126.07,19.0751,-1.76745,0.0
38380.0,21.219185403263403,-1.74565,20.031,0.0,-0.36829,-2.32516,-1.023,-1.74565,8130.76,18.9182,-1.67642,0.0
38390.0,21.218085403263405,-1.76138,20.031,0.0,-0.113035,-1.57312,-1.02413,-1.76138,8136.7,18.9645,-1.87118,0.0
38400.0,21.231085403263403,-1.76755,20.031,0.0,1.30404,-0.61688,-1.01109,-1.76755,8143.62,19.1014,-1.727,0.0
38410.0,21.216485403263402,-1.76559,20.031,0.0,-1.46156,0.195622,-1.02571,-1.76559,8150.52,19.0067,-1.82579,0.0
38420.0,21.227285403263405,-1.75749,20.031,0.0,1.08331,0.810447,-1.01487,-1.75749,8156.9,19.0095,-1.98668,0.0
38430.0,21.228885403263405,-1.74658,20.031,0.0,0.158451,1.09073,-1.01329,-1.74658,8162.15,18.9218,-1.73784,0.0
38440.0,21.227585403263404,-1.73441,20.031,0.0,-0.130889,1.21701,-1.0146,-1.73441,8165.81,19.0035,-1.66316,0.0
38450.0,21.222785403263405,-1.72145,20.031,0.0,-0.476625,1.29588,-1.01936,-1.72145,8168.27,19.0524,-1.50341,0.0
38460.0,21.223985403263402,-1.71122,20.031,0.0,0.1147,1.02255,-1.01822,-1.71122,8170.37,19.0133,-1.81299,0.0
38470.0,21.230585403263404,-1.70667,20.031,0.0,0.66292,0.455132,-1.01159,-1.70667,8173.38,19.0002,-1.76689,0.0
38480.0,21.231285403263403,-1.70779,20.031,0.0,0.0688055,-0.11196,-1.0109,-1.70779,8178.67,19.2101,-1.53939,0.0
38490.0,21.240385403263403,-1.71543,20.031,0.0,0.90507,-0.763318,-1.00185,-1.71543,8185.55,19.0625,-1.57278,0.0
38500.0,21.234185403263403,-1.73009,20.031,0.0,-0.618969,-1.46666,-1.00804,-1.73009,8191.88,19.0141,-1.70932,0.0
38510.0,21.232585403263403,-1.74877,20.031,0.0,-0.160767,-1.86813,-1.00965,-1.74877,8196.59,19.005,-2.07784,0.0
38520.0,21.234785403263402,-1.77125,20.031,0.0,0.221135,-2.24732,-1.00743,-1.77125,8199.51,18.9785,-1.75768,0.0
38530.0,21.233585403263405,-1.79576,20.031,0.0,-0.114676,-2.45117,-1.00858,-1.79576,8201.61,18.9467,-1.83152,0.0
38540.0,21.263685403263402,-1.81305,20.031,0.0,3.01045,-1.72871,-0.978476,-1.81305,8204.62,19.0848,-1.85235,0.0
38550.0,21.270785403263403,-1.81943,20.031,0.0,0.709012,-0.638527,-0.971386,-1.81943,8209.18,19.0611,-1.91578,0.0
38560.0,21.271185403263402,-1.81842,20.031,0.0,0.0395287,0.101151,-0.970991,-1.81842,8214.02,19.0358,-1.71362,0.0
38570.0,21.271585403263405,-1.8129,20.031,0.0,0.0346867,0.552346,-0.970644,-1.8129,8217.71,19.1693,-1.84399,0.0
38580.0,21.265785403263404,-1.80266,0.0,0.0,-0.576211,1.02378,-19.0546,-1.80266,8220.25,18.9833,-1.61014,0.0
38590.0,21.250885403263403,-1.7879,0.0,0.0,-1.49385,1.47619,-19.0397,-1.7879,8222.45,18.9894,-1.81656,0.0
38600.0,21.242785403263404,-1.77393,0.0,0.0,-0.805138,1.39649,-19.0316,-1.77393,8224.8,19.0714,-1.70309,0.0
38610.0,21.243285403263403,-1.76574,0.0,0.0,0.0526993,0.819131,-19.0321,-1.76574,8226.88,18.803,-1.81264,0.0
38620.0,21.244585403263404,-1.7609,0.0,0.0,0.124246,0.483539,-19.0334,-1.7609,8228.07,19.0268,-1.56806,0.0
38630.0,21.260185403263403,-1.75368,0.0,0.0,1.56548,0.722172,-19.049,-1.75368,8228.34,19.1923,-1.53458,0.0
38640.0,21.237485403263403,-1.74188,0.0,0.0,-2.27263,1.18071,-19.0263,-1.74188,8227.9,18.993,-1.76497,0.0
38650.0,21.237185403263403,-1.72754,0.0,0.0,-0.0320966,1.43307,-19.026,-1.72754,8227.13,19.1623,-1.79002,0.0
38660.0,21.219185403263403,-1.71336,0.0,0.0,-1.7945,1.41839,-19.008,-1.71336,8226.52,19.0433,-1.63145,0.0
38670.0,21.210985403263404,-1.69908,0.0,0.0,-0.825338,1.42845,-18.9998,-1.69908,8226.11,18.9922,-1.75662,0.0
38680.0,21.210185403263402,-1.68403,0.0,0.0,-0.0810003,1.5044,-18.999,-1.68403,8225.94,18.8409,-1.65716,0.0
38690.0,21.211785403263402,-1.66837,0.0,0.0,0.166437,1.56632,-19.0006,-1.66837,8226.22,19.044,-1.59405,0.0
38700.0,21.214785403263402,-1.65283,0.0,0.0,0.299848,1.55391,-19.0036,-1.65283,8226.68,18.9923,-1.70501,0.0
38710.0,21.245285403263402,-1.63644,0.0,0.0,3.04089,1.63948,-19.0341,-1.63644,8227.17,19.1013,-1.6193,0.0
38720.0,21.249085403263404,-1.61964,0.0,0.0,0.386637,1.67954,-19.0379,-1.61964,8228.03,19.2254,-1.5772,0.0
38730.0,21.267385403263404,-1.60438,0.0,0.0,1.82502,1.52648,-19.0562,-1.60438,8229.33,19.0399,-1.60293,0.0
38740.0,21.265185403263402,-1.59108,0.0,0.0,-0.212777,1.32917,-19.054,-1.59108,8230.78,18.8406,-1.74171,0.0
38750.0,21.160385403263405,-1.57313,0.0,0.0,-10.4876,1.79492,-18.9492,-1.57313,8232.08,19.0529,-1.51079,0.0
38760.0,20.918185403263404,-1.53358,0.0,0.0,-24.2183,3.95594,-18.707,-1.53358,8232.8,18.6142,-1.92102,0.0
38770.0,19.218885403263403,-1.45215,0.0,0.0,-169.924,8.14245,-17.0077,-1.45215,8232.67,12.8367,-1.41692,0.0
38780.0,12.236885403263404,-1.2625,0.0,0.0,-698.206,18.9646,-10.0257,-1.2625,8231.45,4.13848,-0.725034,0.0
38790.0,5.621395403263403,-0.959635,0.0,0.0,-661.548,30.287,-3.41021,-0.959635,8229.35,0.330792,-0.388317,0.0
38800.0,3.687665403263403,-0.782037,0.0,0.0,-193.373,17.7598,-1.47648,-0.782037,8227.41,0.50675,-0.603363,0.0
38810.0,2.732647403263403,-0.691114,0.0,0.0,-95.5019,9.09233,-0.521462,-0.691114,8226.43,0.670268,-0.707779,0.0
38820.0,2.427173403263403,-0.659135,0.0,0.0,-30.5474,3.19792,-0.215988,-0.659135,8226.25,0.0175513,-0.676223,0.0
38830.0,2.240674603263403,-0.643689,0.0,0.0,-18.6499,1.54462,-0.0294892,-0.643689,8226.57,-0.0595747,-0.633656,0.0
38840.0,2.233632503263403,-0.634854,0.0,0.0,-0.704216,0.883443,-0.0224471,-0.634854,8227.31,-0.062181,-0.742817,0.0
38850.0,2.234609403263403,-0.617088,0.0,0.0,0.0976946,1.77664,-0.023424,-0.617088,8228.64,0.155144,-0.650915,0.0
38860.0,2.227202603263403,-0.5871,0.0,0.0,-0.740683,2.99877,-0.0160172,-0.5871,8230.93,0.111923,-0.507557,0.0
38870.0,2.229112603263403,-0.557574,0.0,0.0,0.191003,2.95263,-0.0179272,-0.557574,8234.43,0.0678219,-0.532436,0.0
38880.0,2.229249603263403,-0.540638,0.0,0.0,0.0136951,1.69359,-0.0180642,-0.540638,8239.14,-0.0478474,-0.473672,0.0
38890.0,2.201229813263403,-0.534138,0.0,0.0,-2.80198,0.650012,0.00995559,-0.534138,8244.37,-0.0716765,-0.529231,0.0
38900.0,2.1751169032634032,-0.533109,0.0,0.0,-2.61129,0.102903,0.0360685,-0.533109,8248.62,-0.00406307,-0.551859,0.0
38910.0,2.173578203263403,-0.538677,0.0,0.0,-0.153866,-0.556797,0.0376072,-0.538677,8251.03,-0.0413874,-0.538208,0.0
38920.0,2.171728303263403,-0.557154,0.0,0.0,-0.184996,-1.84775,0.0394571,-0.557154,8252.11,-0.0511013,-0.514783,0.0
38930.0,2.159991403263403,-0.592502,0.0,0.0,-1.17369,-3.53479,0.051194,-0.592502,8252.76,0.00447943,-0.783001,0.0
38940.0,2.151137303263403,-0.636748,0.0,0.0,-0.885409,-4.42454,0.0600481,-0.636748,8253.49,-0.030776,-0.708234,0.0
38950.0,2.092823403263403,-0.676353,0.0,0.0,-5.83139,-3.96051,0.118362,-0.676353,8254.74,-0.17363,-0.690155,0.0
38960.0,2.031890403263403,-0.709697,0.0,0.0,-6.09329,-3.33442,0.179295,-0.709697,8256.94,-0.195217,-0.629562,0.0
38970.0,2.027103403263403,-0.739299,0.0,0.0,-0.478749,-2.96021,0.184082,-0.739299,8260.29,-0.107127,-0.691178,0.0
38980.0,2.024508403263403,-0.765534,0.0,0.0,-0.259412,-2.62352,0.186677,-0.765534,8265.59,-0.215175,-0.801202,0.0
38990.0,2.010037403263403,-0.795017,0.0,0.0,-1.44714,-2.94827,0.201148,-0.795017,8273.48,-0.124731,-0.809009,0.0
39000.0,2.005163403263403,-0.831746,0.0,0.0,-0.487367,-3.67288,0.206022,-0.831746,8281.93,-0.160732,-1.03788,0.0
39010.0,1.991980403263403,-0.867481,0.0,0.0,-1.31829,-3.57354,0.219205,-0.867481,8287.82,-0.292947,-0.909276,0.0
39020.0,1.9596624032634031,-0.895452,0.0,0.0,-3.23188,-2.79706,0.251523,-0.895452,8290.48,-0.28655,-0.886543,0.0
39030.0,1.954499403263403,-0.92016,0.0,0.0,-0.516233,-2.47083,0.256686,-0.92016,8291.25,-0.411298,-0.893034,0.0
39040.0,1.9063874032634032,-0.944045,0.0,0.0,-4.8112,-2.3885,0.304798,-0.944045,8291.3,-0.335283,-0.83628,0.0
39050.0,1.797951403263403,-0.967968,0.0,0.0,-10.8436,-2.39234,0.413234,-0.967968,8290.82,-0.103127,-0.975087,0.0
39060.0,0.674915403263403,-0.956928,0.0,0.0,-112.303,1.10404,1.53627,-0.956928,8289.25,-2.95905,-1.11319,0.0
39070.0,-0.31022459673659686,-0.957278,0.0,0.0,-98.5141,-0.0349763,2.52141,-0.957278,8285.87,-2.95198,-1.04587,0.0
39080.0,-0.35599459673659695,-0.997522,0.0,0.0,-4.57685,-4.02442,2.56718,-0.997522,8280.56,-2.02815,-1.01197,0.0
39090.0,-0.39753459673659686,-1.02569,0.0,0.0,-4.15488,-2.81686,2.60872,-1.02569,8274.34,-2.38964,-1.08566,0.0
39100.0,-0.39505459673659704,-1.03988,0.0,0.0,0.248748,-1.41917,2.60624,-1.03988,8269.01,-2.56483,-1.25558,0.0
39110.0,-0.39336459673659707,-1.04387,0.0,0.0,0.168958,-0.398429,2.60455,-1.04387,8265.61,-2.5613,-1.06701,0.0
39120.0,-0.35374459673659686,-1.04556,0.0,0.0,3.96197,-0.168854,2.56493,-1.04556,8263.89,-2.66226,-1.10347,0.0
39130.0,-0.3518145967365971,-1.04295,0.0,0.0,0.192983,0.260653,2.563,-1.04295,8263.17,-2.68727,-1.09507,0.0
39140.0,-0.35213459673659697,-1.03553,0.0,0.0,-0.0327329,0.741558,2.56332,-1.03553,8262.84,-2.56709,-0.982489,0.0
39150.0,-0.3684945967365971,-1.02311,0.0,0.0,-1.63523,1.24185,2.57968,-1.02311,8262.46,-2.53537,-1.0058,0.0
39160.0,-0.36845459673659686,-1.01211,0.0,0.0,0.00361637,1.09996,2.57964,-1.01211,8262.11,-2.64676,-0.996059,0.0
39170.0,-0.3694645967365968,-1.00516,0.0,0.0,-0.101353,0.695338,2.58065,-1.00516,8262.06,-2.45963,-1.02809,0.0
39180.0,-0.40537459673659715,-0.999858,0.0,0.0,-3.59094,0.530365,2.61656,-0.999858,8262.48,-2.63842,-0.931122,0.0
39190.0,-0.44803459673659685,-0.995325,0.0,0.0,-4.26601,0.453266,2.65922,-0.995325,8263.51,-2.75508,-0.995195,0.0
39200.0,-0.4580745967365969,-0.991751,0.0,0.0,-1.00404,0.35742,2.66926,-0.991751,8264.48,-2.61836,-0.932,0.0
39210.0,-0.460394596736597,-0.986975,0.0,0.0,-0.231966,0.477574,2.67158,-0.986975,8264.51,-2.71273,-0.984881,0.0
39220.0,-0.46918459673659685,-0.980857,0.0,0.0,-0.878708,0.61185,2.68037,-0.980857,8263.63,-2.66448,-1.09608,0.0
39230.0,-0.4703045967365971,-0.976124,0.0,0.0,-0.112346,0.473259,2.68149,-0.976124,8262.46,-2.65898,-0.905358,0.0
39240.0,-0.4945445967365969,-0.972659,0.0,0.0,-2.42328,0.346469,2.70573,-0.972659,8261.65,-2.72216,-0.874303,0.0
39250.0,-0.5038145967365968,-0.971239,0.0,0.0,-0.927535,0.141997,2.715,-0.971239,8261.38,-2.79376,-0.954512,0.0
39260.0,-0.532934596736597,-0.968486,0.0,0.0,-2.91139,0.275296,2.74412,-0.968486,8261.31,-2.88389,-1.05182,0.0
39270.0,-0.5333445967365971,-0.964913,0.0,0.0,-0.0408302,0.357393,2.74453,-0.964913,8261.06,-2.69903,-0.972329,0.0
39280.0,-0.5172545967365969,-0.958751,0.0,0.0,1.60856,0.61618,2.72844,-0.958751,8260.31,-2.82461,-0.810763,0.0
39290.0,-0.474294596736597,-0.95114,0.0,0.0,4.29633,0.761095,2.68548,-0.95114,8259.05,-2.60943,-1.03666,0.0
39300.0,-0.4388545967365971,-0.942101,0.0,0.0,3.54314,0.903931,2.65004,-0.942101,8257.72,-2.65461,-1.0415,0.0
39310.0,-0.43662459673659715,-0.931186,0.0,0.0,0.223697,1.0914,2.64781,-0.931186,8256.79,-2.58603,-1.06106,0.0
39320.0,-0.4360745967365971,-0.920233,0.0,0.0,0.0544749,1.09539,2.64726,-0.920233,8256.29,-2.5914,-0.850268,0.0
39330.0,-0.443384596736597,-0.909298,0.0,0.0,-0.731076,1.0935,2.65457,-0.909298,8256.02,-2.83962,-0.873514,0.0
39340.0,-0.5002445967365969,-0.896918,0.0,0.0,-5.68545,1.23794,2.71143,-0.896918,8255.53,-2.76362,-0.846628,0.0
39350.0,-0.502144596736597,-0.888202,0.0,0.0,-0.189922,0.871599,2.71333,-0.888202,8253.79,-2.80203,-0.96779,0.0
39360.0,-0.5017345967365969,-0.882455,0.0,0.0,0.0408549,0.574681,2.71292,-0.882455,8249.84,-2.73104,-0.959713,0.0
39370.0,-0.5009145967365969,-0.880049,0.0,0.0,0.0820786,0.240656,2.7121,-0.880049,8244.11,-2.53542,-0.86734,0.0
39380.0,-0.483514596736597,-0.880337,0.0,0.0,1.73948,-0.0288217,2.6947,-0.880337,8238.23,-2.62338,-0.887409,0.0
39390.0,-0.4758745967365967,-0.880937,0.0,0.0,0.764294,-0.0599602,2.68706,-0.880937,8233.17,-2.68423,-0.938377,0.0
39400.0,-0.46618459673659673,-0.881665,0.0,0.0,0.969535,-0.0728326,2.67737,-0.881665,8228.3,-2.70799,-0.874437,0.0
39410.0,-0.465754596736597,-0.881593,0.0,0.0,0.0420903,0.0071701,2.67694,-0.881593,8222.74,-2.70632,-0.730531,0.0
39420.0,-0.46597459673659714,-0.880632,0.0,0.0,-0.0217099,0.0961331,2.67716,-0.880632,8216.93,-2.50431,-0.76033,0.0
39430.0,-0.4716845967365968,-0.877348,0.0,0.0,-0.571327,0.328394,2.68287,-0.877348,8211.98,-2.64361,-0.946006,0.0
39440.0,-0.4579945967365968,-0.870002,0.0,0.0,1.3696,0.734598,2.66918,-0.870002,8208.01,-2.65944,-0.918015,0.0
39450.0,-0.44428459673659715,-0.857635,0.0,0.0,1.37101,1.23666,2.65547,-0.857635,8204.26,-2.71297,-0.89275,0.0
39460.0,-0.43423459673659703,-0.84324,0.0,0.0,1.00464,1.43953,2.64542,-0.84324,8200.17,-2.61025,-0.845055,0.0
39470.0,-0.429954596736597,-0.829021,0.0,0.0,0.428418,1.42192,2.64114,-0.829021,8195.13,-2.66527,-0.738676,0.0
39480.0,-0.4015745967365971,-0.817129,0.0,0.0,2.83818,1.18915,2.61276,-0.817129,8188.36,-2.55752,-0.799524,0.0
39490.0,-0.39936459673659686,-0.803226,0.0,0.0,0.221097,1.39034,2.61055,-0.803226,8180.1,-2.47879,-0.793662,0.0
39500.0,-0.3984545967365971,-0.787731,0.0,0.0,0.0907642,1.54951,2.60964,-0.787731,8171.81,-2.51296,-0.911238,0.0
39510.0,-0.401284596736597,-0.774176,0.0,0.0,-0.282799,1.35547,2.61247,-0.774176,8164.21,-2.66528,-0.650239,0.0
39520.0,-0.37787459673659685,-0.766278,0.0,0.0,2.34058,0.789854,2.58906,-0.766278,8157.21,-2.62095,-0.790416,0.0
39530.0,-0.3857445967365969,-0.759928,0.0,0.0,-0.787259,0.635012,2.59693,-0.759928,8151.53,-2.75284,-0.73484,0.0
39540.0,-0.383454596736597,-0.75516,0.0,0.0,0.229105,0.476807,2.59464,-0.75516,8147.77,-2.50774,-0.731852,0.0
39550.0,-0.3293345967365968,-0.754231,0.0,0.0,5.412,0.0928211,2.54052,-0.754231,8145.32,-2.5877,-0.761105,0.0
39560.0,-0.31796459673659694,-0.753313,0.0,0.0,1.13694,0.0918582,2.52915,-0.753313,8143.24,-2.49026,-0.636326,0.0
39570.0,-0.31759459673659673,-0.753585,0.0,0.0,0.0373448,-0.0272487,2.52878,-0.753585,8141.1,-2.44138,-0.682433,0.0
39580.0,-0.31769459673659695,-0.755984,0.0,0.0,-0.0104594,-0.239838,2.52888,-0.755984,8138.66,-2.55506,-0.702441,0.0
39590.0,-0.31643459673659713,-0.760363,0.0,0.0,0.126084,-0.437935,2.52762,-0.760363,8135.57,-2.62187,-0.904543,0.0
39600.0,-0.31671459673659674,-0.765116,0.0,0.0,-0.027545,-0.475347,2.5279,-0.765116,8132.17,-2.49251,-0.761817,0.0
39610.0,-0.3169945967365968,-0.769187,0.0,0.0,-0.0281408,-0.407107,2.52818,-0.769187,8129.65,-2.38581,-0.793768,0.0
39620.0,-0.3169045967365971,-0.772343,0.0,0.0,0.0086806,-0.315581,2.52809,-0.772343,8128.57,-2.42016,-0.787405,0.0
39630.0,-0.31693459673659685,-0.774426,0.0,0.0,-0.00308539,-0.208289,2.52812,-0.774426,8128.6,-2.66351,-0.765123,0.0
39640.0,-0.31528459673659714,-0.775064,0.0,0.0,0.16574,-0.0637919,2.52647,-0.775064,8129.18,-2.63166,-0.660014,0.0
39650.0,-0.3314345967365968,-0.77435,0.0,0.0,-1.61521,0.0713916,2.54262,-0.77435,8130.0,-2.35722,-0.822825,0.0
39660.0,-0.331534596736597,-0.775321,0.0,0.0,-0.010271,-0.0970619,2.54272,-0.775321,8130.99,-2.48174,-0.714411,0.0
39670.0,-0.3159745967365968,-0.777683,0.0,0.0,1.5564,-0.23621,2.52716,-0.777683,8132.97,-2.57481,-1.01967,0.0
39680.0,-0.31094459673659713,-0.778389,0.0,0.0,0.502817,-0.0706419,2.52213,-0.778389,8137.32,-2.37889,-0.849714,0.0
39690.0,-0.2936545967365971,-0.775439,0.0,0.0,1.72853,0.294996,2.50484,-0.775439,8143.57,-2.51936,-0.721578,0.0
39700.0,-0.2762545967365968,-0.766488,0.0,0.0,1.74059,0.895089,2.48744,-0.766488,8149.48,-2.47338,-0.574448,0.0
39710.0,-0.2736145967365968,-0.754325,0.0,0.0,0.263923,1.21636,2.4848,-0.754325,8153.7,-2.48698,-0.79282,0.0
39720.0,-0.272824596736597,-0.744109,0.0,0.0,0.0788612,1.02155,2.48401,-0.744109,8156.32,-2.54084,-0.92953,0.0
39730.0,-0.2722345967365971,-0.736062,0.0,0.0,0.0584875,0.80478,2.48342,-0.736062,8157.95,-2.33092,-0.795149,0.0
39740.0,-0.27351459673659706,-0.729911,0.0,0.0,-0.127343,0.615071,2.4847,-0.729911,8159.46,-2.43011,-0.647232,0.0
39750.0,-0.3130745967365969,-0.72464,0.0,0.0,-3.95624,0.527074,2.52426,-0.72464,8161.78,-2.64353,-0.697615,0.0
39760.0,-0.3325645967365971,-0.721515,0.0,0.0,-1.94894,0.312548,2.54375,-0.721515,8165.41,-2.64042,-0.730481,0.0
39770.0,-0.333154596736597,-0.718777,0.0,0.0,-0.0592234,0.273764,2.54434,-0.718777,8170.02,-2.49244,-0.697823,0.0
39780.0,-0.33271459673659676,-0.712659,0.0,0.0,0.0443689,0.611764,2.5439,-0.712659,8175.94,-2.54567,-0.661307,0.0
39790.0,-0.3319245967365969,-0.694004,0.0,0.0,0.0789333,1.86554,2.54311,-0.694004,8184.85,-2.34822,-0.768524,0.0
39800.0,-0.34194459673659683,-0.646373,0.0,0.0,-1.0017,4.76306,2.55313,-0.646373,8197.02,-2.33674,-0.831027,0.0
39810.0,-0.3531245967365968,-0.568355,0.0,0.0,-1.11886,7.80181,2.56431,-0.568355,8209.68,-2.9289,-0.39694,0.0
39820.0,-0.39392459673659674,-0.490377,0.0,0.0,-4.07954,7.79784,2.60511,-0.490377,8220.02,-2.88256,-0.375956,0.0
39830.0,-0.4704145967365969,-0.442371,0.0,0.0,-7.64898,4.8006,2.6816,-0.442371,8228.6,-2.6211,-0.350126,0.0
39840.0,-0.5419745967365968,-0.421932,0.0,0.0,-7.15594,2.04383,2.75316,-0.421932,8237.67,-2.589,-0.368672,0.0
39850.0,-0.546624596736597,-0.416349,0.0,0.0,-0.465555,0.558387,2.75781,-0.416349,8247.04,-2.7626,-0.451266,0.0
39860.0,-0.5450045967365971,-0.416923,0.0,0.0,0.162222,-0.0574498,2.75619,-0.416923,8254.45,-2.80686,-0.493877,0.0
39870.0,-0.5065745967365971,-0.423651,0.0,0.0,3.84312,-0.672836,2.71776,-0.423651,8260.25,-2.78482,-0.46743,0.0
39880.0,-0.5275145967365971,-0.432736,0.0,0.0,-2.09428,-0.908423,2.7387,-0.432736,8268.72,-2.66781,-0.400539,0.0
39890.0,-0.5355245967365971,-0.448743,0.0,0.0,-0.800473,-1.60075,2.74671,-0.448743,8283.14,-2.6287,-0.423305,0.0
39900.0,-0.537194596736597,-0.468291,0.0,0.0,-0.167091,-1.95474,2.74838,-0.468291,8301.16,-2.77557,-0.580384,0.0
39910.0,-0.539914596736597,-0.485913,0.0,0.0,-0.272381,-1.76228,2.7511,-0.485913,8318.02,-2.7862,-0.600945,0.0
39920.0,-0.5748345967365971,-0.500495,0.0,0.0,-3.49183,-1.45812,2.78602,-0.500495,8331.11,-2.87137,-0.551225,0.0
39930.0,-0.5966845967365968,-0.518022,0.0,0.0,-2.18524,-1.75277,2.80787,-0.518022,8339.5,-2.80819,-0.480603,0.0
39940.0,-0.5999945967365967,-0.54182,0.0,0.0,-0.330748,-2.37977,2.81118,-0.54182,8343.57,-2.71835,-0.694344,0.0
39950.0,-0.6191345967365969,-0.569687,0.0,0.0,-1.91419,-2.7867,2.83032,-0.569687,8344.93,-2.83212,-0.50794,0.0
39960.0,-0.6254845967365967,-0.599142,0.0,0.0,-0.634822,-2.94553,2.83667,-0.599142,8344.98,-2.71645,-0.62356,0.0
39970.0,-0.7579345967365971,-0.624411,0.0,0.0,-13.2443,-2.52687,2.96912,-0.624411,8342.88,-3.1633,-0.633082,0.0
39980.0,-2.110254596736597,-0.607253,0.0,0.0,-135.233,1.71578,4.32144,-0.607253,8332.93,-7.55352,-0.624227,0.0
39990.0,-6.411744596736597,-0.46038,0.0,0.0,-430.149,14.6873,8.62293,-0.46038,8303.97,-11.7573,-0.0185479,0.0
40000.0,-10.729814596736597,-0.318653,0.0,0.0,-431.802,14.1727,12.941,-0.318653,8248.67,-14.2889,-0.239284,0.0
40010.0,-12.633614596736596,-0.364045,0.0,0.0,-190.385,-4.5392,14.8448,-0.364045,8179.3,-16.5795,-0.486802,0.0
40020.0,-13.795914596736598,-0.442736,0.0,0.0,-116.228,-7.86912,16.0071,-0.442736,8122.46,-17.4005,-0.662014,0.0
40030.0,-14.484614596736595,-0.501278,0.0,0.0,-68.8722,-5.85418,16.6958,-0.501278,8091.38,-16.6195,-0.39634,0.0
40040.0,-14.717714596736595,-0.55618,0.0,0.0,-23.3092,-5.49022,16.9289,-0.55618,8078.83,-17.0304,-0.436746,0.0
40050.0,-14.861414596736598,-0.59009,0.0,0.0,-14.3666,-3.39098,17.0726,-0.59009,8074.3,-17.1953,-0.663689,0.0
40060.0,-14.954114596736595,-0.600928,0.0,0.0,-9.27327,-1.08382,17.1653,-0.600928,8072.07,-17.3278,-0.68069,0.0
40070.0,-15.017214596736597,-0.593992,20.031,0.0,-6.31453,0.693625,-37.2595,-0.593992,8070.02,-17.2409,-0.525434,0.0
40080.0,-15.032214596736598,-0.582883,20.031,0.0,-1.49652,1.11086,-37.2744,-0.582883,8068.15,-17.2501,-0.651007,0.0
40090.0,-15.033014596736596,-0.573176,20.031,0.0,-0.0820179,0.970705,-37.2752,-0.573176,8066.81,-17.3158,-0.581293,0.0
40100.0,-15.032914596736596,-0.563651,20.031,0.0,0.0166179,0.952535,-37.2751,-0.563651,8066.28,-17.1888,-0.683431,0.0
40110.0,-15.034614596736596,-0.553153,20.031,0.0,-0.174643,1.04976,-37.2768,-0.553153,8066.58,-17.2513,-0.527836,0.0
40120.0,-15.035514596736597,-0.54604,20.031,0.0,-0.0941844,0.711335,-37.2778,-0.54604,8067.03,-17.2311,-0.463537,0.0
40130.0,-15.034814596736595,-0.544704,20.031,0.0,0.0784268,0.133559,-37.277,-0.544704,8066.87,-17.4234,-0.46741,0.0
40140.0,-15.033414596736595,-0.551732,20.031,0.0,0.136501,-0.702718,-37.2756,-0.551732,8065.99,-17.2582,-0.438521,0.0
40150.0,-15.032214596736598,-0.57644,20.031,0.0,0.116483,-2.47086,-37.2744,-0.57644,8064.91,-17.2346,-0.408059,0.0
40160.0,-15.033414596736595,-0.622206,20.031,0.0,-0.113529,-4.57653,-37.2756,-0.622206,8064.16,-17.2583,-0.701444,0.0
40170.0,-15.032014596736598,-0.670822,20.031,0.0,0.131819,-4.86164,-37.2743,-0.670822,8063.69,-17.1358,-0.744724,0.0
40180.0,-15.032814596736596,-0.700433,20.031,0.0,-0.0788628,-2.96107,-37.2751,-0.700433,8062.86,-17.1275,-0.719178,0.0
40190.0,-15.033914596736597,-0.712752,20.031,0.0,-0.102271,-1.23198,-37.2761,-0.712752,8061.15,-17.2476,-0.797564,0.0
40200.0,-15.024414596736598,-0.722162,20.031,0.0,0.942806,-0.940979,-37.2666,-0.722162,8058.82,-17.2513,-0.871258,0.0
40210.0,-15.024414596736598,-0.735893,20.031,0.0,0.00296965,-1.37312,-37.2666,-0.735893,8056.72,-17.4078,-0.697205,0.0
40220.0,-15.025114596736596,-0.760634,20.031,0.0,-0.0733618,-2.47404,-37.2673,-0.760634,8055.22,-17.1928,-0.796383,0.0
40230.0,-15.026814596736596,-0.805573,20.031,0.0,-0.166568,-4.49392,-37.269,-0.805573,8053.35,-17.1994,-0.600605,0.0
40240.0,-15.045514596736595,-0.895916,20.031,0.0,-1.87426,-9.03433,-37.2878,-0.895916,8046.25,-17.1906,-0.651679,0.0
40250.0,-15.532414596736597,-1.04813,20.031,0.0,-48.6877,-15.2214,-37.7746,-1.04813,8021.34,-18.8691,-0.84732,0.0
40260.0,-18.266414596736595,-1.08566,20.031,0.0,-273.397,-3.75314,-40.5086,-1.08566,7962.55,-22.8001,-1.32919,0.0
40270.0,-20.970114596736597,-1.07928,20.031,0.0,-270.369,0.638673,-43.2123,-1.07928,7874.48,-24.7261,-1.12223,0.0
40280.0,-21.686414596736597,-1.16874,20.031,0.0,-71.6367,-8.94661,-43.9287,-1.16874,7793.2,-24.6425,-1.37507,0.0
40290.0,-22.016414596736595,-1.20502,20.031,0.0,-32.9986,-3.62794,-44.2586,-1.20502,7747.89,-24.092,-1.19988,0.0
40300.0,-22.271014596736595,-1.22902,20.031,0.0,-25.4518,-2.39976,-44.5132,-1.22902,7732.9,-24.6014,-1.17353,0.0
40310.0,-22.395114596736597,-1.27254,20.031,0.0,-12.4152,-4.35202,-44.6373,-1.27254,7730.0,-24.6133,-1.42938,0.0
40320.0,-22.431614596736598,-1.31468,20.031,0.0,-3.64491,-4.21399,-44.6738,-1.31468,7729.9,-24.6719,-1.36834,0.0
40330.0,-22.475814596736598,-1.3362,20.031,0.0,-4.42401,-2.15213,-44.718,-1.3362,7731.13,-24.7338,-1.31706,0.0
40340.0,-22.513714596736598,-1.34829,20.031,0.0,-3.78998,-1.20933,-44.7559,-1.34829,7735.01,-24.761,-1.46317,0.0
40350.0,-22.546314596736597,-1.35737,20.031,0.0,-3.25777,-0.907462,-44.7885,-1.35737,7742.13,-24.7894,-1.4915,0.0
40360.0,-22.560414596736596,-1.36684,20.031,0.0,-1.41401,-0.9473,-44.8026,-1.36684,7751.36,-24.8113,-1.3701,0.0
40370.0,-22.564614596736597,-1.37872,20.031,0.0,-0.416928,-1.18774,-44.8068,-1.37872,7761.99,-24.769,-1.30485,0.0
40380.0,-22.564714596736597,-1.39256,20.031,0.0,-0.0101288,-1.38427,-44.8069,-1.39256,7773.49,-24.8457,-1.34772,0.0
40390.0,-22.562214596736595,-1.40443,20.031,0.0,0.248852,-1.18682,-44.8044,-1.40443,7785.1,-24.7383,-1.47649,0.0
40400.0,-22.562614596736598,-1.41358,20.031,0.0,-0.0433739,-0.915515,-44.8048,-1.41358,7797.66,-24.7855,-1.55584,0.0
40410.0,-22.574214596736596,-1.41991,20.031,0.0,-1.15953,-0.632843,-44.8164,-1.41991,7811.77,-24.7027,-1.54699,0.0
40420.0,-22.574414596736595,-1.42311,20.031,0.0,-0.0204116,-0.31952,-44.8166,-1.42311,7824.48,-24.7948,-1.47119,0.0
40430.0,-22.567214596736598,-1.41948,20.031,0.0,0.722537,0.363012,-44.8094,-1.41948,7833.22,-24.9184,-1.36539,0.0
40440.0,-22.565614596736598,-1.40846,20.031,0.0,0.161442,1.10211,-44.8078,-1.40846,7840.15,-24.8496,-1.37752,0.0
40450.0,-22.535314596736598,-1.40037,20.031,0.0,3.02494,0.808299,-44.7775,-1.40037,7849.11,-24.6996,-1.46725,0.0
40460.0,-22.495914596736597,-1.39667,20.031,0.0,3.94338,0.370517,-44.7381,-1.39667,7860.5,-24.6219,-1.49212,0.0
40470.0,-22.493914596736598,-1.3867,20.031,0.0,0.200261,0.997167,-44.7361,-1.3867,7870.63,-24.6956,-1.33621,0.0
40480.0,-22.487314596736596,-1.36532,20.031,0.0,0.655741,2.13798,-44.7296,-1.36532,7877.07,-24.7273,-1.39869,0.0
40490.0,-22.484414596736595,-1.32134,20.031,0.0,0.299194,4.39804,-44.7266,-1.32134,7881.74,-24.7308,-1.33241,0.0
40500.0,-22.442714596736597,-1.26472,20.031,0.0,4.16643,5.66173,-44.6849,-1.26472,7887.26,-24.6104,-1.0239,0.0
40510.0,-22.391614596736595,-1.21578,20.031,0.0,5.11208,4.89372,-44.6338,-1.21578,7893.73,-24.5441,-1.15543,0.0
40520.0,-22.370514596736598,-1.18794,20.031,0.0,2.11028,2.78468,-44.6127,-1.18794,7900.51,-24.6865,-1.16496,0.0
40530.0,-22.353514596736595,-1.17986,20.031,0.0,1.69201,0.807843,-44.5958,-1.17986,7909.11,-24.5718,-1.20696,0.0
40540.0,-22.342214596736596,-1.17931,20.031,0.0,1.13663,0.0546336,-44.5844,-1.17931,7921.84,-24.5574,-1.17659,0.0
40550.0,-22.341314596736595,-1.18015,20.031,0.0,0.0829116,-0.0841978,-44.5836,-1.18015,7938.18,-24.5394,-1.18974,0.0
40560.0,-22.333114596736596,-1.18387,20.031,0.0,0.826975,-0.372078,-44.5753,-1.18387,7954.6,-24.4809,-0.950589,0.0
40570.0,-22.332714596736597,-1.18836,20.031,0.0,0.0341346,-0.448826,-44.5749,-1.18836,7968.11,-24.539,-1.09665,0.0
40580.0,-22.333514596736595,-1.19394,20.031,0.0,-0.0795272,-0.558208,-44.5757,-1.19394,7979.11,-24.4787,-1.39319,0.0
40590.0,-22.353214596736596,-1.19817,20.031,0.0,-1.96254,-0.422962,-44.5954,-1.19817,7990.13,-24.698,-1.26068,0.0
40600.0,-22.403614596736595,-1.19962,20.031,0.0,-5.04664,-0.144405,-44.6458,-1.19962,8001.99,-24.6335,-1.22117,0.0
40610.0,-22.422314596736598,-1.20461,20.031,0.0,-1.86439,-0.498929,-44.6645,-1.20461,8013.13,-24.6587,-1.2019,0.0
40620.0,-22.424014596736598,-1.20933,20.031,0.0,-0.172479,-0.471964,-44.6662,-1.20933,8022.34,-24.6829,-1.21502,0.0
40630.0,-22.447014596736597,-1.20947,20.031,0.0,-2.30118,-0.0139389,-44.6892,-1.20947,8029.59,-24.622,-1.13054,0.0
40640.0,-22.465314596736597,-1.20991,20.031,0.0,-1.83338,-0.0447643,-44.7076,-1.20991,8035.56,-24.6027,-1.36267,0.0
40650.0,-22.475014596736596,-1.21352,20.031,0.0,-0.967739,-0.360755,-44.7172,-1.21352,8041.77,-24.7054,-1.37084,0.0
40660.0,-22.459614596736596,-1.22687,20.031,0.0,1.54095,-1.33463,-44.7018,-1.22687,8049.88,-24.6782,-1.09681,0.0
40670.0,-22.459014596736598,-1.24609,20.031,0.0,0.0609693,-1.92239,-44.7012,-1.24609,8060.09,-24.7176,-1.23094,0.0
40680.0,-22.458014596736597,-1.26739,20.031,0.0,0.101631,-2.13034,-44.7002,-1.26739,8070.61,-24.5603,-1.20614,0.0
40690.0,-22.432214596736596,-1.2864,20.031,0.0,2.5756,-1.90048,-44.6744,-1.2864,8079.76,-24.6178,-1.19848,0.0
40700.0,-22.419514596736597,-1.29674,20.031,0.0,1.27455,-1.0339,-44.6617,-1.29674,8087.73,-24.5938,-1.32368,0.0
40710.0,-22.404514596736597,-1.30569,20.031,0.0,1.49408,-0.895184,-44.6468,-1.30569,8095.71,-24.656,-1.36814,0.0
40720.0,-22.398214596736597,-1.31586,20.031,0.0,0.634658,-1.01665,-44.6404,-1.31586,8104.75,-24.7619,-1.33383,0.0
40730.0,-22.400914596736598,-1.32674,20.031,0.0,-0.275577,-1.08866,-44.6432,-1.32674,8114.56,-24.5585,-1.32326,0.0
40740.0,-22.406714596736595,-1.33821,20.031,0.0,-0.579993,-1.14646,-44.649,-1.33821,8123.54,-24.5127,-1.4694,0.0
40750.0,-22.401214596736597,-1.35066,20.031,0.0,0.557018,-1.24497,-44.6434,-1.35066,8131.41,-24.6651,-1.25433,0.0
40760.0,-22.402114596736595,-1.35783,20.031,0.0,-0.09453,-0.717133,-44.6443,-1.35783,8139.99,-24.7075,-1.54867,0.0
40770.0,-22.429914596736598,-1.35589,20.031,0.0,-2.77384,0.194236,-44.6721,-1.35589,8150.03,-24.5357,-1.34218,0.0
40780.0,-22.456214596736597,-1.35213,20.031,0.0,-2.63469,0.375764,-44.6984,-1.35213,8159.32,-24.6736,-1.44742,0.0
40790.0,-22.456714596736596,-1.35157,20.031,0.0,-0.0458442,0.0554836,-44.6989,-1.35157,8165.58,-24.7345,-1.39679,0.0
40800.0,-22.442014596736595,-1.35177,20.031,0.0,1.47003,-0.0194906,-44.6842,-1.35177,8169.29,-24.6671,-1.37458,0.0
40810.0,-22.440614596736598,-1.34913,20.031,0.0,0.133535,0.263633,-44.6828,-1.34913,8172.67,-24.5991,-1.33979,0.0
40820.0,-22.425214596736595,-1.34868,20.031,0.0,1.54241,0.045267,-44.6674,-1.34868,8177.49,-24.6092,-1.35665,0.0
40830.0,-22.424514596736596,-1.34566,20.031,0.0,0.0691468,0.302325,-44.6667,-1.34566,8184.65,-24.517,-1.20536,0.0
40840.0,-22.423814596736598,-1.33859,20.031,0.0,0.071702,0.707135,-44.666,-1.33859,8194.32,-24.6574,-1.30397,0.0
40850.0,-22.407314596736597,-1.3256,20.031,0.0,1.64685,1.29864,-44.6495,-1.3256,8205.71,-24.7563,-1.40365,0.0
40860.0,-22.387814596736597,-1.30355,20.031,0.0,1.94859,2.2048,-44.6301,-1.30355,8217.04,-24.6456,-1.36253,0.0
40870.0,-22.384414596736598,-1.2751,20.031,0.0,0.341567,2.84538,-44.6266,-1.2751,8226.71,-24.4947,-1.20504,0.0
40880.0,-22.328414596736597,-1.26028,20.031,0.0,5.60628,1.48131,-44.5706,-1.26028,8234.73,-24.5985,-1.20995,0.0
40890.0,-22.325814596736596,-1.2485,20.031,0.0,0.252064,1.17792,-44.5681,-1.2485,8242.1,-24.5275,-1.30542,0.0
40900.0,-22.327914596736598,-1.23937,20.031,0.0,-0.201648,0.913435,-44.5701,-1.23937,8249.38,-24.4392,-1.15482,0.0
40910.0,-22.377814596736595,-1.22369,20.031,0.0,-4.98939,1.56768,-44.62,-1.22369,8256.47,-24.6135,-1.30377,0.0
40920.0,-22.449114596736596,-1.205,20.031,0.0,-7.13465,1.86893,-44.6913,-1.205,8262.35,-24.7158,-1.21202,0.0
40930.0,-22.452814596736598,-1.19045,20.031,0.0,-0.371123,1.45566,-44.695,-1.19045,8266.64,-24.7117,-1.24201,0.0
40940.0,-22.470714596736595,-1.16582,20.031,0.0,-1.78762,2.46303,-44.7129,-1.16582,8270.29,-24.7564,-1.10318,0.0
40950.0,-22.499614596736595,-1.13927,20.031,0.0,-2.88676,2.65517,-44.7418,-1.13927,8273.64,-24.5804,-1.12579,0.0
40960.0,-22.468614596736597,-1.12976,20.031,0.0,3.09863,0.950712,-44.7108,-1.12976,8276.31,-24.649,-1.13816,0.0
40970.0,-22.404314596736597,-1.13276,20.031,0.0,6.4233,-0.300412,-44.6465,-1.13276,8278.22,-24.7196,-0.991962,0.0
40980.0,-22.357914596736595,-1.13584,20.031,0.0,4.64725,-0.30731,-44.6001,-1.13584,8279.84,-24.5568,-1.1322,0.0
40990.0,-22.323314596736598,-1.13708,20.031,0.0,3.45354,-0.124557,-44.5655,-1.13708,8282.33,-24.4577,-1.17016,0.0
41000.0,-22.321914596736598,-1.13247,20.031,0.0,0.146053,0.461265,-44.5641,-1.13247,8286.51,-24.5608,-1.09468,0.0
41010.0,-22.322014596736597,-1.12519,20.031,0.0,-0.0165116,0.727577,-44.5642,-1.12519,8291.4,-24.4072,-1.21475,0.0
41020.0,-22.327914596736598,-1.11628,20.031,0.0,-0.591279,0.891497,-44.5702,-1.11628,8295.34,-24.5839,-1.13188,0.0
41030.0,-22.358514596736597,-1.10546,20.031,0.0,-3.0515,1.08142,-44.6007,-1.10546,8297.71,-24.5666,-1.07845,0.0
41040.0,-22.359814596736598,-1.09957,20.031,0.0,-0.130359,0.589151,-44.602,-1.09957,8298.98,-24.5109,-1.10693,0.0
41050.0,-22.359414596736595,-1.09345,20.031,0.0,0.0349999,0.612402,-44.6016,-1.09345,8300.02,-24.7006,-1.07976,0.0
41060.0,-22.351814596736595,-1.0862,20.031,0.0,0.757635,0.724696,-44.5941,-1.0862,8301.68,-24.567,-1.0873,0.0
41070.0,-22.344814596736597,-1.07657,20.031,0.0,0.705167,0.963409,-44.587,-1.07657,8304.43,-24.5514,-1.01768,0.0
41080.0,-22.341114596736595,-1.06686,20.031,0.0,0.368617,0.971209,-44.5833,-1.06686,8308.27,-24.552,-1.00916,0.0
41090.0,-22.340914596736596,-1.05996,20.031,0.0,0.0183415,0.689925,-44.5831,-1.05996,8312.7,-24.636,-1.0261,0.0
41100.0,-22.342114596736597,-1.05621,20.031,0.0,-0.114314,0.375034,-44.5843,-1.05621,8316.8,-24.5502,-0.988307,0.0
41110.0,-22.369314596736597,-1.05007,20.031,0.0,-2.72123,0.613156,-44.6115,-1.05007,8320.17,-24.7103,-1.1454,0.0
41120.0,-22.388314596736596,-1.04501,20.031,0.0,-1.89799,0.506655,-44.6305,-1.04501,8323.19,-24.6282,-1.12737,0.0
41130.0,-22.389014596736597,-1.04319,20.031,0.0,-0.0774598,0.1821,-44.6312,-1.04319,8326.16,-24.5841,-1.04473,0.0
41140.0,-22.388714596736598,-1.04267,20.031,0.0,0.0331505,0.0512485,-44.6309,-1.04267,8328.97,-24.5912,-1.06909,0.0
41150.0,-22.380714596736595,-1.04394,20.031,0.0,0.79707,-0.126256,-44.6229,-1.04394,8331.48,-24.5467,-1.04924,0.0
41160.0,-22.368714596736595,-1.04652,20.031,0.0,1.20012,-0.258534,-44.6109,-1.04652,8333.65,-24.4452,-1.04487,0.0
41170.0,-22.355714596736597,-1.05003,20.031,0.0,1.30328,-0.350353,-44.5979,-1.05003,8335.58,-24.5932,-1.05617,0.0
41180.0,-22.345114596736597,-1.05319,20.031,0.0,1.05573,-0.316191,-44.5873,-1.05319,8337.31,-24.5372,-1.23541,0.0
41190.0,-22.348414596736596,-1.05374,20.031,0.0,-0.322138,-0.0550795,-44.5906,-1.05374,8338.46,-24.515,-1.03938,0.0
41200.0,-22.348514596736596,-1.05402,20.031,0.0,-0.0162522,-0.0277488,-44.5907,-1.05402,8338.92,-24.612,-0.946314,0.0
41210.0,-22.348914596736595,-1.05406,20.031,0.0,-0.0353953,-0.00409672,-44.5911,-1.05406,8339.02,-24.555,-1.11091,0.0
41220.0,-22.356714596736598,-1.05319,20.031,0.0,-0.784237,0.087023,-44.5989,-1.05319,8339.03,-24.492,-1.07478,0.0
41230.0,-22.352614596736597,-1.05405,20.031,0.0,0.407531,-0.0864694,-44.5949,-1.05405,8339.01,-24.5911,-1.04896,0.0
41240.0,-22.356714596736598,-1.05343,20.031,0.0,-0.409747,0.0624124,-44.5989,-1.05343,8338.94,-24.5896,-1.03603,0.0
41250.0,-22.356314596736595,-1.0523,20.031,0.0,0.0443634,0.113105,-44.5985,-1.0523,8338.74,-24.5414,-1.10288,0.0
41260.0,-22.340914596736596,-1.05193,20.031,0.0,1.53488,0.0366521,-44.5832,-1.05193,8338.49,-24.5866,-0.990965,0.0
41270.0,-22.315314596736595,-1.05226,20.031,0.0,2.56881,-0.0333607,-44.5575,-1.05226,8338.34,-24.4704,-1.12542,0.0
41280.0,-22.302814596736596,-1.05107,20.031,0.0,1.24944,0.119166,-44.545,-1.05107,8338.33,-24.511,-1.13314,0.0
41290.0,-22.302214596736597,-1.04797,20.031,0.0,0.0518141,0.30972,-44.5445,-1.04797,8338.47,-24.4092,-0.957699,0.0
41300.0,-22.302614596736596,-1.0417,20.031,0.0,-0.0348126,0.62778,-44.5448,-1.0417,8338.67,-24.5217,-0.991144,0.0
41310.0,-22.311214596736598,-1.03071,20.031,0.0,-0.863723,1.09819,-44.5534,-1.03071,8338.79,-24.5666,-0.951884,0.0
41320.0,-22.311614596736597,-1.0197,20.031,0.0,-0.0322449,1.10191,-44.5538,-1.0197,8338.83,-24.5412,-1.00637,0.0
41330.0,-22.311414596736597,-1.01011,20.031,0.0,0.0104552,0.958207,-44.5537,-1.01011,8338.97,-24.5177,-1.08354,0.0
41340.0,-22.309914596736597,-1.00467,20.031,0.0,0.156997,0.544549,-44.5521,-1.00467,8339.52,-24.514,-1.09996,0.0
41350.0,-22.302014596736598,-1.00413,20.031,0.0,0.787544,0.0538726,-44.5442,-1.00413,8340.6,-24.4575,-0.872474,0.0
41360.0,-22.301314596736596,-1.00472,20.031,0.0,0.0701508,-0.0594803,-44.5435,-1.00472,8341.99,-24.4774,-0.958081,0.0
41370.0,-22.292014596736596,-1.00747,20.031,0.0,0.929598,-0.274685,-44.5342,-1.00747,8343.41,-24.5466,-0.960179,0.0
41380.0,-22.266414596736595,-1.01289,20.031,0.0,2.56032,-0.541513,-44.5086,-1.01289,8344.84,-24.5492,-1.00297,0.0
41390.0,-22.255214596736597,-1.01672,20.031,0.0,1.11861,-0.383563,-44.4974,-1.01672,8346.72,-24.4238,-0.890061,0.0
41400.0,-22.253614596736597,-1.02133,20.031,0.0,0.161469,-0.460565,-44.4958,-1.02133,8349.31,-24.4371,-1.15182,0.0
41410.0,-22.253614596736597,-1.02957,20.031,0.0,0.000657592,-0.824065,-44.4958,-1.02957,8351.83,-24.3801,-1.03378,0.0
41420.0,-22.254814596736598,-1.03905,20.031,0.0,-0.122858,-0.948297,-44.497,-1.03905,8353.39,-24.5497,-1.03056,0.0
41430.0,-22.281614596736596,-1.04266,20.031,0.0,-2.67697,-0.360526,-44.5238,-1.04266,8354.1,-24.5597,-1.15616,0.0
41440.0,-22.282814596736596,-1.04798,20.031,0.0,-0.120406,-0.531981,-44.525,-1.04798,8354.35,-24.5047,-1.11525,0.0
41450.0,-22.283014596736596,-1.05324,20.031,0.0,-0.0253324,-0.52657,-44.5253,-1.05324,8354.19,-24.4854,-1.07986,0.0
41460.0,-22.288214596736598,-1.05562,20.031,0.0,-0.512127,-0.238029,-44.5304,-1.05562,8353.27,-24.3868,-1.17018,0.0
41470.0,-22.288814596736596,-1.05405,20.031,0.0,-0.0608631,0.157204,-44.531,-1.05405,8351.27,-24.4624,-1.01447,0.0
41480.0,-22.298514596736595,-1.04487,20.031,0.0,-0.975437,0.918383,-44.5407,-1.04487,8348.72,-24.5835,-0.92056,0.0
41490.0,-22.318914596736597,-1.02844,20.031,0.0,-2.03397,1.64213,-44.5611,-1.02844,8346.69,-24.5239,-1.06352,0.0
41500.0,-22.327214596736596,-1.01395,20.031,0.0,-0.828525,1.44988,-44.5694,-1.01395,8345.48,-24.6416,-0.900152,0.0
41510.0,-22.327214596736596,-1.00647,20.031,0.0,-0.00579558,0.747291,-44.5694,-1.00647,8344.79,-24.5515,-1.04719,0.0
41520.0,-22.322214596736597,-1.00484,20.031,0.0,0.504184,0.163378,-44.5644,-1.00484,8344.28,-24.4247,-1.11178,0.0
41530.0,-22.327214596736596,-1.00386,20.031,0.0,-0.502777,0.0981956,-44.5694,-1.00386,8343.64,-24.5284,-1.00433,0.0
41540.0,-22.327814596736598,-1.00386,20.031,0.0,-0.0641307,-0.000583757,-44.5701,-1.00386,8343.06,-24.3957,-1.02281,0.0
41550.0,-22.336914596736598,-1.00277,20.031,0.0,-0.909365,0.109611,-44.5791,-1.00277,8342.66,-24.6017,-0.951447,0.0
41560.0,-22.331814596736596,-1.00359,0.0,0.0,0.509773,-0.0818359,24.543,-1.00359,8341.72,-24.5865,-0.905609,0.0
41570.0,-22.326014596736595,-1.00491,0.0,0.0,0.588678,-0.132531,24.5372,-1.00491,8338.85,-24.6512,-1.09854,0.0
41580.0,-22.326314596736598,-1.00679,0.0,0.0,-0.0308017,-0.188343,24.5375,-1.00679,8333.01,-24.4666,-1.27425,0.0
41590.0,-22.338714596736597,-1.01004,0.0,0.0,-1.24582,-0.32453,24.5499,-1.01004,8325.16,-24.4861,-1.01134,0.0
41600.0,-22.339314596736596,-1.01996,0.0,0.0,-0.0599517,-0.992447,24.5505,-1.01996,8317.65,-24.5462,-1.02025,0.0
41610.0,-22.341614596736598,-1.0373,0.0,0.0,-0.226761,-1.73376,24.5528,-1.0373,8311.81,-24.6245,-1.23172,0.0
41620.0,-22.391814596736598,-1.05435,0.0,0.0,-5.01697,-1.70439,24.603,-1.05435,8307.96,-24.6363,-1.0209,0.0
41630.0,-22.407614596736597,-1.07308,0.0,0.0,-1.58827,-1.87391,24.6188,-1.07308,8306.07,-24.6243,-1.11759,0.0
41640.0,-22.408314596736595,-1.08367,0.0,0.0,-0.0651423,-1.05854,24.6195,-1.08367,8305.31,-24.6421,-1.21627,0.0
41650.0,-22.407314596736597,-1.08534,0.0,0.0,0.097786,-0.167141,24.6185,-1.08534,8304.69,-24.6158,-1.28944,0.0
41660.0,-22.376914596736597,-1.08429,0.0,0.0,3.04306,0.104849,24.5881,-1.08429,8304.1,-24.5357,-1.06851,0.0
41670.0,-22.179614596736595,-1.0985,0.0,0.0,19.7329,-1.42073,24.3908,-1.0985,8304.12,-24.2193,-1.20623,0.0
41680.0,-21.829514596736598,-1.12224,0.0,0.0,35.0071,-2.37368,24.0407,-1.12224,8304.81,-23.7621,-0.929786,0.0
41690.0,-21.624214596736596,-1.11421,0.0,0.0,20.5244,0.802227,23.8354,-1.11421,8305.57,-23.8205,-1.13977,0.0
41700.0,-21.608314596736598,-1.07718,0.0,0.0,1.59084,3.70372,23.8195,-1.07718,8305.91,-23.8771,-1.03161,0.0
41710.0,-21.588214596736595,-1.04639,0.0,0.0,2.0112,3.07904,23.7994,-1.04639,8306.4,-23.7905,-1.03894,0.0
41720.0,-21.586814596736595,-1.01714,0.0,0.0,0.138196,2.92437,23.798,-1.01714,8308.13,-23.9275,-0.864415,0.0
41730.0,-21.578714596736596,-0.982697,0.0,0.0,0.81736,3.4446,23.7899,-0.982697,8311.14,-23.7909,-0.909659,0.0
41740.0,-21.537514596736596,-0.93545,0.0,0.0,4.12032,4.72473,23.7487,-0.93545,8316.19,-23.7332,-1.0223,0.0
41750.0,-21.146114596736595,-0.89059,0.0,0.0,39.1329,4.48596,23.3573,-0.89059,8328.57,-22.4826,-1.05106,0.0
41760.0,-19.049314596736597,-0.957532,0.0,0.0,209.686,-6.69422,21.2605,-0.957532,8359.32,-16.8257,-1.4122,0.0
41770.0,-12.484214596736596,-1.29663,0.0,0.0,656.503,-33.9096,14.6954,-1.29663,8420.62,-9.13644,-1.04819,0.0
41780.0,-7.137534596736597,-1.32924,0.0,0.0,534.673,-3.26087,9.34872,-1.32924,8516.03,-9.13644,-1.04819,2.0
41790.0,-6.151554596736597,-1.07646,0.0,0.0,98.5974,25.2775,8.36274,-1.07646,8627.34,-6.06853,-0.0984253,0.0
41800.0,-4.686014596736596,-0.949846,0.0,0.0,146.555,12.6617,6.8972,-0.949846,8716.65,-6.11029,-0.975009,0.0
41810.0,-3.6394445967365967,-0.893732,0.0,0.0,104.657,5.6114,5.85063,-0.893732,8762.23,-4.88839,-1.00373,0.0
41820.0,-3.070104596736597,-0.871825,0.0,0.0,56.9339,2.19066,5.28129,-0.871825,8776.55,-4.9855,-0.804851,0.0
41830.0,-2.8064645967365967,-0.865036,0.0,0.0,26.364,0.678914,5.01765,-0.865036,8779.63,-4.94869,-0.780879,0.0
41840.0,-2.795664596736597,-0.861627,0.0,0.0,1.08022,0.340891,5.00685,-0.861627,8780.2,-4.97151,-0.715938,0.0
41850.0,-2.7963845967365972,-0.862424,0.0,0.0,-0.0721611,-0.0796649,5.00757,-0.862424,8780.28,-5.07055,-0.903748,0.0
41860.0,-2.8115345967365966,-0.860864,0.0,0.0,-1.51497,0.155975,5.02272,-0.860864,8780.29,-5.07382,-0.774642,0.0
41870.0,-2.812294596736597,-0.8623,0.0,0.0,-0.0764412,-0.143644,5.02348,-0.8623,8780.06,-5.02903,-0.869348,0.0
41880.0,-2.812714596736597,-0.867448,0.0,0.0,-0.0420044,-0.51473,5.0239,-0.867448,8779.11,-5.00152,-1.11075,0.0
41890.0,-2.814714596736597,-0.869337,0.0,0.0,-0.199147,-0.188904,5.0259,-0.869337,8777.03,-5.01885,-0.900012,0.0
41900.0,-2.814734596736597,-0.862335,0.0,0.0,-0.00235803,0.700131,5.02592,-0.862335,8773.76,-4.9892,-0.812942,0.0
41910.0,-2.822454596736597,-0.846477,0.0,0.0,-0.772415,1.58581,5.03364,-0.846477,8769.69,-5.06982,-0.933929,0.0
41920.0,-2.812904596736597,-0.824922,0.0,0.0,0.955618,2.15549,5.02409,-0.824922,8764.7,-5.08326,-0.877336,0.0
41930.0,-2.804814596736597,-0.795429,0.0,0.0,0.808519,2.94937,5.016,-0.795429,8758.15,-5.03946,-0.725709,0.0
41940.0,-2.792214596736597,-0.75533,0.0,0.0,1.26014,4.00983,5.0034,-0.75533,8750.71,-4.98668,-0.987661,0.0
41950.0,-2.6939445967365967,-0.697815,0.0,0.0,9.82726,5.75152,4.90513,-0.697815,8743.67,-4.78569,-0.756308,0.0
41960.0,-2.214224596736597,-0.628955,0.0,0.0,47.9721,6.886,4.42541,-0.628955,8735.86,-3.2216,-0.585988,0.0
41970.0,-1.465764596736597,-0.560458,0.0,0.0,74.8457,6.8497,3.67695,-0.560458,8724.25,-2.43453,-0.124533,0.0
41980.0,-1.021264596736597,-0.495067,0.0,0.0,44.4496,6.53908,3.23245,-0.495067,8709.04,-3.42801,-0.432854,0.0
41990.0,-0.8579245967365967,-0.444575,0.0,0.0,16.3339,5.04925,3.06911,-0.444575,8695.17,-3.01355,-0.397603,0.0
42000.0,-0.7879645967365971,-0.407997,0.0,0.0,6.99693,3.65777,2.99915,-0.407997,8686.03,-2.98361,-0.426356,0.0
42010.0,-0.7418345967365969,-0.378456,0.0,0.0,4.61233,2.95415,2.95302,-0.378456,8678.42,-2.81388,-0.35643,0.0
42020.0,-0.7101045967365969,-0.356432,0.0,0.0,3.1728,2.20234,2.92129,-0.356432,8666.91,-2.85333,-0.338526,0.0
42030.0,-0.7079045967365971,-0.343165,0.0,0.0,0.220096,1.32676,2.91909,-0.343165,8650.53,-2.92178,-0.336005,0.0
42040.0,-0.709234596736597,-0.335084,0.0,0.0,-0.132213,0.80807,2.92042,-0.335084,8633.62,-3.15242,-0.172273,0.0
42050.0,-0.753444596736597,-0.322147,0.0,0.0,-4.4211,1.29371,2.96463,-0.322147,8620.89,-2.8893,-0.0630926,0.0
42060.0,-0.7962245967365971,-0.30131,0.0,0.0,-4.2787,2.08366,3.00741,-0.30131,8611.92,-3.09738,-0.336067,0.0
42070.0,-0.813844596736597,-0.27621,0.0,0.0,-1.76161,2.50999,3.02503,-0.27621,8601.07,-3.04015,-0.213572,0.0
42080.0,-0.820884596736597,-0.2524,0.0,0.0,-0.703816,2.38101,3.03207,-0.2524,8583.71,-3.00754,-0.268973,0.0
42090.0,-0.8192345967365968,-0.234329,0.0,0.0,0.164627,1.80715,3.03042,-0.234329,8561.6,-3.04071,-0.246905,0.0
42100.0,-0.8020045967365967,-0.224134,0.0,0.0,1.72292,1.01948,3.01319,-0.224134,8541.0,-3.04657,-0.277542,0.0
42110.0,-0.7880345967365971,-0.219344,0.0,0.0,1.39677,0.478976,2.99922,-0.219344,8524.84,-2.91088,-0.209954,0.0
42120.0,-0.763604596736597,-0.217268,0.0,0.0,2.443,0.207649,2.97479,-0.217268,8509.87,-2.95179,-0.21257,0.0
42130.0,-0.7610045967365968,-0.213442,0.0,0.0,0.260308,0.382533,2.97219,-0.213442,8492.54,-3.04312,-0.0317541,0.0
42140.0,-0.7313745967365968,-0.207901,0.0,0.0,2.9629,0.554176,2.94256,-0.207901,8472.57,-2.80949,-0.130939,0.0
42150.0,-0.7300845967365968,-0.196755,0.0,0.0,0.129173,1.11454,2.94127,-0.196755,8450.26,-3.03721,-0.236269,0.0
42160.0,-0.7481345967365969,-0.179538,0.0,0.0,-1.80536,1.72167,2.95932,-0.179538,8425.34,-2.85284,-0.154088,0.0
42170.0,-0.7749545967365967,-0.159727,0.0,0.0,-2.68134,1.98118,2.98614,-0.159727,8396.76,-2.9704,-0.312291,0.0
42180.0,-0.7750345967365968,-0.14405,0.0,0.0,-0.00788718,1.56766,2.98622,-0.14405,8364.06,-3.08743,-0.177617,0.0
42190.0,-0.7741045967365969,-0.131125,0.0,0.0,0.0929214,1.29249,2.98529,-0.131125,8332.38,-3.02097,-0.239441,0.0
42200.0,-0.7710945967365967,-0.11362,0.0,0.0,0.300541,1.75056,2.98228,-0.11362,8308.02,-2.85887,0.0220973,0.0
42210.0,-0.727474596736597,-0.0899037,0.0,0.0,4.36197,2.37158,2.93866,-0.0899037,8288.71,-2.9979,-0.0583201,0.0
42220.0,-0.6745845967365969,-0.0663418,0.0,0.0,5.28904,2.35619,2.88577,-0.0663418,8267.36,-2.59155,-0.00129396,0.0
42230.0,-0.6644645967365967,-0.0494929,0.0,0.0,1.01202,1.68489,2.87565,-0.0494929,8243.08,-2.87103,-0.095338,0.0
42240.0,-0.6725145967365971,-0.0412678,0.0,0.0,-0.804466,0.822507,2.8837,-0.0412678,8222.01,-2.92384,-0.129368,0.0
42250.0,-0.6633845967365968,-0.0388388,0.0,0.0,0.912936,0.242906,2.87457,-0.0388388,8206.55,-2.87902,-0.0728791,0.0
42260.0,-0.6623245967365969,-0.0371702,0.0,0.0,0.105916,0.166855,2.87351,-0.0371702,8190.73,-2.95373,-0.0106246,0.0
42270.0,-0.6498145967365971,-0.0360147,0.0,0.0,1.25057,0.115553,2.861,-0.0360147,8169.34,-2.81439,-0.00246411,0.0
42280.0,-0.639494596736597,-0.0344708,0.0,0.0,1.0321,0.15439,2.85068,-0.0344708,8143.6,-2.81117,-0.0148966,0.0
42290.0,-0.6387245967365969,-0.0308078,0.0,0.0,0.0769125,0.366302,2.84991,-0.0308078,8114.65,-2.8894,-0.115164,0.0
42300.0,-0.636444596736597,-0.0248263,0.0,0.0,0.227758,0.598146,2.84763,-0.0248263,8082.1,-2.83937,-0.0692081,0.0
42310.0,-0.6339745967365968,-0.0156384,0.0,0.0,0.247832,0.918789,2.84516,-0.0156384,8050.67,-2.86896,-0.104762,0.0
42320.0,-0.6220445967365968,-0.000922415,0.0,0.0,1.1922,1.4716,2.83323,-0.000922415,8027.16,-2.82386,-0.0384312,0.0
42330.0,-0.6168945967365969,0.0227797,0.0,0.0,0.515661,2.37021,2.82808,0.0227797,8012.2,-2.92537,0.0397615,0.0
42340.0,-0.5795945967365967,0.0508309,0.0,0.0,3.72991,2.80512,2.79078,0.0508309,8001.87,-2.74594,0.220495,0.0
42350.0,-0.5485645967365969,0.0791284,0.0,0.0,3.10295,2.82976,2.75975,0.0791284,7991.29,-2.65591,0.147152,0.0
42360.0,-0.537744596736597,0.105929,0.0,0.0,1.08201,2.68007,2.74893,0.105929,7975.2,-2.76573,0.219381,0.0
42370.0,-0.521464596736597,0.126222,0.0,0.0,1.62819,2.02929,2.73265,0.126222,7951.3,-2.75981,0.174788,0.0
42380.0,-0.5113445967365968,0.137997,0.0,0.0,1.01165,1.17754,2.72253,0.137997,7923.97,-2.72115,0.139135,0.0
42390.0,-0.5103945967365968,0.145316,0.0,0.0,0.095455,0.731908,2.72158,0.145316,7900.21,-2.67834,0.0472121,0.0
42400.0,-0.5089645967365968,0.151873,0.0,0.0,0.143062,0.655634,2.72015,0.151873,7881.08,-2.79521,0.135452,0.0
42410.0,-0.5082345967365969,0.158692,0.0,0.0,0.0722708,0.681947,2.71942,0.158692,7862.42,-2.71628,0.256176,0.0
42420.0,-0.5058445967365968,0.16692,0.0,0.0,0.239547,0.822768,2.71703,0.16692,7842.01,-2.71782,0.128159,0.0
42430.0,-0.5049845967365969,0.177658,0.0,0.0,0.086152,1.07378,2.71617,0.177658,7820.48,-2.73675,0.233402,0.0
42440.0,-0.5018645967365969,0.187241,0.0,0.0,0.311073,0.958286,2.71305,0.187241,7799.52,-2.59533,0.222879,0.0
42450.0,-0.44593459673659686,0.189003,0.0,0.0,5.59315,0.176271,2.65712,0.189003,7780.69,-2.59061,0.180794,0.0
42460.0,-0.42325459673659704,0.186633,0.0,0.0,2.26877,-0.237009,2.63444,0.186633,7763.15,-2.86629,0.0524251,0.0
42470.0,-0.42461459673659707,0.184493,0.0,0.0,-0.136044,-0.214016,2.6358,0.184493,7743.47,-2.57487,0.3142,0.0
42480.0,-0.4722145967365967,0.187864,0.0,0.0,-4.76032,0.33707,2.6834,0.187864,7718.98,-2.47586,0.193626,0.0
42490.0,-0.4725545967365967,0.191138,0.0,0.0,-0.0339756,0.327405,2.68374,0.191138,7691.6,-2.75772,0.134317,0.0
42500.0,-0.43781459673659695,0.19206,0.0,0.0,3.47416,0.0921828,2.649,0.19206,7666.29,-2.71497,0.00993614,0.0
42510.0,-0.43488459673659685,0.194255,0.0,0.0,0.292524,0.219519,2.64607,0.194255,7645.42,-2.61754,0.0509864,0.0
42520.0,-0.4056645967365968,0.197011,0.0,0.0,2.92256,0.275607,2.61685,0.197011,7627.67,-2.54537,0.178363,0.0
42530.0,-0.3856645967365968,0.202018,0.0,0.0,1.99923,0.500732,2.59685,0.202018,7611.66,-2.63303,0.35961,0.0
42540.0,-0.365354596736597,0.207546,0.0,0.0,2.03144,0.552754,2.57654,0.207546,7596.23,-2.55435,0.387334,0.0
42550.0,-0.33125459673659696,0.211153,0.0,0.0,3.41024,0.360695,2.54244,0.211153,7579.86,-2.47626,0.263144,0.0
42560.0,-0.31354459673659685,0.213016,0.0,0.0,1.77059,0.186341,2.52473,0.213016,7563.76,-2.39264,0.220154,0.0
42570.0,-0.29997459673659677,0.213238,0.0,0.0,1.35721,0.0222289,2.51116,0.213238,7551.01,-2.55214,0.211173,0.0
42580.0,-0.2850145967365969,0.2128,0.0,0.0,1.49563,-0.0438223,2.4962,0.2128,7542.48,-2.53313,0.21381,0.0
42590.0,-0.28392459673659687,0.212967,0.0,0.0,0.109219,0.01668,2.49511,0.212967,7536.73,-2.44101,0.280384,0.0
42600.0,-0.2737945967365971,0.213078,0.0,0.0,1.0135,0.0111085,2.48498,0.213078,7532.36,-2.50761,0.0300313,0.0
42610.0,-0.27319459673659674,0.215178,0.0,0.0,0.0599422,0.210017,2.48438,0.215178,7528.23,-2.48556,0.0679649,0.0
42620.0,-0.272694596736597,0.221989,0.0,0.0,0.0501025,0.681092,2.48388,0.221989,7523.38,-2.52146,-0.159128,0.0
42630.0,-0.27163459673659673,0.236285,0.0,0.0,0.105175,1.42963,2.48282,0.236285,7518.42,-2.31615,0.0681494,0.0
42640.0,-0.2679145967365968,0.257498,0.0,0.0,0.372109,2.12121,2.4791,0.257498,7515.09,-2.59855,0.466737,0.0
42650.0,-0.21450459673659683,0.285705,0.0,0.0,5.34115,2.82075,2.42569,0.285705,7513.74,-2.32497,0.680619,0.0
42660.0,-0.16034459673659684,0.323728,0.0,0.0,5.4158,3.80227,2.37153,0.323728,7513.47,-2.37097,0.519335,0.0
42670.0,-0.15514459673659697,0.35993,0.0,0.0,0.520163,3.62024,2.36633,0.35993,7513.79,-2.34722,0.405703,0.0
42680.0,-0.14482459673659687,0.378588,0.0,0.0,1.03223,1.86582,2.35601,0.378588,7514.95,-2.44352,0.420635,0.0
42690.0,-0.12622459673659714,0.381926,0.0,0.0,1.8604,0.333719,2.33741,0.381926,7517.3,-2.32038,0.271828,0.0
42700.0,-0.08088459673659676,0.375804,0.0,0.0,4.53388,-0.612109,2.29207,0.375804,7520.95,-2.27489,0.284217,0.0
42710.0,-0.06060459673659713,0.365791,0.0,0.0,2.02793,-1.00135,2.27179,0.365791,7526.17,-2.25283,0.61179,0.0
42720.0,-0.057694596736596715,0.354543,0.0,0.0,0.290411,-1.12477,2.26888,0.354543,7533.13,-2.11422,0.354972,0.0
42730.0,-0.024664596736597044,0.342954,0.0,0.0,3.30363,-1.15892,2.23585,0.342954,7541.63,-2.28363,0.209634,0.0
42740.0,0.008065403263402882,0.334797,0.0,0.0,3.27248,-0.815712,2.20312,0.334797,7550.76,-2.16036,0.451712,0.0
42750.0,0.007785403263403268,0.331989,0.0,0.0,-0.0273751,-0.280772,2.2034,0.331989,7559.33,-2.16738,0.301912,0.0
42760.0,-0.024584596736596964,0.333289,0.0,0.0,-3.23737,0.129941,2.23577,0.333289,7567.41,-2.23202,0.366305,0.0
42770.0,-0.0051045967365968,0.335042,0.0,0.0,1.94757,0.17531,2.21629,0.335042,7576.04,-2.32192,0.331585,0.0
42780.0,-0.0037445967365967725,0.341091,0.0,0.0,0.13642,0.604905,2.21493,0.341091,7585.38,-2.33502,0.309934,0.0
42790.0,-0.0044045967365970995,0.349738,0.0,0.0,-0.0656598,0.864686,2.21559,0.349738,7594.81,-2.13236,0.22893,0.0
42800.0,-0.03262459673659679,0.358553,0.0,0.0,-2.82253,0.881521,2.24381,0.358553,7604.46,-2.13247,0.387823,0.0
42810.0,-0.016984596736596913,0.362487,0.0,0.0,1.56464,0.39341,2.22817,0.362487,7615.6,-2.13295,0.486149,0.0
42820.0,-0.00020459673659711797,0.364666,0.0,0.0,1.67706,0.217936,2.21139,0.364666,7628.83,-2.26715,0.320399,0.0
42830.0,-0.0017845967365968107,0.367082,0.0,0.0,-0.157783,0.241536,2.21297,0.367082,7643.1,-2.37507,0.445397,0.0
42840.0,-0.03407459673659696,0.369405,0.0,0.0,-3.22866,0.232318,2.24526,0.369405,7657.29,-2.19165,0.402141,0.0
42850.0,-0.048134596736597146,0.368504,0.0,0.0,-1.40651,-0.0900806,2.25932,0.368504,7670.97,-2.38102,0.358752,0.0
42860.0,-0.07467459673659693,0.365329,0.0,0.0,-2.65372,-0.317461,2.28586,0.365329,7683.6,-2.40771,0.320899,0.0
42870.0,-0.10311459673659673,0.359581,0.0,0.0,-2.84399,-0.574869,2.3143,0.359581,7695.45,-2.25032,0.416941,0.0
42880.0,-0.10455459673659684,0.351077,0.0,0.0,-0.143777,-0.850325,2.31574,0.351077,7708.18,-2.46386,0.194593,0.0
42890.0,-0.09558459673659714,0.340762,0.0,0.0,0.897266,-1.03154,2.30677,0.340762,7722.27,-2.32513,0.387493,0.0
42900.0,-0.06860459673659713,0.325221,0.0,0.0,2.69806,-1.55413,2.27979,0.325221,7736.15,-2.31652,0.125285,0.0
42910.0,-0.05012459673659686,0.304927,0.0,0.0,1.84778,-2.02934,2.26131,0.304927,7749.21,-2.18016,0.260022,0.0
42920.0,-0.05056459673659708,0.283604,0.0,0.0,-0.0440691,-2.13236,2.26175,0.283604,7764.79,-2.21433,0.350756,0.0
42930.0,-0.04488459673659673,0.263408,0.0,0.0,0.568352,-2.01954,2.25607,0.263408,7785.72,-2.14124,0.461292,0.0
42940.0,-0.04567459673659702,0.248412,0.0,0.0,-0.0796934,-1.49959,2.25686,0.248412,7807.58,-2.42933,0.220724,0.0
42950.0,-0.045184596736596916,0.237436,0.0,0.0,0.0494381,-1.09766,2.25637,0.237436,7824.67,-2.42042,0.136091,0.0
42960.0,-0.01934459673659683,0.220948,0.0,0.0,2.58401,-1.6488,2.23053,0.220948,7838.42,-2.16662,0.312242,0.0
42970.0,-0.07942459673659696,0.196136,0.0,0.0,-6.00828,-2.48117,2.29061,0.196136,7853.7,-2.10099,0.0635401,0.0
42980.0,-0.029894596736597112,0.159315,0.0,0.0,4.95309,-3.68207,2.24108,0.159315,7872.19,-2.12207,0.274368,0.0
42990.0,0.014935403263403035,0.12725,0.0,0.0,4.48319,-3.2065,2.19625,0.12725,7891.1,-2.35909,0.307496,0.0
43000.0,0.014875403263403086,0.107847,0.0,0.0,-0.00617412,-1.94038,2.19631,0.107847,7907.5,-2.19642,0.0596582,0.0
43010.0,0.0003654032634030635,0.0985477,0.0,0.0,-1.45082,-0.929888,2.21082,0.0985477,7923.52,-2.18232,0.0886094,0.0
43020.0,-0.007064596736596762,0.094815,0.0,0.0,-0.743269,-0.373265,2.21825,0.094815,7942.18,-2.22399,0.00372506,0.0
43030.0,-0.0009245967365969499,0.093149,0.0,0.0,0.613687,-0.166606,2.21211,0.093149,7959.88,-2.22361,0.0957598,0.0
43040.0,-0.008794596736596993,0.0927397,0.0,0.0,-0.786354,-0.0409326,2.21998,0.0927397,7971.61,-2.29566,-0.114714,0.0
43050.0,-0.039374596736597045,0.0926141,-20.031,0.0,-3.0586,-0.0125538,-17.7804,0.0926141,7979.21,-2.13617,0.239445,0.0
43060.0,-0.07267459673659671,0.0907955,-20.031,0.0,-3.32957,-0.181862,-17.7472,0.0907955,7987.79,-2.29059,0.140446,0.0
43070.0,-0.1036445967365971,0.08789,-20.031,0.0,-3.09761,-0.290546,-17.7162,0.08789,7999.42,-2.39296,-0.0147072,0.0
43080.0,-0.11472459673659685,0.0853042,-20.031,0.0,-1.10783,-0.258585,-17.7051,0.0853042,8012.62,-2.33908,0.130672,0.0
43090.0,-0.13304459673659697,0.0839465,-20.031,0.0,-1.83199,-0.135773,-17.6868,0.0839465,8025.73,-2.34374,0.111169,0.0
43100.0,-0.1543045967365968,0.0812679,-20.031,0.0,-2.12585,-0.267855,-17.6655,0.0812679,8039.95,-2.31014,0.043776,0.0
43110.0,-0.18609459673659678,0.0772438,-20.031,0.0,-3.17877,-0.402415,-17.6337,0.0772438,8056.59,-2.52344,0.0769676,0.0
43120.0,-0.25736459673659695,0.0753828,-20.031,0.0,-7.12696,-0.186093,-17.5625,0.0753828,8072.8,-2.44619,0.0790838,0.0
43130.0,-0.29437459673659694,0.0729145,-20.031,0.0,-3.70093,-0.246832,-17.5255,0.0729145,8084.8,-2.57034,0.119345,0.0
43140.0,-0.30984459673659703,0.0672653,-20.031,0.0,-1.54701,-0.564924,-17.51,0.0672653,8092.6,-2.46476,0.0636322,0.0
43150.0,-0.308824596736597,0.0549136,-20.031,0.0,0.102255,-1.23517,-17.511,0.0549136,8099.08,-2.61122,-0.063383,0.0
43160.0,-0.3101345967365967,0.0354293,-20.031,0.0,-0.131707,-1.94843,-17.5097,0.0354293,8107.3,-2.65962,0.083803,0.0
43170.0,-0.310314596736597,0.0140583,-20.031,0.0,-0.0181026,-2.13709,-17.5095,0.0140583,8119.49,-2.52675,-0.0434174,0.0
43180.0,-0.27810459673659693,-0.00319214,-20.031,0.0,3.22185,-1.72505,-17.5417,-0.00319214,8136.02,-2.45875,-0.0419028,0.0
43190.0,-0.23243459673659705,-0.0143892,-20.031,0.0,4.56675,-1.11971,-17.5874,-0.0143892,8154.24,-2.33595,-0.0446705,0.0
43200.0,-0.21937459673659676,-0.0193498,-20.031,0.0,1.30594,-0.496052,-17.6005,-0.0193498,8169.62,-2.43558,-0.013876,0.0
43210.0,-0.21726459673659715,-0.0206585,-20.031,0.0,0.210572,-0.130879,-17.6026,-0.0206585,8179.55,-2.41676,0.0236938,0.0
43220.0,-0.21682459673659693,-0.0197887,-20.031,0.0,0.0440584,0.0869833,-17.603,-0.0197887,8185.35,-2.5075,0.219122,0.0
43230.0,-0.21684459673659706,-0.0159425,-20.031,0.0,-0.00198466,0.384618,-17.603,-0.0159425,8190.69,-2.42927,-0.0279162,0.0
43240.0,-0.21640459673659684,-0.00853534,-20.031,0.0,0.0442414,0.740719,-17.6034,-0.00853534,8198.68,-2.37837,0.0525727,0.0
43250.0,-0.219544596736597,-0.000661719,-20.031,0.0,-0.31397,0.787362,-17.6003,-0.000661719,8210.79,-2.53434,0.0346201,0.0
43260.0,-0.2604045967365969,0.00430355,-20.031,0.0,-4.08642,0.496527,-17.5594,0.00430355,8226.86,-2.41532,-0.000474348,0.0
43270.0,-0.31091459673659694,0.00330239,-20.031,0.0,-5.05023,-0.100116,-17.5089,0.00330239,8244.78,-2.53573,-0.0469658,0.0
43280.0,-0.32633459673659715,-0.00375532,-20.031,0.0,-1.54213,-0.705772,-17.4935,-0.00375532,8262.48,-2.50672,0.123516,0.0
43290.0,-0.401284596736597,-0.0107434,-20.031,0.0,-7.4953,-0.698811,-17.4185,-0.0107434,8279.64,-2.71438,0.0999499,0.0
43300.0,-0.49209459673659683,-0.0205044,-20.031,0.0,-9.08115,-0.976098,-17.3277,-0.0205044,8296.19,-2.68339,0.0848289,0.0
43310.0,-0.4973245967365969,-0.0398237,-20.031,0.0,-0.522785,-1.93193,-17.3225,-0.0398237,8311.5,-2.84558,-0.117083,0.0
43320.0,-0.49844459673659713,-0.0669165,-20.031,0.0,-0.111892,-2.70928,-17.3214,-0.0669165,8325.23,-2.80127,-0.181872,0.0
43330.0,-0.48248459673659694,-0.100321,-20.031,0.0,1.59535,-3.34043,-17.3373,-0.100321,8335.99,-2.68241,-0.0401534,0.0
43340.0,-0.5066145967365969,-0.132434,-20.031,0.0,-2.41215,-3.21133,-17.3132,-0.132434,8341.8,-2.6408,-0.18001,0.0
43350.0,-0.5100445967365967,-0.165326,-20.031,0.0,-0.343321,-3.2892,-17.3098,-0.165326,8343.55,-2.64786,-0.0126376,0.0
43360.0,-0.5588345967365971,-0.209641,-20.031,0.0,-4.87923,-4.43149,-17.261,-0.209641,8342.86,-2.83549,0.0033734,0.0
43370.0,-1.704434596736597,-0.248774,-20.031,0.0,-114.56,-3.9133,-16.1154,-0.248774,8337.32,-6.90273,-0.458123,0.0
43380.0,-4.975174596736597,-0.25265,-20.031,0.0,-327.074,-0.387574,-12.8447,-0.25265,8319.14,-11.6868,0.0635925,0.0
43390.0,-9.587314596736597,-0.213596,-20.031,0.0,-461.218,3.90537,-8.23247,-0.213596,8281.43,-14.3037,-0.258398,0.0
43400.0,-12.921114596736597,-0.217272,-20.031,0.0,-333.375,-0.367594,-4.89872,-0.217272,8229.93,-16.3987,-0.416814,0.0
43410.0,-14.023814596736596,-0.305429,-20.031,0.0,-110.268,-8.81568,-3.79604,-0.305429,8183.94,-16.6745,-0.658153,0.0
43420.0,-14.315414596736595,-0.37703,-20.031,0.0,-29.1637,-7.16008,-3.5044,-0.37703,8158.02,-16.1412,-0.445559,0.0
43430.0,-14.454114596736595,-0.430298,-20.031,0.0,-13.8705,-5.32688,-3.3657,-0.430298,8149.15,-16.8227,-0.321029,0.0
43440.0,-14.489114596736595,-0.499145,-20.031,0.0,-3.49435,-6.88468,-3.33075,-0.499145,8147.71,-16.6824,-0.628702,0.0
43450.0,-14.492314596736595,-0.566502,-20.031,0.0,-0.328633,-6.73565,-3.32747,-0.566502,8150.04,-16.8373,-0.70675,0.0
43460.0,-14.493214596736596,-0.609186,-20.031,0.0,-0.0814448,-4.26842,-3.32665,-0.609186,8159.22,-16.7896,-0.829688,0.0
43470.0,-14.481414596736595,-0.63304,-20.031,0.0,1.1802,-2.3854,-3.33845,-0.63304,8178.47,-16.6283,-0.731232,0.0
43480.0,-14.456314596736597,-0.650515,-20.031,0.0,2.50726,-1.74751,-3.36353,-0.650515,8203.64,-16.5894,-0.611589,0.0
43490.0,-14.430114596736598,-0.664516,-20.031,0.0,2.61769,-1.4001,-3.3897,-0.664516,8224.52,-16.7299,-0.74369,0.0
43500.0,-14.430514596736597,-0.676051,-20.031,0.0,-0.0357353,-1.1535,-3.38935,-0.676051,8235.15,-16.6765,-0.490648,0.0
43510.0,-14.458214596736596,-0.696623,-20.031,0.0,-2.7769,-2.05725,-3.36158,-0.696623,8238.03,-16.5827,-0.549375,0.0
43520.0,-14.520314596736597,-0.743559,-20.031,0.0,-6.20183,-4.69359,-3.29956,-0.743559,8236.48,-16.7732,-0.361016,0.0
43530.0,-15.158914596736597,-0.769725,-20.031,0.0,-63.8694,-2.61658,-2.66086,-0.769725,8228.05,-18.8793,-0.78821,0.0
43540.0,-17.557314596736596,-0.618082,-20.031,0.0,-239.832,15.1643,-0.262542,-0.618082,8207.18,-21.7395,-0.503831,0.0
43550.0,-19.424114596736597,-0.464702,-20.031,0.0,-186.679,15.3381,1.60425,-0.464702,8174.27,-22.5654,-0.426724,0.0
43560.0,-19.609914596736598,-0.463232,-20.031,0.0,-18.5808,0.147012,1.79005,-0.463232,8139.01,-21.6748,-0.46089,0.0
43570.0,-19.687014596736596,-0.463321,-20.031,0.0,-7.71254,-0.0089038,1.86718,-0.463321,8111.17,-21.9189,-0.376342,0.0
43580.0,-19.735014596736598,-0.465454,-20.031,0.0,-4.80039,-0.213295,1.91518,-0.465454,8093.36,-22.0591,-0.427538,0.0
43590.0,-19.744914596736596,-0.47341,-20.031,0.0,-0.986533,-0.795633,1.92505,-0.47341,8082.86,-21.8918,-0.426499,0.0
43600.0,-19.978214596736596,-0.462467,-20.031,0.0,-23.332,1.09432,2.15837,-0.462467,8073.13,-22.5195,-0.402321,0.0
43610.0,-21.319914596736595,-0.339853,-20.031,0.0,-134.169,12.2614,3.50005,-0.339853,8055.68,-24.7324,-0.463853,0.0
43620.0,-22.751614596736598,-0.230962,-20.031,0.0,-143.177,10.8891,4.93183,-0.230962,8029.07,-25.9402,-0.0112164,0.0
43630.0,-23.089614596736595,-0.282283,-20.031,0.0,-33.7985,-5.13206,5.26981,-0.282283,8003.87,-25.2468,-0.38822,0.0
43640.0,-23.224414596736597,-0.34593,-20.031,0.0,-13.4727,-6.36473,5.40454,-0.34593,7989.44,-25.3287,-0.424539,0.0
43650.0,-23.374914596736595,-0.376759,-20.031,0.0,-15.0568,-3.08287,5.55511,-0.376759,7983.89,-25.5401,-0.415543,0.0
43660.0,-23.383414596736596,-0.404645,-20.031,0.0,-0.84641,-2.78861,5.56357,-0.404645,7981.44,-25.6461,-0.413463,0.0
43670.0,-23.429114596736596,-0.416585,-20.031,0.0,-4.57527,-1.19398,5.60932,-0.416585,7981.4,-25.6442,-0.476729,0.0
43680.0,-23.434614596736598,-0.430528,-20.031,0.0,-0.550315,-1.39433,5.61483,-0.430528,7985.92,-25.7383,-0.557485,0.0
43690.0,-23.442814596736596,-0.440786,-20.031,0.0,-0.8132,-1.02574,5.62296,-0.440786,7993.12,-25.6393,-0.413941,0.0
43700.0,-23.446914596736598,-0.446283,-20.031,0.0,-0.417828,-0.549738,5.62714,-0.446283,7998.94,-25.6878,-0.524668,0.0
43710.0,-23.446714596736598,-0.448418,-20.031,0.0,0.0285375,-0.213469,5.62685,-0.448418,8002.24,-25.6621,-0.429097,0.0
43720.0,-23.435714596736595,-0.45047,-20.031,0.0,1.09917,-0.205249,5.61586,-0.45047,8003.93,-25.6471,-0.53976,0.0
43730.0,-23.421214596736597,-0.45249,-20.031,0.0,1.44862,-0.201965,5.60137,-0.45249,8004.95,-25.4697,-0.437548,0.0
43740.0,-23.383814596736595,-0.457987,-20.031,0.0,3.74269,-0.549691,5.56395,-0.457987,8005.75,-25.5772,-0.331774,0.0
43750.0,-23.345914596736595,-0.46453,-20.031,0.0,3.78587,-0.654295,5.52609,-0.46453,8006.46,-25.5498,-0.481915,0.0
43760.0,-23.315314596736595,-0.471725,-20.031,0.0,3.05798,-0.719499,5.49551,-0.471725,8007.12,-25.34,-0.522724,0.0
43770.0,-23.301914596736598,-0.478479,-20.031,0.0,1.34105,-0.675449,5.4821,-0.478479,8007.71,-25.5221,-0.423691,0.0
43780.0,-23.298114596736596,-0.48429,-20.031,0.0,0.381938,-0.58105,5.47828,-0.48429,8008.67,-25.5091,-0.530817,0.0
43790.0,-23.290814596736595,-0.489209,-20.031,0.0,0.732594,-0.491888,5.47095,-0.489209,8011.5,-25.3509,-0.607234,0.0
43800.0,-23.259014596736595,-0.496261,-20.031,0.0,3.18113,-0.705238,5.43914,-0.496261,8018.46,-25.3879,-0.457794,0.0
43810.0,-23.233314596736598,-0.501501,-20.031,0.0,2.56053,-0.524002,5.41354,-0.501501,8029.39,-25.4973,-0.555956,0.0
43820.0,-23.226814596736595,-0.503576,-20.031,0.0,0.65331,-0.207501,5.407,-0.503576,8039.97,-25.4776,-0.458091,0.0
43830.0,-23.226214596736597,-0.505438,-20.031,0.0,0.0565275,-0.186196,5.40644,-0.505438,8046.99,-25.3474,-0.500067,0.0
43840.0,-23.218514596736597,-0.508957,-20.031,0.0,0.778132,-0.351901,5.39866,-0.508957,8052.24,-25.412,-0.51044,0.0
43850.0,-23.212014596736598,-0.512685,-20.031,0.0,0.650816,-0.372754,5.39215,-0.512685,8058.28,-25.4263,-0.516919,0.0
43860.0,-23.211714596736595,-0.516609,-20.031,0.0,0.0258885,-0.392431,5.39189,-0.516609,8064.44,-25.3954,-0.464282,0.0
43870.0,-23.212014596736598,-0.521632,-20.031,0.0,-0.0302516,-0.502346,5.39219,-0.521632,8068.99,-25.4128,-0.544177,0.0
43880.0,-23.219614596736598,-0.525655,-20.031,0.0,-0.762506,-0.402253,5.39982,-0.525655,8072.27,-25.4549,-0.601775,0.0
43890.0,-23.246814596736595,-0.526386,-20.031,0.0,-2.71282,-0.0731059,5.42694,-0.526386,8075.95,-25.4814,-0.592926,0.0
43900.0,-23.285814596736596,-0.525382,-20.031,0.0,-3.90874,0.100436,5.46603,-0.525382,8081.31,-25.5139,-0.520759,0.0
43910.0,-23.313614596736596,-0.525559,-20.031,0.0,-2.77533,-0.0177485,5.49379,-0.525559,8088.71,-25.5598,-0.642584,0.0
43920.0,-23.329414596736598,-0.526466,-20.031,0.0,-1.58403,-0.0906877,5.50963,-0.526466,8097.7,-25.5653,-0.558702,0.0
43930.0,-23.334414596736597,-0.528496,-20.031,0.0,-0.494545,-0.203037,5.51457,-0.528496,8107.5,-25.5195,-0.481425,0.0
43940.0,-23.340014596736598,-0.5281,-20.031,0.0,-0.556911,0.0396398,5.52014,-0.5281,8117.52,-25.5551,-0.550732,0.0
43950.0,-23.339914596736598,-0.523105,-20.031,0.0,0.00145993,0.499534,5.52013,-0.523105,8126.71,-25.5359,-0.508289,0.0
43960.0,-23.334514596736597,-0.514451,-20.031,0.0,0.54173,0.865343,5.51471,-0.514451,8134.27,-25.5636,-0.444252,0.0
43970.0,-23.334214596736597,-0.502524,-20.031,0.0,0.0365054,1.19271,5.51434,-0.502524,8141.04,-25.5175,-0.386207,0.0
43980.0,-23.331414596736597,-0.488631,-20.031,0.0,0.270813,1.38928,5.51163,-0.488631,8147.67,-25.4937,-0.592633,0.0
43990.0,-23.316814596736595,-0.474503,-20.031,0.0,1.46444,1.41283,5.49699,-0.474503,8152.77,-25.6103,-0.493219,0.0
44000.0,-23.272714596736595,-0.465836,-20.031,0.0,4.41393,0.866699,5.45285,-0.465836,8155.31,-25.4495,-0.515591,0.0
44010.0,-23.235414596736597,-0.462181,-20.031,0.0,3.72596,0.365481,5.41559,-0.462181,8156.22,-25.4329,-0.449225,0.0
44020.0,-23.230114596736595,-0.460395,-20.031,0.0,0.531523,0.17861,5.41028,-0.460395,8156.85,-25.4012,-0.467713,0.0
44030.0,-23.229914596736595,-0.460829,-20.031,0.0,0.0163889,-0.0434276,5.41011,-0.460829,8157.91,-25.4876,-0.405886,0.0
44040.0,-23.229414596736596,-0.461366,-20.031,0.0,0.0483547,-0.053652,5.40963,-0.461366,8160.61,-25.3786,-0.421908,0.0
44050.0,-23.218314596736597,-0.46256,-20.031,0.0,1.11263,-0.119401,5.3985,-0.46256,8168.21,-25.4611,-0.420856,0.0
44060.0,-23.2164145967366,-0.462775,-20.031,0.0,0.193164,-0.0215696,5.39657,-0.462775,8182.3,-25.4423,-0.510943,0.0
44070.0,-23.226314596736596,-0.464089,-20.031,0.0,-0.989804,-0.131384,5.40647,-0.464089,8198.23,-25.4044,-0.605472,0.0
44080.0,-23.229114596736597,-0.47047,-20.031,0.0,-0.280557,-0.638105,5.40927,-0.47047,8209.97,-25.4326,-0.66778,0.0
44090.0,-23.229314596736597,-0.479527,-20.031,0.0,-0.0195625,-0.905647,5.40947,-0.479527,8216.98,-25.5228,-0.556637,0.0
44100.0,-23.232614596736596,-0.487685,-20.031,0.0,-0.335434,-0.815829,5.41282,-0.487685,8221.92,-25.4452,-0.451289,0.0
44110.0,-23.277214596736595,-0.488345,-20.031,0.0,-4.45537,-0.0659682,5.45738,-0.488345,8226.02,-25.6355,-0.394713,0.0
44120.0,-23.300914596736597,-0.493147,-20.031,0.0,-2.36622,-0.480176,5.48104,-0.493147,8230.07,-25.5449,-0.670938,0.0
44130.0,-23.3414145967366,-0.501192,-20.031,0.0,-4.05205,-0.804537,5.52156,-0.501192,8235.66,-25.6018,-0.360364,0.0
44140.0,-23.362314596736596,-0.513238,-20.031,0.0,-2.09594,-1.2046,5.54252,-0.513238,8242.91,-25.489,-0.529377,0.0
44150.0,-23.365114596736596,-0.521975,-20.031,0.0,-0.278477,-0.873702,5.54531,-0.521975,8249.75,-25.5485,-0.602852,0.0
44160.0,-23.366214596736597,-0.525604,-20.031,0.0,-0.110795,-0.362891,5.54641,-0.525604,8254.58,-25.6064,-0.418539,0.0
44170.0,-23.366314596736597,-0.526498,-20.031,0.0,-0.00471509,-0.0893858,5.54646,-0.526498,8257.78,-25.6149,-0.545208,0.0
44180.0,-23.366314596736597,-0.52426,-20.031,0.0,0.000635835,0.223794,5.54645,-0.52426,8260.79,-25.4456,-0.585677,0.0
44190.0,-23.365214596736596,-0.519371,-20.031,0.0,0.105014,0.48886,5.5454,-0.519371,8264.92,-25.6643,-0.499767,0.0
44200.0,-23.340114596736598,-0.518555,-20.031,0.0,2.51206,0.0815798,5.52028,-0.518555,8270.45,-25.5258,-0.431166,0.0
44210.0,-23.304314596736596,-0.525714,-20.031,0.0,3.58005,-0.715864,5.48448,-0.525714,8276.59,-25.4757,-0.618139,0.0
44220.0,-23.302814596736596,-0.535352,-20.031,0.0,0.149978,-0.963827,5.48298,-0.535352,8282.5,-25.4773,-0.46472,0.0
44230.0,-23.302214596736597,-0.548645,-20.031,0.0,0.0629975,-1.3293,5.48235,-0.548645,8287.53,-25.5079,-0.354122,0.0
44240.0,-23.286814596736598,-0.566244,-20.031,0.0,1.5376,-1.75991,5.46698,-0.566244,8291.73,-25.7086,-0.336955,0.0
44250.0,-23.282614596736597,-0.580637,-20.031,0.0,0.419575,-1.43928,5.46278,-0.580637,8296.32,-25.6163,-0.582107,0.0
44260.0,-23.293614596736596,-0.586158,-20.031,0.0,-1.10033,-0.552093,5.47378,-0.586158,8301.66,-25.4512,-0.630928,0.0
44270.0,-23.288814596736596,-0.588127,-20.031,0.0,0.483136,-0.19689,5.46895,-0.588127,8306.18,-25.402,-0.602046,0.0
44280.0,-23.256714596736597,-0.592409,-20.031,0.0,3.20206,-0.428168,5.43693,-0.592409,8308.66,-25.5181,-0.703286,0.0
44290.0,-23.227714596736597,-0.596904,-20.031,0.0,2.90896,-0.449537,5.40784,-0.596904,8309.7,-25.3883,-0.771972,0.0
44300.0,-23.210914596736597,-0.599882,-20.031,0.0,1.67245,-0.297758,5.39112,-0.599882,8310.03,-25.4105,-0.569403,0.0
44310.0,-23.201814596736597,-0.600726,-20.031,0.0,0.912242,-0.084466,5.382,-0.600726,8309.85,-25.4252,-0.494032,0.0
44320.0,-23.189114596736598,-0.600475,-20.031,0.0,1.27309,0.0251222,5.36927,-0.600475,8309.82,-25.3911,-0.598859,0.0
44330.0,-23.188214596736596,-0.597343,-20.031,0.0,0.0902279,0.313174,5.36836,-0.597343,8311.05,-25.5618,-0.52912,0.0
44340.0,-23.180314596736597,-0.595149,-20.031,0.0,0.792459,0.219478,5.36044,-0.595149,8314.61,-25.3348,-0.700077,0.0
44350.0,-23.180214596736597,-0.593416,-20.031,0.0,0.000575881,0.173257,5.36043,-0.593416,8320.37,-25.3911,-0.606371,0.0
44360.0,-23.187914596736597,-0.592505,-20.031,0.0,-0.764569,0.091074,5.36808,-0.592505,8326.31,-25.3743,-0.572989,0.0
44370.0,-23.182114596736596,-0.595021,-20.031,0.0,0.575809,-0.251598,5.36232,-0.595021,8330.21,-25.4278,-0.552907,0.0
44380.0,-23.181714596736597,-0.598762,-20.031,0.0,0.0425002,-0.374077,5.3619,-0.598762,8331.59,-25.4825,-0.492685,0.0
44390.0,-23.175514596736598,-0.605783,-20.031,0.0,0.616392,-0.702115,5.35573,-0.605783,8331.18,-25.3621,-0.609437,0.0
44400.0,-23.119714596736596,-0.623839,-20.031,0.0,5.58812,-1.80563,5.29985,-0.623839,8330.0,-25.1705,-0.576072,0.0
44410.0,-23.063814596736595,-0.647497,-20.031,0.0,5.583,-2.36576,5.24402,-0.647497,8328.88,-25.1528,-0.696431,0.0
44420.0,-23.061514596736597,-0.665178,-20.031,0.0,0.229133,-1.76811,5.24173,-0.665178,8327.88,-25.2227,-0.792456,0.0
44430.0,-23.062714596736598,-0.677444,-20.031,0.0,-0.116925,-1.22663,5.2429,-0.677444,8326.75,-25.3629,-0.644552,0.0
44440.0,-23.089814596736595,-0.680382,-20.031,0.0,-2.70415,-0.293772,5.26994,-0.680382,8325.59,-25.3359,-0.834059,0.0
44450.0,-23.125614596736597,-0.679677,-20.031,0.0,-3.5858,0.0705407,5.3058,-0.679677,8324.57,-25.3096,-0.711535,0.0
44460.0,-23.181414596736598,-0.676543,-20.031,0.0,-5.58344,0.313338,5.36163,-0.676543,8323.44,-25.4406,-0.617841,0.0
44470.0,-23.184714596736598,-0.681146,-20.031,0.0,-0.328254,-0.460257,5.36491,-0.681146,8321.67,-25.4501,-0.712746,0.0
44480.0,-23.204714596736597,-0.683305,-20.031,0.0,-1.99862,-0.215913,5.3849,-0.683305,8318.94,-25.4523,-0.636887,0.0
44490.0,-23.204614596736597,-0.688011,-20.031,0.0,0.00714285,-0.470622,5.38483,-0.688011,8315.66,-25.3247,-0.629169,0.0
44500.0,-23.182714596736595,-0.695603,-20.031,0.0,2.1914,-0.759147,5.36292,-0.695603,8312.06,-25.3928,-0.688783,0.0
44510.0,-23.181814596736597,-0.702376,-20.031,0.0,0.094273,-0.67737,5.36197,-0.702376,8307.25,-25.3644,-0.67299,0.0
44520.0,-23.181814596736597,-0.714691,-20.031,0.0,-0.00386106,-1.2315,5.36201,-0.714691,8300.46,-25.4558,-0.791206,0.0
44530.0,-23.181614596736598,-0.736285,-20.031,0.0,0.0218484,-2.1594,5.36179,-0.736285,8293.38,-25.3939,-0.851801,0.0
44540.0,-23.174014596736598,-0.7676,0.0,0.0,0.758146,-3.1315,-25.3852,-0.7676,8288.47,-25.4379,-0.842896,0.0
44550.0,-23.144614596736595,-0.800533,0.0,0.0,2.94416,-3.29326,-25.3558,-0.800533,8285.73,-25.3207,-0.760678,0.0
44560.0,-23.084414596736597,-0.82735,0.0,0.0,6.01801,-2.68166,-25.2956,-0.82735,8283.99,-25.2676,-0.652042,0.0
44570.0,-23.046714596736596,-0.841935,0.0,0.0,3.76821,-1.45851,-25.2579,-0.841935,8283.0,-25.2246,-0.856424,0.0
44580.0,-23.023114596736598,-0.849477,0.0,0.0,2.36628,-0.754249,-25.2343,-0.849477,8282.66,-25.2177,-0.929998,0.0
44590.0,-23.011414596736596,-0.85354,0.0,0.0,1.16306,-0.406328,-25.2226,-0.85354,8282.54,-25.1104,-0.913309,0.0
44600.0,-22.979214596736597,-0.862522,0.0,0.0,3.21787,-0.898135,-25.1904,-0.862522,8282.33,-24.9666,-0.848025,0.0
44610.0,-22.902514596736598,-0.882134,0.0,0.0,7.67697,-1.96127,-25.1137,-0.882134,8282.06,-25.2261,-0.892302,0.0
44620.0,-22.861814596736597,-0.900066,0.0,0.0,4.07115,-1.79316,-25.073,-0.900066,8281.84,-25.0599,-0.823143,0.0
44630.0,-22.861214596736595,-0.911542,0.0,0.0,0.0538267,-1.14761,-25.0724,-0.911542,8281.46,-25.036,-0.841883,0.0
44640.0,-22.885514596736595,-0.91589,0.0,0.0,-2.43015,-0.43479,-25.0967,-0.91589,8280.45,-25.105,-1.02971,0.0
44650.0,-22.887014596736595,-0.92184,0.0,0.0,-0.145959,-0.594969,-25.0982,-0.92184,8278.74,-25.1132,-0.932602,0.0
44660.0,-22.895414596736597,-0.928277,0.0,0.0,-0.845722,-0.643728,-25.1066,-0.928277,8277.21,-25.1357,-0.988065,0.0
44670.0,-22.895814596736596,-0.936363,0.0,0.0,-0.0400402,-0.808551,-25.107,-0.936363,8277.05,-25.1363,-0.97908,0.0
44680.0,-22.894914596736598,-0.943464,0.0,0.0,0.0922465,-0.710103,-25.1061,-0.943464,8278.17,-25.0398,-0.862461,0.0
44690.0,-22.870714596736597,-0.95184,0.0,0.0,2.41985,-0.837606,-25.0819,-0.95184,8279.53,-25.0662,-0.918409,0.0
44700.0,-22.807614596736595,-0.961231,0.0,0.0,6.30795,-0.939103,-25.0188,-0.961231,8280.68,-24.9575,-1.06011,0.0
44710.0,-22.754414596736595,-0.960545,0.0,0.0,5.32285,0.068575,-24.9656,-0.960545,8281.78,-24.9701,-0.878964,0.0
44720.0,-22.741014596736598,-0.938011,0.0,0.0,1.3435,2.25341,-24.9522,-0.938011,8284.07,-24.9535,-1.00588,0.0
44730.0,-22.578214596736597,-0.898458,0.0,0.0,16.2815,3.95524,-24.7894,-0.898458,8293.56,-24.6415,-1.22384,0.0
44740.0,-20.359014596736596,-1.03733,0.0,0.0,221.912,-13.8874,-22.5702,-1.03733,8326.57,-20.3687,-1.34167,0.0
44750.0,-16.535814596736596,-1.1913,0.0,0.0,382.32,-15.397,-18.747,-1.1913,8405.45,-13.6922,-1.18327,0.0
44760.0,-12.041014596736597,-1.24957,0.0,0.0,449.486,-5.82647,-14.2522,-1.24957,8532.82,-8.84118,-1.00208,0.0
44770.0,-7.074914596736596,-1.30454,0.0,0.0,496.607,-5.49701,-9.2861,-1.30454,8671.31,-6.64228,-1.08991,0.0
44780.0,-4.711724596736596,-1.27012,0.0,0.0,236.319,3.44186,-6.92291,-1.27012,8773.2,-7.27216,-1.21173,0.0
44790.0,-4.449274596736597,-1.20998,0.0,0.0,26.245,6.01431,-6.66046,-1.20998,8826.18,-6.67487,-1.06827,0.0
44800.0,-4.139444596736597,-1.20048,0.0,0.0,30.9834,0.949417,-6.35063,-1.20048,8849.83,-5.94997,-1.3565,0.0
44810.0,-3.8285945967365973,-1.20994,0.0,0.0,31.0851,-0.945338,-6.03978,-1.20994,8863.74,-6.06374,-1.16221,0.0
44820.0,-3.7859445967365972,-1.21142,0.0,0.0,4.26506,-0.148418,-5.99713,-1.21142,8874.48,-6.04096,-1.24235,0.0
44830.0,-3.768914596736597,-1.21147,0.0,0.0,1.70239,-0.00543146,-5.9801,-1.21147,8881.45,-5.83664,-0.987953,0.0
44840.0,-3.7844645967365973,-1.20817,0.0,0.0,-1.55478,0.33054,-5.99565,-1.20817,8884.66,-5.95329,-0.987664,0.0
44850.0,-3.7854045967365972,-1.20565,0.0,0.0,-0.0942099,0.251551,-5.99659,-1.20565,8885.75,-5.85061,-1.25916,0.0
44860.0,-3.795714596736597,-1.20256,0.0,0.0,-1.03087,0.309635,-6.0069,-1.20256,8886.09,-6.05225,-1.25095,0.0
44870.0,-3.842654596736597,-1.19527,0.0,0.0,-4.69338,0.729011,-6.05384,-1.19527,8886.08,-6.10623,-1.31243,0.0
44880.0,-3.9016245967365966,-1.18528,0.0,0.0,-5.89706,0.998338,-6.11281,-1.18528,8885.57,-6.11716,-0.941638,0.0
44890.0,-3.903724596736597,-1.17835,0.0,0.0,-0.210067,0.693017,-6.11491,-1.17835,8884.58,-6.18572,-1.19398,0.0
44900.0,-3.9030145967365972,-1.16962,0.0,0.0,0.0706206,0.873075,-6.1142,-1.16962,8883.42,-6.13314,-0.996604,0.0
44910.0,-3.897574596736597,-1.1563,0.0,0.0,0.544355,1.33221,-6.10876,-1.1563,8882.22,-5.92477,-1.13321,0.0
44920.0,-3.8754945967365972,-1.13855,0.0,0.0,2.20756,1.77533,-6.08668,-1.13855,8880.3,-5.94722,-1.1766,0.0
44930.0,-3.870364596736597,-1.11384,0.0,0.0,0.512748,2.47074,-6.08155,-1.11384,8875.96,-6.08256,-1.06186,0.0
44940.0,-3.868674596736597,-1.08673,0.0,0.0,0.169298,2.71125,-6.07986,-1.08673,8868.04,-6.26825,-1.22636,0.0
44950.0,-3.870274596736597,-1.0662,0.0,0.0,-0.159803,2.05303,-6.08146,-1.0662,8858.36,-6.08748,-1.23407,0.0
44960.0,-3.8761045967365972,-1.05388,0.0,0.0,-0.582686,1.23188,-6.08729,-1.05388,8850.29,-6.08714,-1.02039,0.0
44970.0,-3.919234596736597,-1.03907,0.0,0.0,-4.31352,1.48041,-6.13042,-1.03907,8844.54,-6.24861,-0.909403,0.0
44980.0,-3.961784596736597,-1.01513,0.0,0.0,-4.25491,2.39428,-6.17297,-1.01513,8838.92,-6.31881,-0.929924,0.0
44990.0,-3.9616645967365973,-0.983379,0.0,0.0,0.0123601,3.17521,-6.17285,-0.983379,8831.85,-6.09839,-0.95671,0.0
45000.0,-3.9352645967365967,-0.947542,0.0,0.0,2.63924,3.58371,-6.14645,-0.947542,8823.72,-6.29237,-1.04486,0.0
45010.0,-3.304324596736597,-0.934651,0.0,0.0,63.0943,1.28901,-5.51551,-0.934651,8814.99,-4.97443,-1.08298,0.0
45020.0,-1.419244596736597,-0.956043,0.0,0.0,188.508,-2.13917,-3.63043,-0.956043,8805.28,-1.64036,-0.952582,0.0
45030.0,-0.1927545967365969,-0.912747,0.0,0.0,122.649,4.32966,-2.40394,-0.912747,8794.86,-2.06133,-0.808576,0.0
45040.0,-0.07989459673659693,-0.820153,0.0,0.0,11.2856,9.2594,-2.29108,-0.820153,8783.55,-2.3501,-0.599802,0.0
45050.0,-0.0751745967365971,-0.750249,0.0,0.0,0.472423,6.99041,-2.28636,-0.750249,8768.08,-2.47923,-0.749205,0.0
45060.0,-0.13665459673659708,-0.704995,0.0,0.0,-6.14785,4.52537,-2.34784,-0.704995,8746.38,-2.34887,-0.670767,0.0
45070.0,-0.13768459673659672,-0.680187,0.0,0.0,-0.103359,2.48073,-2.34887,-0.680187,8722.66,-2.15964,-0.847867,0.0
45080.0,-0.13646459673659672,-0.666898,0.0,0.0,0.122104,1.32891,-2.34765,-0.666898,8701.6,-2.38451,-0.587565,0.0
45090.0,-0.1287645967365969,-0.660916,0.0,0.0,0.769999,0.598252,-2.33995,-0.660916,8683.33,-2.33727,-0.637525,0.0
45100.0,-0.08879459673659706,-0.658013,0.0,0.0,3.99702,0.290292,-2.29998,-0.658013,8666.2,-2.19362,-0.679835,0.0
45110.0,-0.0026445967365971157,-0.652552,0.0,0.0,8.61549,0.546089,-2.21383,-0.652552,8647.59,-2.15649,-0.742508,0.0
45120.0,0.008575403263403114,-0.639021,0.0,0.0,1.12174,1.35315,-2.20261,-0.639021,8624.45,-2.15665,-0.582593,0.0
45130.0,0.010035403263402909,-0.627339,0.0,0.0,0.146126,1.16817,-2.20115,-0.627339,8596.02,-2.11295,-0.618692,0.0
45140.0,0.016515403263403172,-0.620656,0.0,0.0,0.647475,0.668261,-2.19467,-0.620656,8566.05,-2.25514,-0.711923,0.0
45150.0,-0.009554596736597087,-0.61243,0.0,0.0,-2.60693,0.822667,-2.22074,-0.61243,8539.36,-2.27097,-0.596333,0.0
45160.0,-0.01090459673659705,-0.604614,0.0,0.0,-0.134325,0.781547,-2.22209,-0.604614,8514.99,-2.20135,-0.541541,0.0
45170.0,-0.027154596736596925,-0.59846,0.0,0.0,-1.62505,0.615422,-2.23834,-0.59846,8489.75,-2.2108,-0.532818,0.0
45180.0,-0.02863459673659685,-0.594403,0.0,0.0,-0.148799,0.405673,-2.23982,-0.594403,8465.84,-2.20111,-0.650667,0.0
45190.0,-0.028744596736597128,-0.587906,0.0,0.0,-0.0106416,0.649717,-2.23993,-0.587906,8445.37,-2.28215,-0.592431,0.0
45200.0,-0.04008459673659681,-0.575808,0.0,0.0,-1.13397,1.20984,-2.25127,-0.575808,8426.29,-2.29746,-0.538434,0.0
45210.0,-0.03949459673659694,-0.560434,0.0,0.0,0.0591849,1.53737,-2.25068,-0.560434,8408.14,-2.25521,-0.562749,0.0
45220.0,-0.038274596736596944,-0.542395,0.0,0.0,0.122322,1.80386,-2.24946,-0.542395,8390.74,-2.19351,-0.397843,0.0
45230.0,-0.03862459673659702,-0.522402,0.0,0.0,-0.0350008,1.99929,-2.24981,-0.522402,8371.37,-2.32958,-0.576217,0.0
45240.0,-0.02557459673659679,-0.506333,0.0,0.0,1.30453,1.60697,-2.23676,-0.506333,8350.66,-2.14087,-0.430947,0.0
45250.0,-0.011204596736596795,-0.497031,0.0,0.0,1.4365,0.930203,-2.22239,-0.497031,8333.46,-2.23909,-0.393462,0.0
45260.0,-0.00935459673659711,-0.489646,0.0,0.0,0.185464,0.738448,-2.22054,-0.489646,8321.66,-2.44251,-0.634963,0.0
45270.0,0.007965403263403115,-0.48073,0.0,0.0,1.73185,0.891603,-2.20322,-0.48073,8313.05,-2.17955,-0.364111,0.0
45280.0,0.009735403263403164,-0.466991,0.0,0.0,0.17673,1.37391,-2.20145,-0.466991,8305.65,-1.95681,-0.519026,0.0
45290.0,0.011735403263402944,-0.446916,0.0,0.0,0.200649,2.00748,-2.19945,-0.446916,8297.43,-2.26857,-0.532321,0.0
45300.0,0.012905403263403059,-0.420858,0.0,0.0,0.116983,2.60579,-2.19828,-0.420858,8283.9,-2.12287,-0.529193,0.0
45310.0,-0.007044596736597075,-0.384218,0.0,0.0,-1.99516,3.66406,-2.21823,-0.384218,8263.26,-2.21913,-0.527568,0.0
45320.0,-0.12469459673659689,-0.317599,0.0,0.0,-11.7649,6.66183,-2.33588,-0.317599,8242.08,-2.89091,-0.199544,0.0
45330.0,-0.28541459673659686,-0.213965,0.0,0.0,-16.0721,10.3635,-2.4966,-0.213965,8227.06,-2.43868,0.0251197,0.0
45340.0,-0.3021645967365969,-0.106172,0.0,0.0,-1.67477,10.7793,-2.51335,-0.106172,8217.1,-2.30504,0.0381467,0.0
45350.0,-0.3107445967365967,-0.0288897,0.0,0.0,-0.858592,7.72822,-2.52193,-0.0288897,8208.41,-2.61738,0.141062,0.0
45360.0,-0.290724596736597,0.00538235,0.0,0.0,2.00234,3.42721,-2.50191,0.00538235,8199.3,-2.47909,-0.0252973,0.0
45370.0,-0.30823459673659714,0.0161919,0.0,0.0,-1.75086,1.08095,-2.51942,0.0161919,8190.12,-2.50685,0.0216348,0.0
45380.0,-0.3126045967365969,0.016877,0.0,0.0,-0.436793,0.0685171,-2.52379,0.016877,8182.81,-2.57473,0.00929542,0.0
45390.0,-0.31576459673659674,0.0107172,0.0,0.0,-0.316563,-0.615979,-2.52695,0.0107172,8178.83,-2.43136,0.230669,0.0
45400.0,-0.37765459673659674,-0.00424906,0.0,0.0,-6.18894,-1.49663,-2.58884,-0.00424906,8177.46,-2.63154,0.047653,0.0
45410.0,-0.4424045967365968,-0.0299879,0.0,0.0,-6.47446,-2.57389,-2.65359,-0.0299879,8177.27,-2.7163,-0.121734,0.0
45420.0,-0.4671445967365968,-0.0576058,0.0,0.0,-2.47414,-2.76179,-2.67833,-0.0576058,8177.95,-2.6246,-0.177765,0.0
45430.0,-0.46959459673659687,-0.0791703,0.0,0.0,-0.245349,-2.15645,-2.68078,-0.0791703,8180.48,-2.80727,-0.0244072,0.0
45440.0,-0.4701745967365971,-0.0966954,0.0,0.0,-0.058099,-1.75251,-2.68136,-0.0966954,8185.74,-2.75892,-0.17881,0.0
45450.0,-0.45459459673659675,-0.111438,0.0,0.0,1.55858,-1.4743,-2.66578,-0.111438,8192.72,-2.52767,-0.150019,0.0
45460.0,-0.4337045967365971,-0.120302,0.0,0.0,2.08889,-0.886325,-2.64489,-0.120302,8199.12,-2.55155,-0.119027,0.0
45470.0,-0.40470459673659676,-0.124509,0.0,0.0,2.89951,-0.42075,-2.61589,-0.124509,8203.48,-2.62732,0.0174616,0.0
45480.0,-0.402844596736597,-0.123532,0.0,0.0,0.185791,0.0977417,-2.61403,-0.123532,8206.17,-2.5025,0.274616,0.0
45490.0,-0.39097459673659696,-0.11553,0.0,0.0,1.18736,0.800149,-2.60216,-0.11553,8208.72,-2.5359,0.00713689,0.0
45500.0,-0.409624596736597,-0.0968329,0.0,0.0,-1.86454,1.86973,-2.62081,-0.0968329,8212.29,-2.70812,-0.135351,0.0
45510.0,-0.39475459673659685,-0.0766908,0.0,0.0,1.48667,2.01421,-2.60594,-0.0766908,8216.48,-2.62134,-0.265271,0.0
45520.0,-0.39303459673659713,-0.0618005,0.0,0.0,0.171608,1.48903,-2.60422,-0.0618005,8220.42,-2.69788,-0.202574,0.0
45530.0,-0.38990459673659705,-0.0535568,0.0,0.0,0.312943,0.824364,-2.60109,-0.0535568,8224.03,-2.59131,0.0208303,0.0
45540.0,-0.3297945967365967,-0.049525,0.0,0.0,6.0112,0.403182,-2.54098,-0.049525,8227.26,-2.46889,0.020012,0.0
45550.0,-0.27492459673659697,-0.0430464,0.0,0.0,5.48667,0.647862,-2.48611,-0.0430464,8230.19,-2.46349,-0.0628418,0.0
45560.0,-0.27163459673659673,-0.0292464,0.0,0.0,0.329111,1.38,-2.48282,-0.0292464,8233.36,-2.47903,-0.0307095,0.0
45570.0,-0.27027459673659715,-0.0107028,0.0,0.0,0.136019,1.85436,-2.48146,-0.0107028,8236.78,-2.49174,0.00868965,0.0
45580.0,-0.269034596736597,0.00626652,0.0,0.0,0.124488,1.69693,-2.48022,0.00626652,8240.07,-2.52967,0.0984015,0.0
45590.0,-0.2681845967365968,0.0167894,0.0,0.0,0.0846252,1.05229,-2.47937,0.0167894,8243.72,-2.52507,0.0922971,0.0
45600.0,-0.2660345967365969,0.0221624,0.0,0.0,0.215559,0.537305,-2.47722,0.0221624,8248.35,-2.43304,0.033244,0.0
45610.0,-0.2640545967365968,0.0250641,0.0,0.0,0.197428,0.290166,-2.47524,0.0250641,8253.45,-2.51093,-0.00278654,0.0
45620.0,-0.2634245967365971,0.0264337,0.0,0.0,0.0633348,0.136958,-2.47461,0.0264337,8257.97,-2.40677,0.0158887,0.0
45630.0,-0.2529845967365971,0.0264115,0.0,0.0,1.04382,-0.00221815,-2.46417,0.0264115,8261.34,-2.47761,0.0449867,0.0
45640.0,-0.2520045967365969,0.0263872,0.0,0.0,0.0985128,-0.00243333,-2.46319,0.0263872,8263.79,-2.49831,-0.0308681,0.0
45650.0,-0.23882459673659673,0.0253769,0.0,0.0,1.31761,-0.101025,-2.45001,0.0253769,8265.76,-2.36343,0.143032,0.0
45660.0,-0.2095645967365969,0.0223897,0.0,0.0,2.9259,-0.298722,-2.42075,0.0223897,8267.2,-2.40628,0.0911704,0.0
45670.0,-0.18560459673659713,0.0173418,0.0,0.0,2.3956,-0.504793,-2.39679,0.0173418,8267.92,-2.38635,-0.0621981,0.0
45680.0,-0.1777045967365969,0.0108674,0.0,0.0,0.790178,-0.647439,-2.38889,0.0108674,8268.17,-2.46091,0.0349243,0.0
45690.0,-0.17320459673659672,0.00468882,0.0,0.0,0.450195,-0.617856,-2.38439,0.00468882,8268.2,-2.26387,-0.0821409,0.0
45700.0,-0.17336459673659688,0.00129313,0.0,0.0,-0.0157259,-0.339569,-2.38455,0.00129313,8268.0,-2.35742,-0.205429,0.0
45710.0,-0.1759445967365969,0.000563846,0.0,0.0,-0.258538,-0.0729284,-2.38713,0.000563846,8267.36,-2.47461,0.00451404,0.0
45720.0,-0.17602459673659698,0.00101967,0.0,0.0,-0.00776823,0.0455826,-2.38721,0.00101967,8266.22,-2.43228,-0.000243622,0.0
45730.0,-0.17610459673659706,0.00183126,0.0,0.0,-0.00746781,0.0811593,-2.38729,0.00183126,8265.03,-2.23516,-0.0789281,0.0
45740.0,-0.1793845967365968,0.00339625,0.0,0.0,-0.328691,0.156498,-2.39057,0.00339625,8264.25,-2.40235,0.0260334,0.0
45750.0,-0.18703459673659673,0.00734621,0.0,0.0,-0.76496,0.394997,-2.39822,0.00734621,8263.8,-2.325,0.0104497,0.0
45760.0,-0.186534596736597,0.0133031,0.0,0.0,0.0503234,0.595685,-2.39772,0.0133031,8263.29,-2.37268,0.148349,0.0
45770.0,-0.17602459673659698,0.0188905,0.0,0.0,1.05054,0.558748,-2.38721,0.0188905,8262.69,-2.50333,0.207117,0.0
45780.0,-0.1568945967365969,0.0224305,0.0,0.0,1.91306,0.353999,-2.36808,0.0224305,8262.4,-2.35454,-0.0104365,0.0
45790.0,-0.15519459673659686,0.0246271,0.0,0.0,0.170086,0.219656,-2.36638,0.0246271,8262.76,-2.40877,0.0760148,0.0
45800.0,-0.13873459673659694,0.0231977,0.0,0.0,1.64594,-0.142944,-2.34992,0.0231977,8263.88,-2.32792,0.176017,0.0
45810.0,-0.138744596736597,0.0183324,0.0,0.0,-0.000636754,-0.486526,-2.34993,0.0183324,8266.0,-2.2232,-0.0848408,0.0
45820.0,-0.1478445967365971,0.0107681,0.0,0.0,-0.910353,-0.75643,-2.35903,0.0107681,8269.16,-2.36458,-0.128005,0.0
45830.0,-0.152574596736597,0.00536382,0.0,0.0,-0.472769,-0.540428,-2.36376,0.00536382,8272.19,-2.38399,0.0759465,0.0
45840.0,-0.24572459673659708,0.00832902,0.0,0.0,-9.31512,0.296519,-2.45691,0.00832902,8273.9,-2.54684,-0.0420641,0.0
45850.0,-0.3268945967365968,0.0092758,0.0,0.0,-8.11657,0.0946779,-2.53808,0.0092758,8274.54,-2.54967,-0.0557084,0.0
45860.0,-0.33072459673659704,0.00326247,0.0,0.0,-0.383549,-0.601333,-2.54191,0.00326247,8275.07,-2.59524,-0.0517821,0.0
45870.0,-0.33108459673659674,-0.00115863,0.0,0.0,-0.0360975,-0.44211,-2.54227,-0.00115863,8275.95,-2.54066,-0.00151272,0.0
45880.0,-0.33171459673659687,-0.00199472,0.0,0.0,-0.0626596,-0.0836091,-2.5429,-0.00199472,8277.01,-2.41535,0.0802326,0.0
45890.0,-0.3253745967365971,-0.00121444,0.0,0.0,0.634474,0.0780284,-2.53656,-0.00121444,8277.94,-2.45236,0.0699943,0.0
45900.0,-0.32470459673659713,0.00174424,0.0,0.0,0.0661251,0.295868,-2.53589,0.00174424,8278.8,-2.55396,-0.00782754,0.0
45910.0,-0.32104459673659713,0.00593133,0.0,0.0,0.366621,0.418709,-2.53223,0.00593133,8280.13,-2.51708,-0.092989,0.0
45920.0,-0.33049459673659687,0.0098689,0.0,0.0,-0.945393,0.393757,-2.54168,0.0098689,8283.04,-2.68067,0.0655185,0.0
45930.0,-0.3303945967365971,0.0112403,0.0,0.0,0.0100417,0.137139,-2.54158,0.0112403,8288.9,-2.5382,-0.0807785,0.0
45940.0,-0.3200245967365971,0.00956357,0.0,0.0,1.03698,-0.167672,-2.53121,0.00956357,8297.69,-2.55605,0.00750964,0.0
45950.0,-0.3052145967365969,0.00155115,0.0,0.0,1.48082,-0.801242,-2.5164,0.00155115,8306.96,-2.4473,0.0264713,0.0
45960.0,-0.26065459673659674,-0.0269413,0.0,0.0,4.45636,-2.84924,-2.47184,-0.0269413,8313.98,-2.63541,0.0950649,0.0
45970.0,-0.01840459673659689,-0.102981,0.0,0.0,24.2248,-7.60398,-2.22959,-0.102981,8318.32,-1.7738,-0.0144866,0.0
45980.0,1.7124314032634032,-0.286218,0.0,0.0,173.084,-18.3236,-0.498754,-0.286218,8320.83,3.44355,-0.53066,0.0
45990.0,7.138345403263402,-0.630742,0.0,0.0,542.591,-34.4524,4.92716,-0.630742,8321.94,9.01522,-0.747065,0.0
46000.0,12.899385403263404,-1.03189,0.0,0.0,576.101,-40.1153,10.6882,-1.03189,8321.74,12.6565,-0.888148,0.0
46010.0,15.603985403263403,-1.50946,0.0,0.0,270.459,-47.7561,13.3928,-1.50946,8319.35,15.6589,-1.99963,0.0
46020.0,18.478385403263403,-2.04541,0.0,0.0,287.442,-53.5955,16.2672,-2.04541,8312.71,18.3387,-2.65588,0.0
46030.0,21.172685403263404,-2.49612,-20.031,0.0,269.431,-45.0711,-38.9925,-2.49612,8300.66,20.8698,-3.09904,0.0
46040.0,22.761385403263404,-2.80024,-20.031,0.0,158.87,-30.4122,-40.5812,-2.80024,8286.21,22.2415,-3.16395,0.0
46050.0,23.911185403263403,-2.95742,-20.031,0.0,114.986,-15.7179,-41.7311,-2.95742,8275.28,22.0678,-3.0363,0.0
46060.0,24.230085403263402,-3.01842,-20.031,0.0,31.8892,-6.09931,-42.0499,-3.01842,8270.26,21.8917,-3.00411,0.0
46070.0,24.253785403263404,-3.03747,-20.031,0.0,2.36191,-1.90531,-42.0736,-3.03747,8268.85,22.3487,-3.20028,0.0
46080.0,24.271985403263404,-3.04654,-20.031,0.0,1.82296,-0.907034,-42.0918,-3.04654,8268.37,22.0915,-3.02482,0.0
46090.0,24.271785403263404,-3.05492,-20.031,0.0,-0.0137633,-0.838219,-42.0917,-3.05492,8267.77,22.0064,-3.03176,0.0
46100.0,24.270985403263403,-3.06367,-20.031,0.0,-0.0817907,-0.87461,-42.0908,-3.06367,8267.65,22.0498,-3.17522,0.0
46110.0,24.273885403263403,-3.07463,-20.031,0.0,0.291178,-1.09638,-42.0938,-3.07463,8269.02,22.0333,-2.98432,0.0
46120.0,24.273285403263404,-3.08648,-20.031,0.0,-0.0645374,-1.18501,-42.0931,-3.08648,8271.9,22.1448,-3.26939,0.0
46130.0,24.284285403263404,-3.09559,-20.031,0.0,1.09718,-0.910645,-42.1041,-3.09559,8276.15,22.0829,-3.08122,0.0
46140.0,24.284085403263404,-3.10292,-20.031,0.0,-0.0170893,-0.733139,-42.1039,-3.10292,8282.7,22.2362,-3.25461,0.0
46150.0,24.286285403263403,-3.10877,-20.031,0.0,0.221679,-0.584903,-42.1061,-3.10877,8293.14,22.0405,-3.1831,0.0
46160.0,24.278985403263402,-3.11008,-20.031,0.0,-0.730762,-0.131227,-42.0988,-3.11008,8306.77,22.0298,-3.07416,0.0
46170.0,24.273385403263404,-3.10766,-20.031,0.0,-0.56331,0.241744,-42.0932,-3.10766,8318.72,22.0778,-3.05218,0.0
46180.0,24.262685403263404,-3.10681,-20.031,0.0,-1.06902,0.0849246,-42.0825,-3.10681,8324.83,22.0713,-2.98431,0.0
46190.0,24.262485403263405,-3.10638,-20.031,0.0,-0.0189261,0.0429746,-42.0823,-3.10638,8325.51,21.9489,-3.13194,0.0
46200.0,24.267085403263405,-3.10178,-20.031,0.0,0.462332,0.459968,-42.0869,-3.10178,8322.15,22.0212,-3.09706,0.0
46210.0,24.245585403263405,-3.09442,-20.031,0.0,-2.15259,0.7367,-42.0654,-3.09442,8315.98,22.2937,-3.0682,0.0
46220.0,24.269685403263402,-3.08493,-20.031,0.0,2.41541,0.948519,-42.0896,-3.08493,8308.58,22.1592,-3.17669,0.0
46230.0,24.277285403263402,-3.06224,-20.031,0.0,0.752457,2.26912,-42.0971,-3.06224,8300.97,21.7011,-3.36979,0.0
46240.0,24.284985403263402,-2.98435,-20.031,0.0,0.777068,7.78919,-42.1049,-2.98435,8294.02,22.126,-3.34947,0.0
46250.0,24.274585403263405,-2.79233,-20.031,0.0,-1.04401,19.202,-42.0944,-2.79233,8286.79,22.3016,-2.59137,0.0
46260.0,24.251685403263405,-2.49116,-20.031,0.0,-2.28804,30.117,-42.0715,-2.49116,8278.02,22.0618,-1.72119,0.0
46270.0,24.286085403263403,-2.19457,-20.031,0.0,3.44013,29.6588,-42.1059,-2.19457,8269.18,21.96,-1.85976,0.0
46280.0,24.261185403263404,-2.01091,-20.031,0.0,-2.49634,18.3656,-42.081,-2.01091,8261.54,22.0177,-2.13182,0.0
46290.0,24.267785403263403,-1.93536,-20.031,0.0,0.662053,7.55538,-42.0876,-1.93536,8253.54,22.0462,-2.07899,0.0
46300.0,24.2713854032634,-1.91653,-20.031,0.0,0.36111,1.88289,-42.0912,-1.91653,8244.14,22.063,-1.92468,0.0
46310.0,24.304585403263403,-1.92446,-20.031,0.0,3.3162,-0.793153,-42.1244,-1.92446,8234.5,22.1834,-1.84687,0.0
46320.0,24.325085403263405,-1.94812,-20.031,0.0,2.05842,-2.36579,-42.1449,-1.94812,8224.22,22.1286,-1.88694,0.0
46330.0,24.323485403263405,-1.97372,-20.031,0.0,-0.161014,-2.55976,-42.1433,-1.97372,8210.11,22.196,-1.86585,0.0
46340.0,24.329685403263404,-1.98894,-20.031,0.0,0.618961,-1.52229,-42.1495,-1.98894,8192.04,22.033,-2.04582,0.0
46350.0,24.322285403263404,-1.99527,-20.031,0.0,-0.744927,-0.632322,-42.1421,-1.99527,8175.94,22.0781,-2.09522,0.0
46360.0,24.323685403263404,-1.9984,-20.031,0.0,0.146058,-0.313357,-42.1435,-1.9984,8166.26,22.1106,-2.08448,0.0
46370.0,24.324085403263403,-2.00049,-20.031,0.0,0.0391149,-0.209413,-42.1439,-2.00049,8160.49,22.0521,-1.99405,0.0
46380.0,24.336485403263403,-2.00124,-20.031,0.0,1.23625,-0.0749183,-42.1563,-2.00124,8154.71,22.224,-2.01179,0.0
46390.0,24.342785403263402,-2.00031,-20.031,0.0,0.627753,0.0931475,-42.1626,-2.00031,8148.92,22.1633,-1.97436,0.0
46400.0,24.357685403263403,-1.99683,-20.031,0.0,1.49204,0.347798,-42.1775,-1.99683,8144.62,22.0926,-2.08326,0.0
46410.0,24.379685403263405,-1.99131,-20.031,0.0,2.19783,0.552579,-42.1995,-1.99131,8141.25,21.9877,-1.88396,0.0
46420.0,24.381585403263404,-1.98522,-20.031,0.0,0.193293,0.608434,-42.2014,-1.98522,8137.27,22.1763,-2.00117,0.0
46430.0,24.389685403263403,-1.97859,-20.031,0.0,0.813068,0.663418,-42.2095,-1.97859,8132.28,22.1807,-1.96283,0.0
46440.0,24.390785403263404,-1.97178,-20.031,0.0,0.110451,0.681311,-42.2106,-1.97178,8126.85,22.1862,-1.97355,0.0
46450.0,24.391685403263402,-1.96492,-20.031,0.0,0.08538,0.685585,-42.2115,-1.96492,8120.95,22.2031,-1.92569,0.0
46460.0,24.394085403263404,-1.9581,-20.031,0.0,0.240174,0.682405,-42.2139,-1.9581,8114.25,22.1379,-1.98993,0.0
46470.0,24.396185403263402,-1.95219,-20.031,0.0,0.216854,0.590456,-42.2161,-1.95219,8107.81,22.19,-1.85513,0.0
46480.0,24.394185403263403,-1.94813,-20.031,0.0,-0.209884,0.406027,-42.214,-1.94813,8102.83,22.1886,-2.21716,0.0
46490.0,24.400585403263403,-1.9458,-20.031,0.0,0.644236,0.232941,-42.2204,-1.9458,8098.27,22.2534,-1.94314,0.0
46500.0,24.401285403263405,-1.94565,-20.031,0.0,0.0698698,0.0148556,-42.2211,-1.94565,8092.45,22.0884,-1.9425,0.0
46510.0,24.410485403263404,-1.94711,-20.031,0.0,0.91597,-0.14563,-42.2303,-1.94711,8085.44,22.2795,-1.89906,0.0
46520.0,24.412185403263404,-1.94969,-20.031,0.0,0.177632,-0.258496,-42.232,-1.94969,8077.69,22.1936,-2.15195,0.0
46530.0,24.390085403263402,-1.95467,-20.031,0.0,-2.20793,-0.497897,-42.21,-1.95467,8067.63,22.0172,-1.88896,0.0
46540.0,24.388385403263403,-1.96175,-20.031,0.0,-0.176143,-0.707959,-42.2082,-1.96175,8052.78,22.2044,-1.95415,0.0
46550.0,24.386985403263402,-1.96837,-20.031,0.0,-0.141934,-0.662206,-42.2068,-1.96837,8033.55,22.2565,-1.97108,0.0
46560.0,24.370285403263402,-1.97251,-20.031,0.0,-1.66489,-0.413284,-42.1901,-1.97251,8014.99,22.0224,-2.04989,0.0
46570.0,24.343385403263404,-1.9745,-20.031,0.0,-2.6888,-0.198934,-42.1632,-1.9745,8001.24,22.3473,-2.04633,0.0
46580.0,24.342785403263402,-1.97517,-20.031,0.0,-0.05885,-0.0671042,-42.1627,-1.97517,7991.35,22.084,-1.97398,0.0
46590.0,24.357085403263405,-1.97564,-20.031,0.0,1.43047,-0.0472287,-42.177,-1.97564,7983.53,22.1429,-1.99722,0.0
46600.0,24.357585403263403,-1.9761,-20.031,0.0,0.0450416,-0.0458653,-42.1774,-1.9761,7977.65,22.1887,-1.86694,0.0
46610.0,24.354685403263403,-1.97581,-20.031,0.0,-0.287703,0.0290712,-42.1745,-1.97581,7972.88,22.1179,-1.98775,0.0
46620.0,24.354385403263404,-1.97491,-20.031,0.0,-0.0281246,0.0893664,-42.1743,-1.97491,7967.37,22.1512,-1.96569,0.0
46630.0,24.347885403263405,-1.97439,-20.031,0.0,-0.649821,0.0526969,-42.1678,-1.97439,7960.33,22.1179,-2.10546,0.0
46640.0,24.330185403263403,-1.97487,-20.031,0.0,-1.76992,-0.0486457,-42.1501,-1.97487,7952.3,22.0312,-1.93298,0.0
46650.0,24.315585403263402,-1.97653,-20.031,0.0,-1.46501,-0.165853,-42.1354,-1.97653,7943.28,22.1041,-1.98254,0.0
46660.0,24.313285403263404,-1.97906,-20.031,0.0,-0.228471,-0.252814,-42.1331,-1.97906,7932.46,22.1806,-1.76086,0.0
46670.0,24.301085403263404,-1.98206,-20.031,0.0,-1.22237,-0.299693,-42.1209,-1.98206,7920.18,22.1137,-1.86504,0.0
46680.0,24.299285403263404,-1.98458,-20.031,0.0,-0.181189,-0.252551,-42.1191,-1.98458,7909.14,21.9625,-2.08207,0.0
46690.0,24.273285403263404,-1.98644,-20.031,0.0,-2.59676,-0.185775,-42.0931,-1.98644,7901.51,22.0499,-2.00537,0.0
46700.0,24.203385403263404,-1.9879,-20.031,0.0,-6.99516,-0.145491,-42.0232,-1.9879,7896.31,21.8889,-1.97121,0.0
46710.0,24.157385403263405,-1.9886,-20.031,0.0,-4.59612,-0.0703429,-41.9772,-1.9886,7891.74,21.7265,-1.95368,0.0
46720.0,24.138385403263403,-1.98886,-20.031,0.0,-1.90069,-0.0260546,-41.9582,-1.98886,7887.54,21.9205,-2.00956,0.0
46730.0,24.137385403263405,-1.98893,-20.031,0.0,-0.09547,-0.00700966,-41.9572,-1.98893,7883.97,21.9485,-2.08961,0.0
46740.0,24.137785403263404,-1.98931,-20.031,0.0,0.0375385,-0.0378341,-41.9576,-1.98931,7880.34,21.8848,-1.85143,0.0
46750.0,24.147385403263403,-1.99043,-20.031,0.0,0.959606,-0.112198,-41.9672,-1.99043,7875.95,21.922,-1.93002,0.0
46760.0,24.147085403263404,-1.99218,-20.031,0.0,-0.0336617,-0.174689,-41.9669,-1.99218,7871.97,21.9512,-1.9262,0.0
46770.0,24.134185403263402,-1.992,-20.031,0.0,-1.28168,0.0171977,-41.9541,-1.992,7869.87,21.964,-1.99867,0.0
46780.0,24.132985403263405,-1.98654,-20.031,0.0,-0.12207,0.546443,-41.9528,-1.98654,7869.7,21.778,-2.03692,0.0
46790.0,24.103685403263402,-1.97938,-20.031,0.0,-2.93408,0.716371,-41.9235,-1.97938,7871.46,21.8875,-1.99478,0.0
46800.0,24.080485403263403,-1.97639,-20.031,0.0,-2.32226,0.299009,-41.9003,-1.97639,7875.65,21.8356,-2.04844,0.0
46810.0,24.079485403263405,-1.97597,-20.031,0.0,-0.0978544,0.0417341,-41.8993,-1.97597,7881.58,21.8385,-2.0381,0.0
46820.0,24.078385403263404,-1.97176,-20.031,0.0,-0.105029,0.421421,-41.8982,-1.97176,7886.92,21.9218,-1.72063,0.0
46830.0,24.068985403263405,-1.95771,-20.031,0.0,-0.939669,1.40406,-41.8889,-1.95771,7890.06,21.9478,-1.88155,0.0
46840.0,24.060185403263404,-1.93564,-20.031,0.0,-0.88175,2.20702,-41.88,-1.93564,7891.6,21.8052,-1.95856,0.0
46850.0,24.044585403263405,-1.91607,-20.031,0.0,-1.56051,1.95702,-41.8644,-1.91607,7892.78,21.8529,-1.86708,0.0
46860.0,24.041185403263402,-1.90562,-20.031,0.0,-0.340206,1.04511,-41.861,-1.90562,7894.06,21.7143,-1.81138,0.0
46870.0,24.039985403263405,-1.9061,-20.031,0.0,-0.119499,-0.0475369,-41.8598,-1.9061,7895.7,21.9772,-2.0348,0.0
46880.0,24.038585403263404,-1.91415,-20.031,0.0,-0.146378,-0.804785,-41.8584,-1.91415,7898.26,21.844,-1.76348,0.0
46890.0,24.025185403263404,-1.92178,-20.031,0.0,-1.33099,-0.763059,-41.8451,-1.92178,7902.36,21.7778,-1.94615,0.0
46900.0,23.997585403263404,-1.92573,-20.031,0.0,-2.76411,-0.395382,-41.8174,-1.92573,7908.3,21.7745,-1.86368,0.0
46910.0,23.927285403263404,-1.9289,-20.031,0.0,-7.03126,-0.316641,-41.7471,-1.9289,7916.3,21.6576,-1.92509,0.0
46920.0,23.870585403263405,-1.93135,-20.031,0.0,-5.66947,-0.245267,-41.6904,-1.93135,7926.08,21.6573,-1.89416,0.0
46930.0,23.865285403263403,-1.93214,-20.031,0.0,-0.532098,-0.0788316,-41.6851,-1.93214,7935.62,21.6568,-1.93934,0.0
46940.0,23.822185403263404,-1.93282,-20.031,0.0,-4.30745,-0.0685876,-41.642,-1.93282,7942.42,21.4868,-2.02583,0.0
46950.0,23.779985403263403,-1.93336,-20.031,0.0,-4.21899,-0.0534769,-41.5998,-1.93336,7946.17,21.5529,-1.97155,0.0
46960.0,23.778085403263404,-1.9334,-20.031,0.0,-0.195304,-0.00444146,-41.5979,-1.9334,7948.42,21.5974,-1.75286,0.0
46970.0,23.773985403263403,-1.93351,-20.031,0.0,-0.401648,-0.0110742,-41.5939,-1.93351,7950.97,21.7553,-1.89782,0.0
46980.0,23.773885403263403,-1.93355,-20.031,0.0,-0.0180253,-0.00379985,-41.5937,-1.93355,7955.1,21.5391,-1.91036,0.0
46990.0,23.773485403263404,-1.93341,-20.031,0.0,-0.0370188,0.0139943,-41.5933,-1.93341,7961.01,21.5692,-1.92914,0.0
47000.0,23.763285403263403,-1.93293,-20.031,0.0,-1.01632,0.0481711,-41.5831,-1.93293,7967.78,21.5474,-1.93824,0.0
47010.0,23.728785403263405,-1.93199,-20.031,0.0,-3.44857,0.0939032,-41.5487,-1.93199,7974.2,21.4334,-2.00881,0.0
47020.0,23.688485403263403,-1.93,-20.031,0.0,-4.03306,0.199604,-41.5083,-1.93,7980.13,21.3779,-1.99181,0.0
47030.0,23.665285403263404,-1.92687,-20.031,0.0,-2.31668,0.312173,-41.4852,-1.92687,7986.26,21.4913,-1.90063,0.0
47040.0,23.642885403263403,-1.92457,-20.031,0.0,-2.24317,0.23035,-41.4627,-1.92457,7992.41,21.4183,-1.9398,0.0
47050.0,23.624285403263404,-1.92475,-20.031,0.0,-1.86359,-0.0178518,-41.4441,-1.92475,7997.61,21.3346,-1.90495,0.0
47060.0,23.608685403263404,-1.92675,-20.031,0.0,-1.55976,-0.200342,-41.4285,-1.92675,8002.25,21.4011,-1.84031,0.0
47070.0,23.571585403263402,-1.92923,-20.031,0.0,-3.70782,-0.247543,-41.3914,-1.92923,8008.09,21.2745,-1.8413,0.0
47080.0,23.526285403263405,-1.93278,-20.031,0.0,-4.52627,-0.355166,-41.3462,-1.93278,8015.23,21.1935,-1.82208,0.0
47090.0,23.506385403263405,-1.94011,-20.031,0.0,-1.99729,-0.733155,-41.3262,-1.94011,8021.78,21.329,-1.94282,0.0
47100.0,23.454585403263405,-1.95397,-20.031,0.0,-5.17395,-1.38586,-41.2744,-1.95397,8026.74,21.1688,-2.15841,0.0
47110.0,23.401185403263405,-1.97364,-20.031,0.0,-5.34413,-1.96753,-41.221,-1.97364,8031.6,21.1892,-1.97583,0.0
47120.0,23.354985403263402,-1.99683,-20.031,0.0,-4.621,-2.3189,-41.1748,-1.99683,8038.05,21.1013,-1.97975,0.0
47130.0,23.324985403263405,-2.01764,-20.031,0.0,-2.99565,-2.08066,-41.1448,-2.01764,8044.99,21.0734,-1.86813,0.0
47140.0,23.297585403263405,-2.0306,-20.031,0.0,-2.73878,-1.29612,-41.1174,-2.0306,8050.35,21.0254,-2.04924,0.0
47150.0,23.295685403263402,-2.03468,-20.031,0.0,-0.196488,-0.407795,-41.1155,-2.03468,8054.3,21.1208,-2.10456,0.0
47160.0,23.286485403263402,-2.03279,-20.031,0.0,-0.914784,0.18862,-41.1063,-2.03279,8058.54,21.0629,-2.12185,0.0
47170.0,23.284985403263402,-2.02754,-20.031,0.0,-0.154035,0.525238,-41.1048,-2.02754,8064.27,21.157,-2.0973,0.0
47180.0,23.266585403263402,-2.01464,-20.031,0.0,-1.83362,1.29022,-41.0865,-2.01464,8072.01,20.9065,-1.98969,0.0
47190.0,23.256385403263405,-1.98232,-20.031,0.0,-1.02408,3.23186,-41.0762,-1.98232,8081.53,20.9846,-2.108,0.0
47200.0,23.235285403263404,-1.93169,-20.031,0.0,-2.11147,5.06319,-41.0551,-1.93169,8091.51,20.9769,-1.65332,0.0
47210.0,23.206885403263403,-1.8849,-20.031,0.0,-2.83893,4.679,-41.0267,-1.8849,8100.74,21.0671,-1.85592,0.0
47220.0,23.185985403263402,-1.85945,-20.031,0.0,-2.09005,2.54467,-41.0058,-1.85945,8108.91,21.0201,-1.79157,0.0
47230.0,22.964185403263404,-1.85351,-20.031,0.0,-22.1764,0.594221,-40.784,-1.85351,8116.71,20.5192,-2.04405,0.0
47240.0,22.513385403263403,-1.85607,-20.031,0.0,-45.0794,-0.256025,-40.3332,-1.85607,8125.55,18.7351,-1.70785,0.0
47250.0,22.023585403263404,-1.86002,-20.031,0.0,-48.9802,-0.395551,-39.8434,-1.86002,8135.27,19.5909,-1.85155,0.0
47260.0,21.746485403263403,-1.86353,-20.031,0.0,-27.71,-0.350142,-39.5663,-1.86353,8143.58,19.4835,-1.91904,0.0
47270.0,21.720485403263403,-1.86859,-20.031,0.0,-2.60647,-0.506471,-39.5403,-1.86859,8148.9,19.5303,-1.85835,0.0
47280.0,21.704985403263404,-1.87836,-20.031,0.0,-1.5502,-0.976599,-39.5248,-1.87836,8152.06,19.4641,-2.02999,0.0
47290.0,21.632785403263405,-1.89226,-20.031,0.0,-7.21975,-1.39025,-39.4526,-1.89226,8154.66,19.2819,-1.7716,0.0
47300.0,21.596785403263404,-1.90615,-20.031,0.0,-3.59718,-1.38897,-39.4166,-1.90615,8156.85,19.2756,-2.06402,0.0
47310.0,21.555785403263403,-1.91754,-20.031,0.0,-4.09858,-1.13867,-39.3756,-1.91754,8158.06,19.44,-1.95465,0.0
47320.0,21.524785403263405,-1.92628,-20.031,0.0,-3.09882,-0.874762,-39.3446,-1.92628,8158.42,19.3853,-2.18572,0.0
47330.0,21.522885403263402,-1.93244,-20.031,0.0,-0.19608,-0.615578,-39.3427,-1.93244,8158.4,19.3283,-1.97401,0.0
47340.0,21.520785403263403,-1.93575,-20.031,0.0,-0.203955,-0.331055,-39.3406,-1.93575,8158.11,19.2466,-1.92351,0.0
47350.0,21.493685403263402,-1.93508,-20.031,0.0,-2.71123,0.0665136,-39.3135,-1.93508,8157.52,19.1213,-1.80598,0.0
47360.0,21.479385403263404,-1.92951,-20.031,0.0,-1.42698,0.557339,-39.2993,-1.92951,8156.86,19.2775,-1.91155,0.0
47370.0,21.469485403263402,-1.92062,-20.031,0.0,-0.999126,0.888785,-39.2893,-1.92062,8156.47,19.1663,-1.92547,0.0
47380.0,21.457785403263404,-1.91097,-20.031,0.0,-1.16503,0.965161,-39.2776,-1.91097,8156.35,19.2694,-1.95672,0.0
47390.0,21.440785403263405,-1.90198,-20.031,0.0,-1.70088,0.899348,-39.2606,-1.90198,8156.54,19.2416,-1.87497,0.0
47400.0,21.404885403263403,-1.89135,-20.031,0.0,-3.58964,1.06299,-39.2247,-1.89135,8157.57,19.1252,-1.89186,0.0
47410.0,21.343785403263404,-1.86721,-20.031,0.0,-6.11438,2.41359,-39.1636,-1.86721,8160.58,19.1861,-2.05526,0.0
47420.0,20.855685403263404,-1.81021,-20.031,0.0,-48.8091,5.69979,-38.6755,-1.81021,8165.94,17.4934,-1.83727,0.0
47430.0,18.466285403263402,-1.70999,-20.031,0.0,-238.939,10.0226,-36.2861,-1.70999,8172.63,14.0951,-1.10514,0.0
47440.0,16.405285403263402,-1.58058,-20.031,0.0,-206.1,12.9407,-34.2251,-1.58058,8179.47,13.218,-1.43438,0.0
47450.0,16.283385403263402,-1.48738,-20.031,0.0,-12.1849,9.32018,-34.1032,-1.48738,8185.46,14.1515,-1.37889,0.0
47460.0,16.158385403263402,-1.44321,-20.031,0.0,-12.5006,4.41665,-33.9782,-1.44321,8189.74,13.8523,-1.34949,0.0
47470.0,15.952385403263403,-1.43074,-20.031,0.0,-20.6067,1.24728,-33.7722,-1.43074,8192.4,13.4857,-1.34252,0.0
47480.0,15.873685403263403,-1.43416,-20.031,0.0,-7.87007,-0.341817,-33.6935,-1.43416,8193.95,13.634,-1.36621,0.0
47490.0,15.868585403263404,-1.45342,-20.031,0.0,-0.509881,-1.92614,-33.6884,-1.45342,8194.79,13.6211,-1.45807,0.0
47500.0,15.866985403263403,-1.48972,-20.031,0.0,-0.158868,-3.62968,-33.6868,-1.48972,8195.43,13.7511,-1.58913,0.0
47510.0,15.914085403263403,-1.52908,-20.031,0.0,4.71557,-3.9365,-33.7339,-1.52908,8196.44,13.7439,-1.55913,0.0
47520.0,15.913785403263404,-1.55361,0.0,0.0,-0.0344253,-2.45308,13.7026,-1.55361,8197.95,13.7009,-1.78933,0.0
47530.0,15.912985403263404,-1.5625,0.0,0.0,-0.0762232,-0.888395,13.7018,-1.5625,8199.29,13.7735,-1.55344,0.0
47540.0,15.916185403263404,-1.56338,0.0,0.0,0.321329,-0.0882688,13.705,-1.56338,8200.27,13.5694,-1.68939,0.0
47550.0,15.899085403263404,-1.55954,0.0,0.0,-1.71593,0.38354,13.6879,-1.55954,8201.56,13.6598,-1.6199,0.0
47560.0,15.887985403263404,-1.55112,0.0,0.0,-1.10489,0.841932,13.6768,-1.55112,8202.93,13.7373,-1.29114,0.0
47570.0,15.857485403263404,-1.53977,0.0,0.0,-3.05251,1.13572,13.6463,-1.53977,8203.9,13.7782,-1.60355,0.0
47580.0,15.853685403263404,-1.5301,0.0,0.0,-0.37574,0.967204,13.6425,-1.5301,8205.16,13.5427,-1.43932,0.0
47590.0,15.776385403263404,-1.52368,0.0,0.0,-7.73378,0.641637,13.5652,-1.52368,8207.9,13.5086,-1.37023,0.0
47600.0,15.762185403263404,-1.51886,0.0,0.0,-1.4204,0.48193,13.551,-1.51886,8212.14,13.4073,-1.49482,0.0
47610.0,15.752285403263404,-1.51098,0.0,0.0,-0.987472,0.788305,13.5411,-1.51098,8216.56,13.4796,-1.81317,0.0
47620.0,15.753085403263404,-1.49954,0.0,0.0,0.0759675,1.14376,13.5419,-1.49954,8220.46,13.6046,-1.47662,0.0
47630.0,15.754285403263404,-1.48792,0.0,0.0,0.122796,1.16144,13.5431,-1.48792,8223.97,13.5748,-1.54812,0.0
47640.0,15.725985403263403,-1.47495,0.0,0.0,-2.82964,1.29747,13.5148,-1.47495,8226.03,13.5693,-1.61287,0.0
47650.0,14.941985403263404,-1.44284,0.0,0.0,-78.4053,3.21084,12.7308,-1.44284,8225.98,12.0127,-1.65614,0.0
47660.0,12.275185403263404,-1.36339,0.0,0.0,-266.675,7.94535,10.064,-1.36339,8225.32,8.0681,-1.27452,0.0
47670.0,9.720215403263403,-1.25906,0.0,0.0,-255.498,10.4326,7.50903,-1.25906,8225.08,5.41579,-0.940948,0.0
47680.0,8.874435403263403,-1.18501,0.0,0.0,-84.5776,7.40554,6.66325,-1.18501,8224.58,6.57434,-1.03079,0.0
47690.0,8.650915403263403,-1.13096,0.0,0.0,-22.3522,5.40434,6.43973,-1.13096,8222.62,7.05351,-1.17337,0.0
47700.0,8.588915403263403,-1.08995,0.0,0.0,-6.20028,4.10089,6.37773,-1.08995,8218.78,6.39936,-1.03075,0.0
47710.0,8.558785403263403,-1.06391,0.0,0.0,-3.01269,2.60399,6.3476,-1.06391,8213.65,6.32582,-1.02072,0.0
47720.0,7.727275403263404,-1.03109,0.0,0.0,-83.1513,3.28277,5.51609,-1.03109,8207.84,4.87534,-1.42723,0.0
47730.0,4.134555403263403,-0.920665,0.0,0.0,-359.272,11.0422,1.92337,-0.920665,8201.79,-1.07379,-0.992173,0.0
47740.0,0.679725403263403,-0.789896,0.0,0.0,-345.483,13.0769,-1.53146,-0.789896,8196.22,-4.18205,-0.648019,0.0
47750.0,-0.26494459673659687,-0.750923,0.0,0.0,-94.4666,3.8973,-2.47613,-0.750923,8191.45,-2.01462,-0.803709,0.0
47760.0,-0.7033145967365968,-0.736094,0.0,0.0,-43.8376,1.48287,-2.9145,-0.736094,8186.68,-2.42049,-0.697507,0.0
47770.0,-0.8551545967365968,-0.73509,0.0,0.0,-15.184,0.100393,-3.06634,-0.73509,8181.04,-3.10262,-0.627494,0.0
47780.0,-0.8624545967365971,-0.742877,0.0,0.0,-0.729261,-0.778648,-3.07364,-0.742877,8175.14,-3.26505,-0.71641,0.0
47790.0,-0.8829945967365971,-0.757467,0.0,0.0,-2.05446,-1.45908,-3.09418,-0.757467,8170.11,-3.06091,-0.7539,0.0
47800.0,-0.897494596736597,-0.783068,0.0,0.0,-1.45026,-2.56011,-3.10868,-0.783068,8166.55,-3.19873,-0.791631,0.0
47810.0,-0.9055145967365967,-0.815119,0.0,0.0,-0.80151,-3.20502,-3.1167,-0.815119,8164.73,-3.06343,-0.904989,0.0
47820.0,-0.9217945967365968,-0.84161,0.0,0.0,-1.62821,-2.64916,-3.13298,-0.84161,8164.34,-3.14937,-0.835801,0.0
47830.0,-0.9290945967365971,-0.85607,0.0,0.0,-0.730153,-1.446,-3.14028,-0.85607,8165.33,-3.13757,-0.978633,0.0
47840.0,-0.9297445967365969,-0.861716,0.0,0.0,-0.0648722,-0.564597,-3.14093,-0.861716,8168.66,-3.26226,-0.974456,0.0
47850.0,-0.9298045967365969,-0.864711,0.0,0.0,-0.00600272,-0.299522,-3.14099,-0.864711,8174.14,-3.15299,-0.848317,0.0
47860.0,-0.9264545967365971,-0.866301,0.0,0.0,0.334875,-0.159001,-3.13764,-0.866301,8179.1,-3.11481,-0.908531,0.0
47870.0,-0.9257845967365967,-0.864815,0.0,0.0,0.0667476,0.148601,-3.13697,-0.864815,8181.61,-3.16745,-0.846203,0.0
47880.0,-0.9160245967365968,-0.862042,0.0,0.0,0.976243,0.277378,-3.12721,-0.862042,8182.18,-3.08569,-0.729848,0.0
47890.0,-0.9100845967365969,-0.858034,0.0,0.0,0.593908,0.400762,-3.12127,-0.858034,8181.38,-3.11579,-0.742168,0.0
47900.0,-0.909484596736597,-0.852804,0.0,0.0,0.0601123,0.522986,-3.12067,-0.852804,8178.29,-3.12136,-0.904338,0.0
47910.0,-0.9093245967365968,-0.847871,0.0,0.0,0.0165324,0.493361,-3.12051,-0.847871,8172.0,-3.04499,-0.690649,0.0
47920.0,-0.9157145967365969,-0.8429,0.0,0.0,-0.639267,0.497024,-3.1269,-0.8429,8162.7,-3.14337,-0.873615,0.0
47930.0,-0.9774345967365967,-0.834504,0.0,0.0,-6.17253,0.839658,-3.18862,-0.834504,8149.61,-3.24908,-0.884441,0.0
47940.0,-1.073404596736597,-0.825602,0.0,0.0,-9.59646,0.890157,-3.28459,-0.825602,8131.3,-3.33621,-0.729294,0.0
47950.0,-1.0774245967365967,-0.822789,0.0,0.0,-0.401599,0.281277,-3.28861,-0.822789,8109.57,-3.31506,-0.726837,0.0
47960.0,-1.079074596736597,-0.819496,0.0,0.0,-0.165505,0.329339,-3.29026,-0.819496,8088.14,-3.35816,-0.827327,0.0
47970.0,-1.075784596736597,-0.816706,0.0,0.0,0.329141,0.279015,-3.28697,-0.816706,8068.64,-3.09554,-0.920118,0.0
47980.0,-1.000254596736597,-0.817407,0.0,0.0,7.55243,-0.0700892,-3.21144,-0.817407,8051.63,-3.25245,-0.874053,0.0
47990.0,-0.9221845967365971,-0.817122,0.0,0.0,7.80717,0.0284532,-3.13337,-0.817122,8037.32,-3.18166,-0.91819,0.0
48000.0,-0.890024596736597,-0.813623,0.0,0.0,3.21612,0.349938,-3.10121,-0.813623,8021.91,-3.0574,-0.62756,0.0
48010.0,-0.880074596736597,-0.803242,0.0,0.0,0.995622,1.03807,-3.09126,-0.803242,7998.92,-2.99603,-0.670361,0.0
48020.0,-0.8770645967365969,-0.777532,0.0,0.0,0.300155,2.57101,-3.08825,-0.777532,7968.15,-3.1126,-0.813067,0.0
48030.0,-0.8552245967365968,-0.737715,0.0,0.0,2.18419,3.98175,-3.06641,-0.737715,7935.32,-2.95658,-0.82199,0.0
48040.0,-0.8463345967365967,-0.696688,0.0,0.0,0.88882,4.10264,-3.05752,-0.696688,7900.37,-3.11825,-0.770366,0.0
48050.0,-0.842644596736597,-0.662084,0.0,0.0,0.369109,3.46042,-3.05383,-0.662084,7858.51,-3.17173,-0.681066,0.0
48060.0,-0.8098145967365968,-0.619312,0.0,0.0,3.28279,4.27723,-3.021,-0.619312,7813.22,-3.00783,-0.611684,0.0
48070.0,-0.6426845967365971,-0.55818,0.0,0.0,16.7131,6.11314,-2.85387,-0.55818,7774.68,-2.56937,-0.243964,0.0
48080.0,-0.5726045967365971,-0.481859,0.0,0.0,7.00834,7.6321,-2.78379,-0.481859,7744.51,-2.60503,-0.223775,0.0
48090.0,-0.535914596736597,-0.414018,0.0,0.0,3.66869,6.78408,-2.7471,-0.414018,7714.68,-2.74105,-0.298823,0.0
48100.0,-0.503164596736597,-0.361875,0.0,0.0,3.27585,5.21433,-2.71435,-0.361875,7681.17,-2.86441,-0.320882,0.0
48110.0,-0.556854596736597,-0.321007,0.0,0.0,-5.36911,4.08682,-2.76804,-0.321007,7646.26,-2.93469,-0.439293,0.0
48120.0,-0.557594596736597,-0.296049,0.0,0.0,-0.0742308,2.49575,-2.76878,-0.296049,7612.23,-2.73454,-0.278507,0.0
48130.0,-0.5543245967365968,-0.280495,0.0,0.0,0.327018,1.55539,-2.76551,-0.280495,7581.62,-2.89481,-0.361697,0.0
48140.0,-0.5034545967365971,-0.267521,0.0,0.0,5.0864,1.29746,-2.71464,-0.267521,7555.6,-2.62489,-0.188063,0.0
48150.0,-0.4743845967365967,-0.246326,0.0,0.0,2.90728,2.1195,-2.68557,-0.246326,7530.18,-2.64553,-0.163111,0.0
48160.0,-0.45869459673659696,-0.221626,0.0,0.0,1.56934,2.46993,-2.66988,-0.221626,7501.3,-2.66946,-0.126712,0.0
48170.0,-0.44798459673659696,-0.204779,0.0,0.0,1.07045,1.68477,-2.65917,-0.204779,7471.01,-2.66924,-0.281347,0.0
48180.0,-0.4422845967365969,-0.196641,0.0,0.0,0.570857,0.81378,-2.65347,-0.196641,7444.92,-2.63332,-0.121398,0.0
48190.0,-0.43430459673659705,-0.19006,0.0,0.0,0.797405,0.658126,-2.64549,-0.19006,7423.34,-2.63936,-0.185473,0.0
48200.0,-0.42713459673659715,-0.1827,0.0,0.0,0.71676,0.735927,-2.63832,-0.1827,7401.58,-2.82527,-0.152839,0.0
48210.0,-0.40912459673659685,-0.180491,0.0,0.0,1.8012,0.220928,-2.62031,-0.180491,7380.37,-2.61027,-0.308426,0.0
48220.0,-0.3916245967365968,-0.188758,0.0,0.0,1.75016,-0.826689,-2.60281,-0.188758,7364.21,-2.46775,-0.265018,0.0
48230.0,-0.3879445967365971,-0.209297,0.0,0.0,0.368184,-2.05395,-2.59913,-0.209297,7352.2,-2.62137,-0.442237,0.0
48240.0,-0.38965459673659675,-0.238801,0.0,0.0,-0.171403,-2.95036,-2.60084,-0.238801,7340.25,-2.6294,-0.168228,0.0
48250.0,-0.3864245967365969,-0.269587,0.0,0.0,0.323499,-3.07855,-2.59761,-0.269587,7327.87,-2.47898,-0.11133,0.0
48260.0,-0.3879145967365969,-0.294352,0.0,0.0,-0.14881,-2.47655,-2.5991,-0.294352,7317.34,-2.5868,-0.231433,0.0
48270.0,-0.3873545967365968,-0.309831,0.0,0.0,0.0558541,-1.54786,-2.59854,-0.309831,7309.03,-2.73916,-0.393021,0.0
48280.0,-0.3864545967365971,-0.31674,0.0,0.0,0.08992,-0.690909,-2.59764,-0.31674,7301.11,-2.6048,-0.315038,0.0
48290.0,-0.3539845967365971,-0.32093,0.0,0.0,3.24649,-0.419058,-2.56517,-0.32093,7292.61,-2.46224,-0.327556,0.0
48300.0,-0.29040459673659713,-0.326767,0.0,0.0,6.35817,-0.583633,-2.50159,-0.326767,7284.58,-2.29367,-0.468079,0.0
48310.0,-0.17727459673659673,-0.337296,0.0,0.0,11.3128,-1.05289,-2.38846,-0.337296,7277.23,-2.4752,-0.348085,0.0
48320.0,-0.09746459673659702,-0.350235,0.0,0.0,7.98087,-1.29392,-2.30865,-0.350235,7268.0,-2.29708,-0.302234,0.0
48330.0,-0.09512459673659679,-0.363756,0.0,0.0,0.234691,-1.35216,-2.30631,-0.363756,7256.0,-2.19745,-0.413853,0.0
48340.0,-0.09453459673659692,-0.377126,0.0,0.0,0.0588352,-1.33693,-2.30572,-0.377126,7245.3,-2.31544,-0.296056,0.0
48350.0,-0.05767459673659703,-0.387005,0.0,0.0,3.68539,-0.987943,-2.26886,-0.387005,7239.52,-2.33171,-0.423833,0.0
48360.0,-0.01471459673659714,-0.39198,0.0,0.0,4.29674,-0.497489,-2.2259,-0.39198,7237.26,-2.23625,-0.404857,0.0
48370.0,-0.012734596736597048,-0.392877,0.0,0.0,0.19731,-0.0896439,-2.22392,-0.392877,7235.17,-2.17718,-0.214044,0.0
48380.0,-0.007314596736597068,-0.393244,0.0,0.0,0.542492,-0.036721,-2.2185,-0.393244,7231.63,-2.17055,-0.435085,0.0
48390.0,0.011315403263402857,-0.393737,0.0,0.0,1.86264,-0.0493386,-2.19987,-0.393737,7226.79,-2.17071,-0.269304,0.0
48400.0,0.011965403263403118,-0.392449,0.0,0.0,0.0655806,0.128828,-2.19922,-0.392449,7220.44,-2.22489,-0.38769,0.0
48410.0,0.004305403263403118,-0.388218,0.0,0.0,-0.766431,0.423049,-2.20688,-0.388218,7212.3,-2.16601,-0.392141,0.0
48420.0,-0.04901459673659714,-0.376105,0.0,0.0,-5.33161,1.21136,-2.2602,-0.376105,7204.46,-2.42575,-0.336476,0.0
48430.0,-0.10054459673659677,-0.355368,0.0,0.0,-5.15329,2.07369,-2.31173,-0.355368,7199.55,-2.53715,-0.392967,0.0
48440.0,-0.1915645967365971,-0.327831,0.0,0.0,-9.10181,2.7537,-2.40275,-0.327831,7197.64,-2.12797,-0.281411,0.0
48450.0,-0.32755459673659715,-0.299523,0.0,0.0,-13.5988,2.83075,-2.53874,-0.299523,7197.2,-3.13915,-0.120831,0.0
48460.0,-0.44429459673659677,-0.271028,0.0,0.0,-11.6747,2.84959,-2.65548,-0.271028,7197.3,-2.88272,0.0723293,0.0
48470.0,-0.47635459673659675,-0.23881,0.0,0.0,-3.20527,3.22175,-2.68754,-0.23881,7197.93,-2.57724,0.0438411,0.0
48480.0,-0.4747345967365968,-0.202702,0.0,0.0,0.16132,3.61084,-2.68592,-0.202702,7199.39,-2.7073,0.0209162,0.0
48490.0,-0.4657845967365968,-0.169323,0.0,0.0,0.895356,3.3379,-2.67697,-0.169323,7201.72,-2.87903,-0.27611,0.0
48500.0,-0.4646345967365968,-0.145034,0.0,0.0,0.114582,2.42882,-2.67582,-0.145034,7204.81,-2.59655,-0.289891,0.0
48510.0,-0.48434459673659713,-0.132222,0.0,0.0,-1.97082,1.2812,-2.69553,-0.132222,7209.18,-2.69254,-0.116379,0.0
48520.0,-0.4858945967365971,-0.128887,0.0,0.0,-0.155271,0.333553,-2.69708,-0.128887,7216.38,-2.69916,-0.131811,0.0
48530.0,-0.5070245967365969,-0.12792,0.0,0.0,-2.11273,0.0967152,-2.71821,-0.12792,7227.31,-2.79047,-0.0516834,0.0
48540.0,-0.532654596736597,-0.127288,0.0,0.0,-2.56234,0.0631555,-2.74384,-0.127288,7240.08,-2.85861,-0.119951,0.0
48550.0,-0.591904596736597,-0.125317,0.0,0.0,-5.92558,0.197124,-2.80309,-0.125317,7252.16,-2.72866,-0.00815784,0.0
48560.0,-0.6497045967365969,-0.125023,0.0,0.0,-5.77985,0.0293434,-2.86089,-0.125023,7262.44,-2.87487,-0.123168,0.0
48570.0,-0.6601545967365969,-0.132042,0.0,0.0,-1.04515,-0.701849,-2.87134,-0.132042,7270.45,-2.87981,-0.191688,0.0
48580.0,-0.665994596736597,-0.147252,0.0,0.0,-0.583906,-1.52102,-2.87718,-0.147252,7277.32,-2.85795,-0.123418,0.0
48590.0,-0.6856345967365969,-0.166136,0.0,0.0,-1.96369,-1.88843,-2.89682,-0.166136,7286.14,-2.95291,-0.196326,0.0
48600.0,-0.7189645967365967,-0.180566,0.0,0.0,-3.33325,-1.443,-2.93015,-0.180566,7298.35,-3.04986,-0.297988,0.0
48610.0,-0.7210645967365967,-0.189026,0.0,0.0,-0.210054,-0.84598,-2.93225,-0.189026,7311.12,-2.87494,-0.0543847,0.0
48620.0,-0.7220345967365969,-0.192863,0.0,0.0,-0.0974019,-0.383652,-2.93322,-0.192863,7321.01,-2.96075,-0.356338,0.0
48630.0,-0.737234596736597,-0.19447,0.0,0.0,-1.51964,-0.160758,-2.94842,-0.19447,7329.38,-2.94772,-0.187721,0.0
48640.0,-0.7208545967365971,-0.196721,0.0,0.0,1.63787,-0.225104,-2.93204,-0.196721,7341.09,-2.87107,-0.273517,0.0
48650.0,-0.686124596736597,-0.199003,0.0,0.0,3.47285,-0.228171,-2.89731,-0.199003,7358.12,-3.01816,-0.181177,0.0
48660.0,-0.6625645967365967,-0.20048,0.0,0.0,2.35596,-0.147663,-2.87375,-0.20048,7377.44,-2.82267,-0.211859,0.0
48670.0,-0.6560745967365968,-0.202053,0.0,0.0,0.649809,-0.157325,-2.86726,-0.202053,7394.4,-2.88376,-0.144877,0.0
48680.0,-0.640434596736597,-0.207004,0.0,0.0,1.56307,-0.495074,-2.85162,-0.207004,7406.66,-2.86948,-0.461264,0.0
48690.0,-0.5873945967365968,-0.219222,0.0,0.0,5.30417,-1.22188,-2.79858,-0.219222,7416.6,-2.40216,-0.146058,0.0
48700.0,-0.5087845967365969,-0.242763,0.0,0.0,7.86156,-2.35409,-2.71997,-0.242763,7429.62,-2.67457,-0.260021,0.0
48710.0,-0.46635459673659696,-0.27765,0.0,0.0,4.24323,-3.48862,-2.67754,-0.27765,7447.15,-2.68715,-0.4335,0.0
48720.0,-0.4639545967365968,-0.314666,0.0,0.0,0.239725,-3.70162,-2.67514,-0.314666,7463.9,-2.56041,-0.121102,0.0
48730.0,-0.46101459673659706,-0.341447,0.0,0.0,0.294204,-2.67815,-2.6722,-0.341447,7475.21,-2.67132,-0.398426,0.0
48740.0,-0.461414596736597,-0.354268,0.0,0.0,-0.0406063,-1.28208,-2.6726,-0.354268,7482.85,-2.74959,-0.11341,0.0
48750.0,-0.4617845967365968,-0.359466,0.0,0.0,-0.0363089,-0.519781,-2.67297,-0.359466,7490.95,-2.61315,-0.385761,0.0
48760.0,-0.46198459673659675,-0.362334,0.0,0.0,-0.0207968,-0.286765,-2.67317,-0.362334,7501.59,-2.67397,-0.352733,0.0
48770.0,-0.462904596736597,-0.36442,0.0,0.0,-0.0914385,-0.208664,-2.67409,-0.36442,7515.0,-2.82493,-0.16071,0.0
48780.0,-0.48087459673659705,-0.365026,0.0,0.0,-1.79745,-0.0605717,-2.69206,-0.365026,7529.52,-2.7916,-0.212727,0.0
48790.0,-0.494494596736597,-0.365282,0.0,0.0,-1.36211,-0.025597,-2.70568,-0.365282,7542.87,-2.64257,-0.368311,0.0
48800.0,-0.49499459673659674,-0.366337,0.0,0.0,-0.0501909,-0.105546,-2.70618,-0.366337,7554.64,-2.71215,-0.374108,0.0
48810.0,-0.4919345967365971,-0.367615,0.0,0.0,0.30646,-0.127751,-2.70312,-0.367615,7565.69,-2.71451,-0.457284,0.0
48820.0,-0.49200459673659713,-0.368532,0.0,0.0,-0.00664374,-0.0917187,-2.70319,-0.368532,7576.41,-2.70489,-0.46358,0.0
48830.0,-0.49505459673659713,-0.369013,0.0,0.0,-0.305327,-0.0480942,-2.70624,-0.369013,7586.94,-2.72794,-0.238075,0.0
48840.0,-0.4918745967365967,-0.368208,0.0,0.0,0.317852,0.0805436,-2.70306,-0.368208,7597.83,-2.59415,-0.401775,0.0
48850.0,-0.48739459673659713,-0.363421,0.0,0.0,0.447928,0.478635,-2.69858,-0.363421,7609.05,-2.84358,-0.260499,0.0
48860.0,-0.4459745967365971,-0.355116,0.0,0.0,4.1418,0.830487,-2.65716,-0.355116,7619.18,-2.64176,-0.420288,0.0
48870.0,-0.38660459673659675,-0.346467,0.0,0.0,5.93708,0.864972,-2.59779,-0.346467,7626.8,-2.49967,-0.381839,0.0
48880.0,-0.383594596736597,-0.339501,0.0,0.0,0.301448,0.696611,-2.59478,-0.339501,7632.53,-2.57528,-0.318766,0.0
48890.0,-0.38375459673659673,-0.336379,0.0,0.0,-0.016596,0.312155,-2.59494,-0.336379,7638.54,-2.48665,-0.303947,0.0
48900.0,-0.39541459673659674,-0.3342,0.0,0.0,-1.16512,0.217874,-2.6066,-0.3342,7646.94,-2.6807,-0.243563,0.0
48910.0,-0.46279459673659673,-0.330473,0.0,0.0,-6.73877,0.372705,-2.67398,-0.330473,7658.45,-2.87238,-0.323474,0.0
48920.0,-0.5159245967365971,-0.328681,0.0,0.0,-5.31232,0.179265,-2.72711,-0.328681,7672.12,-2.79493,-0.341086,0.0
48930.0,-0.525004596736597,-0.330673,0.0,0.0,-0.908034,-0.199205,-2.73619,-0.330673,7688.19,-2.71034,-0.229027,0.0
48940.0,-0.5251045967365968,-0.334345,0.0,0.0,-0.00995485,-0.367234,-2.73629,-0.334345,7706.49,-2.82235,-0.277124,0.0
48950.0,-0.514424596736597,-0.33804,0.0,0.0,1.06766,-0.369471,-2.72561,-0.33804,7722.23,-2.73388,-0.351596,0.0
48960.0,-0.5044045967365971,-0.340504,0.0,0.0,1.00178,-0.246416,-2.71559,-0.340504,7731.33,-2.64709,-0.342135,0.0
48970.0,-0.49962459673659687,-0.341706,0.0,0.0,0.478126,-0.120212,-2.71081,-0.341706,7735.62,-2.69609,-0.405188,0.0
48980.0,-0.47809459673659704,-0.343011,0.0,0.0,2.15325,-0.130508,-2.68928,-0.343011,7738.63,-2.63479,-0.444103,0.0
48990.0,-0.43785459673659677,-0.345006,0.0,0.0,4.02384,-0.199514,-2.64904,-0.345006,7743.31,-2.70705,-0.290985,0.0
49000.0,-0.40878459673659684,-0.346648,0.0,0.0,2.90681,-0.164177,-2.61997,-0.346648,7752.27,-2.51153,-0.355838,0.0
49010.0,-0.4022845967365969,-0.347586,5.20788,0.0,0.649988,-0.093772,-7.82135,-0.347586,7764.72,-2.57848,-0.148816,0.0
49020.0,-0.402164596736597,-0.349136,5.20788,0.0,0.0123337,-0.155036,-7.82123,-0.349136,7776.09,-2.43477,-0.585406,0.0
49030.0,-0.40470459673659676,-0.352492,5.20788,0.0,-0.254309,-0.335619,-7.82377,-0.352492,7783.79,-2.63833,-0.335161,0.0
49040.0,-0.46006459673659705,-0.355199,5.20788,0.0,-5.5353,-0.270716,-7.87913,-0.355199,7789.72,-2.82402,-0.554289,0.0
49050.0,-0.527844596736597,-0.357051,5.20788,0.0,-6.7787,-0.185165,-7.94691,-0.357051,7796.01,-2.8806,-0.444127,0.0
49060.0,-0.550004596736597,-0.359517,5.20788,0.0,-2.21621,-0.246603,-7.96908,-0.359517,7802.16,-2.75465,-0.322256,0.0
49070.0,-0.5510645967365968,-0.362539,5.20788,0.0,-0.106,-0.302174,-7.97014,-0.362539,7807.23,-2.96243,-0.443452,0.0
49080.0,-0.551024596736597,-0.366855,5.20788,0.0,0.00438491,-0.431668,-7.97009,-0.366855,7811.83,-2.77668,-0.36737,0.0
49090.0,-0.5417545967365971,-0.370271,5.20788,0.0,0.926895,-0.341523,-7.96082,-0.370271,7817.59,-2.7218,-0.355553,0.0
49100.0,-0.5069745967365971,-0.370455,5.20788,0.0,3.47784,-0.0183971,-7.92604,-0.370455,7825.99,-2.6507,-0.335115,0.0
49110.0,-0.45452459673659673,-0.37152,5.20788,0.0,5.24521,-0.106512,-7.87359,-0.37152,7836.73,-2.59894,-0.284882,0.0
49120.0,-0.4487045967365968,-0.377258,5.20788,0.0,0.582212,-0.573814,-7.86777,-0.377258,7846.98,-2.59072,-0.524843,0.0
49130.0,-0.44910459673659675,-0.391626,5.20788,0.0,-0.0403775,-1.43679,-7.86817,-0.391626,7854.01,-2.69076,-0.616372,0.0
49140.0,-0.440944596736597,-0.413004,5.20788,0.0,0.816113,-2.13779,-7.86001,-0.413004,7858.02,-2.70135,-0.566513,0.0
49150.0,-0.46096459673659673,-0.434615,5.20788,0.0,-2.00209,-2.16113,-7.88003,-0.434615,7861.28,-2.67837,-0.268196,0.0
49160.0,-0.47214459673659714,-0.451442,5.20788,0.0,-1.11763,-1.68268,-7.89121,-0.451442,7865.18,-2.65283,-0.320313,0.0
49170.0,-0.47789459673659707,-0.459844,5.20788,0.0,-0.575272,-0.840254,-7.89696,-0.459844,7869.82,-2.75897,-0.400975,0.0
49180.0,-0.4840645967365971,-0.462169,5.20788,0.0,-0.616567,-0.232504,-7.90313,-0.462169,7875.76,-2.7135,-0.620756,0.0
49190.0,-0.4994645967365967,-0.46224,5.20788,0.0,-1.54024,-0.00709596,-7.91853,-0.46224,7884.09,-2.55599,-0.488164,0.0
49200.0,-0.5127445967365971,-0.463033,5.20788,0.0,-1.32764,-0.0792547,-7.93181,-0.463033,7893.96,-2.75596,-0.593959,0.0
49210.0,-0.5172345967365968,-0.46674,5.20788,0.0,-0.449566,-0.370756,-7.9363,-0.46674,7902.21,-2.89141,-0.435326,0.0
49220.0,-0.5191545967365969,-0.475182,5.20788,0.0,-0.192286,-0.844175,-7.93823,-0.475182,7907.2,-2.78796,-0.555384,0.0
49230.0,-0.5477645967365969,-0.486744,5.20788,0.0,-2.86037,-1.15621,-7.96683,-0.486744,7910.08,-2.67622,-0.364889,0.0
49240.0,-0.5851345967365971,-0.498615,5.20788,0.0,-3.73758,-1.18708,-8.00421,-0.498615,7912.12,-2.67576,-0.415381,0.0
49250.0,-0.575774596736597,-0.508251,5.20788,0.0,0.936097,-0.963573,-7.99484,-0.508251,7914.21,-2.83465,-0.460348,0.0
49260.0,-0.5670645967365968,-0.513804,5.20788,0.0,0.871742,-0.555289,-7.98613,-0.513804,7917.3,-2.99538,-0.629344,0.0
49270.0,-0.567844596736597,-0.520723,5.20788,0.0,-0.0785301,-0.691927,-7.98691,-0.520723,7921.73,-2.79185,-0.545918,0.0
49280.0,-0.5837245967365967,-0.530971,5.20788,0.0,-1.58813,-1.0248,-8.00279,-0.530971,7927.0,-2.74349,-0.522594,0.0
49290.0,-0.585394596736597,-0.544828,5.20788,0.0,-0.166343,-1.38567,-8.00446,-0.544828,7932.23,-2.71922,-0.579429,0.0
49300.0,-0.5874045967365968,-0.559339,5.20788,0.0,-0.201062,-1.45111,-8.00647,-0.559339,7937.48,-2.79218,-0.417157,0.0
49310.0,-0.6102645967365969,-0.571643,5.20788,0.0,-2.28591,-1.23042,-8.02933,-0.571643,7944.11,-2.87064,-0.445545,0.0
49320.0,-0.612584596736597,-0.590478,5.20788,0.0,-0.232,-1.88349,-8.03165,-0.590478,7953.16,-2.91639,-0.57956,0.0
49330.0,-0.6022445967365968,-0.636385,5.20788,0.0,1.03334,-4.59071,-8.02131,-0.636385,7963.98,-2.96272,-0.536915,0.0
49340.0,-0.2176645967365971,-0.738011,5.20788,0.0,38.4586,-10.1626,-7.63673,-0.738011,7974.51,-1.35844,-0.878688,0.0
49350.0,1.7657654032634031,-0.919966,5.20788,0.0,198.343,-18.1954,-5.6533,-0.919966,7982.68,3.72641,-1.26838,0.0
49360.0,4.700855403263403,-1.10327,5.20788,0.0,293.509,-18.3304,-2.71821,-1.10327,7988.33,4.99265,-1.33401,0.0
49370.0,6.253055403263403,-1.19709,5.20788,0.0,155.22,-9.38249,-1.16602,-1.19709,7992.91,3.98592,-1.23863,0.0
49380.0,6.4817854032634035,-1.22716,5.20788,0.0,22.8737,-3.00683,-0.937278,-1.22716,7997.02,3.84336,-1.29325,0.0
49390.0,6.622665403263403,-1.24279,5.20788,0.0,14.0879,-1.56239,-0.796399,-1.24279,8000.41,4.56212,-1.16695,0.0
49400.0,6.634615403263403,-1.24756,5.20788,0.0,1.19423,-0.477454,-0.784456,-1.24756,8002.67,4.56383,-1.35097,0.0
49410.0,6.780605403263403,-1.25158,5.20788,0.0,14.5996,-0.401508,-0.63846,-1.25158,8003.6,4.67323,-1.19491,0.0
49420.0,6.787185403263402,-1.24995,5.20788,0.0,0.657561,0.162343,-0.631885,-1.24995,8003.7,4.7327,-1.15487,0.0
49430.0,6.788755403263403,-1.246,5.20788,0.0,0.157112,0.394826,-0.630314,-1.246,8003.53,4.58748,-1.25819,0.0
49440.0,6.815615403263402,-1.24171,5.20788,0.0,2.68627,0.429788,-0.603451,-1.24171,8003.16,4.43627,-1.39832,0.0
49450.0,6.789205403263404,-1.23715,5.20788,0.0,-2.6406,0.455423,-0.629857,-1.23715,8002.67,4.54103,-1.21534,0.0
49460.0,6.788825403263402,-1.23422,5.20788,0.0,-0.0386102,0.293484,-0.630243,-1.23422,8002.02,4.61368,-1.366,0.0
49470.0,6.8034354032634035,-1.23299,5.20788,0.0,1.46083,0.123004,-0.615635,-1.23299,8001.14,4.55815,-1.13843,0.0
49480.0,6.834025403263404,-1.2338,5.20788,0.0,3.0596,-0.0811223,-0.585039,-1.2338,8000.3,4.6025,-1.3349,0.0
49490.0,6.884885403263404,-1.23284,5.20788,0.0,5.08554,0.0956514,-0.534183,-1.23284,7999.76,4.79939,-1.09685,0.0
49500.0,6.950785403263403,-1.22722,5.20788,0.0,6.58982,0.56183,-0.468285,-1.22722,7999.47,4.77423,-1.21082,0.0
49510.0,6.954445403263403,-1.21744,5.20788,0.0,0.366182,0.978327,-0.464623,-1.21744,7999.18,4.67328,-1.17875,0.0
49520.0,6.954305403263403,-1.2083,5.20788,0.0,-0.013755,0.914317,-0.464761,-1.2083,7998.6,4.74863,-1.39748,0.0
49530.0,6.930465403263403,-1.19786,5.20788,0.0,-2.38378,1.04426,-0.488599,-1.19786,7997.26,4.8159,-1.30148,0.0
49540.0,6.7893854032634025,-1.17763,5.20788,0.0,-14.1081,2.02293,-0.62968,-1.17763,7993.62,4.38165,-1.27461,0.0
49550.0,5.018015403263403,-1.09559,5.20788,0.0,-177.137,8.20399,-2.40105,-1.09559,7985.08,1.03069,-1.05333,0.0
49560.0,3.2884154032634028,-0.990091,5.20788,0.0,-172.96,10.5495,-4.13065,-0.990091,7970.61,0.195085,-0.765565,0.0
49570.0,2.997743403263403,-0.922369,5.20788,0.0,-29.067,6.77223,-4.42132,-0.922369,7954.33,0.585368,-0.812534,0.0
49580.0,2.763711403263403,-0.864036,5.20788,0.0,-23.4032,5.83329,-4.65536,-0.864036,7941.56,1.00618,-0.819082,0.0
49590.0,2.678874403263403,-0.828937,5.20788,0.0,-8.48364,3.50987,-4.74019,-0.828937,7932.27,0.445516,-0.800644,0.0
49600.0,2.680708403263403,-0.813806,5.20788,0.0,0.18334,1.51311,-4.73836,-0.813806,7923.67,0.410523,-0.87916,0.0
49610.0,2.6813954032634033,-0.80745,5.20788,0.0,0.0686992,0.63562,-4.73767,-0.80745,7914.43,0.263847,-0.768085,0.0
49620.0,2.684276403263403,-0.803712,5.20788,0.0,0.288097,0.373817,-4.73479,-0.803712,7905.16,0.435333,-0.789013,0.0
49630.0,2.743547403263403,-0.800989,5.20788,0.0,5.92718,0.272271,-4.67552,-0.800989,7896.98,0.64676,-0.821095,0.0
49640.0,2.7557584032634033,-0.790278,5.20788,0.0,1.22103,1.07108,-4.66331,-0.790278,7890.17,0.647555,-0.897482,0.0
49650.0,2.8021764032634033,-0.770174,5.20788,0.0,4.64183,2.01047,-4.61689,-0.770174,7884.35,0.647488,-0.697164,0.0
49660.0,2.803933403263403,-0.742778,5.20788,0.0,0.175673,2.73955,-4.61513,-0.742778,7878.06,0.435785,-0.858545,0.0
49670.0,2.751083403263403,-0.718973,5.20788,0.0,-5.28493,2.38054,-4.66798,-0.718973,7868.74,0.547603,-0.671532,0.0
49680.0,2.7475614032634033,-0.70768,5.20788,0.0,-0.35222,1.12932,-4.67151,-0.70768,7855.75,0.529026,-0.614465,0.0
49690.0,2.722330403263403,-0.703262,5.20788,0.0,-2.52317,0.441807,-4.69674,-0.703262,7842.41,0.390649,-0.705093,0.0
49700.0,2.747829403263403,-0.703879,5.20788,0.0,2.54998,-0.0617088,-4.67124,-0.703879,7832.24,0.553238,-0.578532,0.0
49710.0,2.750774403263403,-0.704544,5.20788,0.0,0.294502,-0.0665385,-4.66829,-0.704544,7824.75,0.331553,-0.697067,0.0
49720.0,2.793938403263403,-0.706415,5.20788,0.0,4.31633,-0.187131,-4.62513,-0.706415,7816.53,0.635817,-0.54319,0.0
49730.0,2.836741403263403,-0.707114,5.20788,0.0,4.28037,-0.0698445,-4.58233,-0.707114,7805.05,0.639204,-0.719417,0.0
49740.0,2.847718403263403,-0.703632,5.20788,0.0,1.09766,0.348161,-4.57135,-0.703632,7790.76,0.595355,-0.734514,0.0
49750.0,2.869087403263403,-0.695265,5.20788,0.0,2.13693,0.836757,-4.54998,-0.695265,7775.81,0.750042,-0.781668,0.0
49760.0,2.914703403263403,-0.682896,5.20788,0.0,4.56157,1.23689,-4.50436,-0.682896,7761.32,0.702766,-0.712855,0.0
49770.0,2.9818094032634033,-0.670867,5.20788,0.0,6.7106,1.2029,-4.43726,-0.670867,7747.25,0.818969,-0.531984,0.0
49780.0,3.060470403263403,-0.662448,5.20788,0.0,7.86608,0.841827,-4.3586,-0.662448,7734.68,0.982418,-0.541622,0.0
49790.0,3.134875403263403,-0.656295,5.20788,0.0,7.44055,0.615298,-4.28419,-0.656295,7724.93,0.970266,-0.696281,0.0
49800.0,3.171550403263403,-0.650728,5.20788,0.0,3.66748,0.556757,-4.24752,-0.650728,7717.85,0.960854,-0.641014,0.0
49810.0,3.176408403263403,-0.64643,5.20788,0.0,0.485783,0.429828,-4.24266,-0.64643,7712.34,0.862813,-0.586057,0.0
49820.0,3.178344403263403,-0.643041,5.20788,0.0,0.193636,0.33885,-4.24072,-0.643041,7707.02,0.950099,-0.852874,0.0
49830.0,3.178304403263403,-0.638576,5.20788,0.0,-0.00406099,0.446558,-4.24076,-0.638576,7700.41,1.11837,-0.581682,0.0
49840.0,3.205612403263403,-0.634702,5.20788,0.0,2.73083,0.387379,-4.21345,-0.634702,7691.85,1.21012,-0.65699,0.0
49850.0,3.241115403263403,-0.634216,5.20788,0.0,3.54993,0.0485521,-4.17796,-0.634216,7682.17,0.950615,-0.664205,0.0
49860.0,3.259155403263403,-0.638114,5.20788,0.0,1.80399,-0.389775,-4.15992,-0.638114,7673.39,1.03017,-0.513806,0.0
49870.0,3.255715403263403,-0.64378,5.20788,0.0,-0.343259,-0.566609,-4.16335,-0.64378,7667.33,1.11552,-0.605149,0.0
49880.0,3.2632054032634032,-0.648325,5.20788,0.0,0.748504,-0.454493,-4.15586,-0.648325,7664.25,1.09684,-0.606469,0.0
49890.0,3.274735403263403,-0.650385,5.20788,0.0,1.15358,-0.206018,-4.14433,-0.650385,7663.04,1.04671,-0.657735,0.0
49900.0,3.294605403263403,-0.651389,5.20788,0.0,1.98684,-0.100348,-4.12446,-0.651389,7662.58,1.13411,-0.718145,0.0
49910.0,3.3169754032634033,-0.652729,5.20788,0.0,2.23625,-0.133989,-4.1021,-0.652729,7662.14,1.20539,-0.725993,0.0
49920.0,3.3287054032634034,-0.654577,5.20788,0.0,1.17391,-0.184851,-4.09036,-0.654577,7661.0,1.09668,-0.648179,0.0
49930.0,3.352625403263403,-0.656992,5.20788,0.0,2.39136,-0.241536,-4.06644,-0.656992,7658.29,1.18094,-0.701612,0.0
49940.0,3.353165403263403,-0.657922,5.20788,0.0,0.0547048,-0.0930065,-4.0659,-0.657922,7654.39,1.23647,-0.624519,0.0
49950.0,3.343685403263403,-0.657839,5.20788,0.0,-0.948478,0.00836033,-4.07538,-0.657839,7650.84,1.15291,-0.624598,0.0
49960.0,3.342675403263403,-0.65788,5.20788,0.0,-0.101083,-0.0041448,-4.07639,-0.65788,7648.38,1.09124,-0.725981,0.0
49970.0,3.329215403263403,-0.65818,5.20788,0.0,-1.34619,-0.0299446,-4.08985,-0.65818,7646.82,0.944848,-0.586961,0.0
49980.0,3.328515403263403,-0.65951,5.20788,0.0,-0.0699311,-0.133036,-4.09055,-0.65951,7646.26,1.06612,-0.760897,0.0
49990.0,3.329185403263403,-0.660212,5.20788,0.0,0.066876,-0.070168,-4.08988,-0.660212,7647.06,1.13478,-0.698552,0.0
50000.0,3.345665403263403,-0.660734,5.20788,0.0,1.64872,-0.0522088,-4.0734,-0.660734,7649.19,1.25275,-0.601512,0.0
50010.0,3.346385403263403,-0.660859,5.20788,0.0,0.071605,-0.0125015,-4.07268,-0.660859,7652.28,1.14928,-0.674525,0.0
50020.0,3.345275403263403,-0.661589,5.20788,0.0,-0.110937,-0.073033,-4.07379,-0.661589,7655.57,1.1197,-0.599402,0.0
50030.0,3.3199554032634033,-0.662353,5.20788,0.0,-2.53189,-0.0763592,-4.09911,-0.662353,7658.57,0.978321,-0.654378,0.0
50040.0,3.286725403263403,-0.663715,5.20788,0.0,-3.32309,-0.136258,-4.13234,-0.663715,7661.4,1.088,-0.635121,0.0
50050.0,3.263375403263403,-0.666853,5.20788,0.0,-2.33494,-0.313743,-4.15569,-0.666853,7664.29,1.04302,-0.668891,0.0
50060.0,3.250505403263403,-0.67201,5.20788,0.0,-1.28689,-0.515724,-4.16856,-0.67201,7667.67,1.03004,-0.731213,0.0
50070.0,3.249295403263403,-0.677222,5.20788,0.0,-0.121748,-0.521233,-4.16978,-0.677222,7672.15,1.17269,-0.700348,0.0
50080.0,3.242575403263403,-0.679856,5.20788,0.0,-0.671874,-0.263346,-4.1765,-0.679856,7677.84,1.02805,-0.630592,0.0
50090.0,3.2422554032634032,-0.680245,5.20788,0.0,-0.0317499,-0.0388869,-4.17681,-0.680245,7683.95,1.00178,-0.702282,0.0
50100.0,3.244205403263403,-0.677208,5.20788,0.0,0.194835,0.303645,-4.17486,-0.677208,7689.38,0.860786,-0.736574,0.0
50110.0,3.286285403263403,-0.667639,5.20788,0.0,4.20863,0.956891,-4.13278,-0.667639,7693.66,1.12214,-0.68291,0.0
50120.0,3.348925403263403,-0.648685,5.20788,0.0,6.26346,1.89548,-4.07014,-0.648685,7697.24,1.1967,-0.611376,0.0
50130.0,3.357925403263403,-0.625206,5.20788,0.0,0.900463,2.34786,-4.06114,-0.625206,7700.61,1.17936,-0.522874,0.0
50140.0,3.359475403263403,-0.608752,5.20788,0.0,0.1546,1.64537,-4.05959,-0.608752,7704.19,1.14883,-0.561123,0.0
50150.0,3.359295403263403,-0.601206,5.20788,0.0,-0.018259,0.754646,-4.05978,-0.601206,7709.11,1.14349,-0.541294,0.0
50160.0,3.340515403263403,-0.597925,5.20788,0.0,-1.87718,0.32803,-4.07855,-0.597925,7715.91,1.12018,-0.593528,0.0
50170.0,3.320545403263403,-0.595971,5.20788,0.0,-1.99764,0.195467,-4.09852,-0.595971,7722.36,1.07283,-0.667471,0.0
50180.0,3.294935403263403,-0.594111,5.20788,0.0,-2.56058,0.186016,-4.12413,-0.594111,7726.16,0.987566,-0.382064,0.0
50190.0,3.2933754032634033,-0.594789,5.20788,0.0,-0.156447,-0.0678748,-4.12569,-0.594789,7727.93,1.0564,-0.550571,0.0
50200.0,3.283455403263403,-0.60073,5.20788,0.0,-0.9918,-0.594019,-4.13561,-0.60073,7729.42,1.05125,-0.676044,0.0
50210.0,3.280395403263403,-0.617448,5.20788,0.0,-0.305727,-1.67184,-4.13867,-0.617448,7731.69,1.10393,-0.548282,0.0
50220.0,3.273375403263403,-0.644024,5.20788,0.0,-0.70188,-2.6576,-4.14569,-0.644024,7735.65,0.983612,-0.555414,0.0
50230.0,3.271465403263403,-0.670705,5.20788,0.0,-0.191394,-2.66807,-4.1476,-0.670705,7742.35,1.12724,-0.745365,0.0
50240.0,3.280135403263403,-0.687797,5.20788,0.0,0.867293,-1.70919,-4.13893,-0.687797,7752.53,1.03644,-0.80054,0.0
50250.0,3.260955403263403,-0.693702,5.20788,0.0,-1.9182,-0.590549,-4.15811,-0.693702,7766.18,1.02239,-0.625979,0.0
50260.0,3.240755403263403,-0.69403,5.20788,0.0,-2.02022,-0.0328027,-4.17831,-0.69403,7781.81,1.21877,-0.715663,0.0
50270.0,3.2325854032634034,-0.690439,5.20788,0.0,-0.816824,0.359074,-4.18648,-0.690439,7795.73,1.02451,-0.725138,0.0
50280.0,3.2080514032634033,-0.677878,5.20788,0.0,-2.45343,1.25612,-4.21102,-0.677878,7804.73,0.890797,-0.692522,0.0
50290.0,3.2130654032634034,-0.655547,5.20788,0.0,0.500913,2.2331,-4.20601,-0.655547,7809.35,0.911111,-0.517037,0.0
50300.0,3.205934403263403,-0.626835,5.20788,0.0,-0.712565,2.87126,-4.21313,-0.626835,7812.5,1.05593,-0.579036,0.0
50310.0,3.187731403263403,-0.596619,5.20788,0.0,-1.82037,3.02157,-4.23134,-0.596619,7815.84,1.08514,-0.624716,0.0
50320.0,3.2111264032634033,-0.567482,5.20788,0.0,2.33958,2.91371,-4.20794,-0.567482,7819.11,1.01668,-0.587986,0.0
50330.0,3.230985403263403,-0.539412,5.20788,0.0,1.98615,2.80695,-4.18808,-0.539412,7821.89,0.959898,-0.624297,0.0
50340.0,3.2338054032634034,-0.513821,5.20788,0.0,0.281856,2.55918,-4.18526,-0.513821,7825.03,1.0726,-0.466132,0.0
50350.0,3.2344854032634034,-0.492012,5.20788,0.0,0.0678644,2.18083,-4.18458,-0.492012,7829.83,1.0639,-0.470255,0.0
50360.0,3.213175403263403,-0.474778,5.20788,0.0,-2.13136,1.72342,-4.2059,-0.474778,7837.17,0.989742,-0.451962,0.0
50370.0,3.208727403263403,-0.46231,5.20788,0.0,-0.444488,1.24682,-4.21034,-0.46231,7847.46,0.961429,-0.656733,0.0
50380.0,3.093242403263403,-0.443432,5.20788,0.0,-11.5485,1.88782,-4.32582,-0.443432,7859.69,0.802672,-0.498504,0.0
50390.0,2.7228124032634033,-0.406446,5.20788,0.0,-37.043,3.69859,-4.69625,-0.406446,7870.75,-0.814964,-0.3414,0.0
50400.0,2.273856203263403,-0.355869,5.20788,0.0,-44.8956,5.05767,-5.14521,-0.355869,7877.93,-0.349522,-0.163013,0.0
50410.0,2.0418184032634032,-0.304601,5.20788,0.0,-23.2037,5.12679,-5.37725,-0.304601,7881.55,-0.114576,-0.316925,0.0
50420.0,1.956449403263403,-0.256978,5.20788,0.0,-8.53697,4.76236,-5.46262,-0.256978,7883.5,-0.266264,-0.116409,0.0
50430.0,1.8930054032634032,-0.220267,5.20788,0.0,-6.3444,3.67103,-5.52606,-0.220267,7885.13,-0.3683,-0.243001,0.0
50440.0,1.8815374032634031,-0.201191,5.20788,0.0,-1.14674,1.90766,-5.53753,-0.201191,7886.98,-0.452404,-0.177337,0.0
50450.0,1.876739403263403,-0.19038,5.20788,0.0,-0.479778,1.08104,-5.54233,-0.19038,7888.97,-0.47553,-0.1361,0.0
50460.0,1.877315403263403,-0.17944,5.20788,0.0,0.0575999,1.09399,-5.54175,-0.17944,7890.96,-0.288028,-0.116579,0.0
50470.0,1.8769544032634031,-0.167824,5.20788,0.0,-0.0361442,1.16168,-5.54211,-0.167824,7893.09,-0.240904,-0.146903,0.0
50480.0,1.8776614032634031,-0.158125,5.20788,0.0,0.0707408,0.969856,-5.54141,-0.158125,7895.8,-0.31856,-0.216342,0.0
50490.0,1.874671403263403,-0.150771,5.20788,0.0,-0.298994,0.735442,-5.5444,-0.150771,7899.46,-0.369179,-0.218864,0.0
50500.0,1.791508403263403,-0.14237,0.0,0.0,-8.31633,0.840078,0.419677,-0.14237,7904.08,-0.490706,-0.123216,0.0
50510.0,1.728686403263403,-0.137622,0.0,0.0,-6.28222,0.474784,0.482499,-0.137622,7909.09,-0.592896,-0.070083,0.0
50520.0,1.718030403263403,-0.138563,0.0,0.0,-1.06562,-0.0941288,0.493155,-0.138563,7914.38,-0.396323,-0.11694,0.0
50530.0,1.701531403263403,-0.140279,0.0,0.0,-1.64983,-0.171585,0.509654,-0.140279,7921.01,-0.469119,-0.207702,0.0
50540.0,1.670174403263403,-0.140147,0.0,0.0,-3.13579,0.0131833,0.541011,-0.140147,7929.33,-0.52198,-0.115135,0.0
50550.0,1.681888403263403,-0.143592,0.0,0.0,1.17143,-0.34447,0.529297,-0.143592,7937.55,-0.698848,-0.0950796,0.0
50560.0,1.6638884032634031,-0.148633,0.0,0.0,-1.8,-0.504068,0.547297,-0.148633,7943.62,-0.60233,-0.1672,0.0
50570.0,1.6456614032634032,-0.151346,0.0,0.0,-1.82264,-0.271339,0.565524,-0.151346,7947.49,-0.537607,-0.220346,0.0
50580.0,1.611042403263403,-0.14818,0.0,0.0,-3.46197,0.316567,0.600143,-0.14818,7950.33,-0.626429,-0.0673243,0.0
50590.0,1.5645434032634031,-0.141703,0.0,0.0,-4.64988,0.64773,0.646642,-0.141703,7952.77,-0.712067,-0.348334,0.0
50600.0,1.552233403263403,-0.137389,0.0,0.0,-1.23096,0.431386,0.658952,-0.137389,7955.06,-0.776978,-0.208692,0.0
50610.0,1.541035403263403,-0.133484,0.0,0.0,-1.11982,0.390477,0.67015,-0.133484,7957.03,-0.689926,-0.0042959,0.0
50620.0,1.530896403263403,-0.125654,0.0,0.0,-1.01393,0.783067,0.680289,-0.125654,7958.44,-0.647517,-0.0532184,0.0
50630.0,1.5226474032634032,-0.112339,0.0,0.0,-0.824913,1.3315,0.688538,-0.112339,7959.64,-0.723392,-0.2265,0.0
50640.0,1.532247403263403,-0.0991375,0.0,0.0,0.960042,1.32012,0.678938,-0.0991375,7961.11,-0.505958,-0.111313,0.0
50650.0,1.537043403263403,-0.0902695,0.0,0.0,0.479555,0.886798,0.674142,-0.0902695,7963.48,-0.718091,-0.0751358,0.0
50660.0,1.5373124032634031,-0.0868189,0.0,0.0,0.0268936,0.345057,0.673873,-0.0868189,7968.59,-0.680162,-0.163724,0.0
50670.0,1.5332854032634031,-0.0876678,0.0,0.0,-0.402616,-0.0848817,0.6779,-0.0876678,7978.16,-0.644181,0.149291,0.0
50680.0,1.5272314032634031,-0.0904223,0.0,0.0,-0.605475,-0.275455,0.683954,-0.0904223,7990.54,-0.613605,0.0317221,0.0
50690.0,1.521854403263403,-0.0952878,0.0,0.0,-0.5377,-0.486553,0.689331,-0.0952878,8001.57,-0.744291,-0.192249,0.0
50700.0,1.490575403263403,-0.10434,0.0,0.0,-3.12789,-0.905168,0.72061,-0.10434,8009.19,-0.691814,0.0307694,0.0
50710.0,1.440552403263403,-0.118356,0.0,0.0,-5.0023,-1.40169,0.770633,-0.118356,8014.85,-0.859645,-0.0834529,0.0
50720.0,1.3658414032634032,-0.136992,0.0,0.0,-7.47112,-1.86352,0.845344,-0.136992,8020.59,-0.973578,-0.0937833,0.0
50730.0,1.337140403263403,-0.163533,0.0,0.0,-2.87011,-2.6541,0.874045,-0.163533,8027.16,-0.903513,0.101551,0.0
50740.0,1.333953403263403,-0.191346,0.0,0.0,-0.318646,-2.78134,0.877232,-0.191346,8033.85,-0.903059,-0.268689,0.0
50750.0,1.335059403263403,-0.214544,0.0,0.0,0.110599,-2.31984,0.876126,-0.214544,8038.88,-0.826771,-0.309009,0.0
50760.0,1.399287403263403,-0.237478,0.0,0.0,6.42276,-2.29341,0.811898,-0.237478,8041.48,-0.694396,-0.257612,0.0
50770.0,1.400546403263403,-0.258664,0.0,0.0,0.125944,-2.11854,0.810639,-0.258664,8042.6,-0.638657,-0.265655,0.0
50780.0,1.390836403263403,-0.292554,0.0,0.0,-0.970978,-3.389,0.820349,-0.292554,8043.4,-0.644641,-0.182309,0.0
50790.0,1.167935403263403,-0.360671,0.0,0.0,-22.2905,-6.8117,1.04325,-0.360671,8044.13,-1.20733,-0.181492,0.0
50800.0,-0.17069459673659715,-0.441005,0.0,0.0,-133.863,-8.03347,2.38188,-0.441005,8045.0,-4.73224,-0.476973,0.0
50810.0,-1.2553045967365968,-0.555153,0.0,0.0,-108.461,-11.4147,3.46649,-0.555153,8046.3,-3.69172,-0.914322,0.0
50820.0,-1.3822145967365969,-0.690462,0.0,0.0,-12.691,-13.5309,3.5934,-0.690462,8047.99,-2.85944,-0.895067,0.0
50830.0,-1.3895145967365967,-0.790452,0.0,0.0,-0.72989,-9.99898,3.6007,-0.790452,8049.89,-3.47098,-0.785114,0.0
50840.0,-1.326374596736597,-0.853743,0.0,0.0,6.31397,-6.32913,3.53756,-0.853743,8051.48,-3.6373,-0.897363,0.0
50850.0,-1.276154596736597,-0.88603,0.0,0.0,5.0222,-3.22866,3.48734,-0.88603,8052.08,-3.51493,-0.951225,0.0
50860.0,-1.2531245967365967,-0.900969,0.0,0.0,2.30224,-1.49394,3.46431,-0.900969,8052.03,-3.39806,-1.05198,0.0
50870.0,-1.2319145967365968,-0.909229,0.0,0.0,2.1219,-0.825959,3.4431,-0.909229,8052.11,-3.52654,-0.908807,0.0
50880.0,-1.2130645967365967,-0.916099,0.0,0.0,1.88425,-0.687013,3.42425,-0.916099,8052.41,-3.26282,-0.975891,0.0
50890.0,-1.1912345967365972,-0.924915,0.0,0.0,2.18291,-0.881632,3.40242,-0.924915,8052.81,-3.42975,-0.821136,0.0
50900.0,-1.190864596736597,-0.933227,0.0,0.0,0.0370372,-0.831203,3.40205,-0.933227,8052.98,-3.56081,-0.903819,0.0
50910.0,-1.190064596736597,-0.942084,0.0,0.0,0.0801624,-0.885661,3.40125,-0.942084,8052.34,-3.34888,-1.01336,0.0
50920.0,-1.159074596736597,-0.961709,0.0,0.0,3.09872,-1.96248,3.37026,-0.961709,8050.71,-3.1456,-0.885701,0.0
50930.0,-1.159484596736597,-0.999916,0.0,0.0,-0.0404362,-3.82079,3.37067,-0.999916,8048.23,-3.47826,-1.17665,0.0
50940.0,-1.145194596736597,-1.05476,0.0,0.0,1.429,-5.48445,3.35638,-1.05476,8045.09,-3.23513,-1.17222,0.0
50950.0,-1.178414596736597,-1.10508,0.0,0.0,-3.32232,-5.03188,3.3896,-1.10508,8041.35,-3.56549,-1.10215,0.0
50960.0,-1.235074596736597,-1.13904,0.0,0.0,-5.66613,-3.3956,3.44626,-1.13904,8037.46,-3.35394,-1.0141,0.0
50970.0,-1.2668845967365971,-1.15995,0.0,0.0,-3.18058,-2.09148,3.47807,-1.15995,8034.38,-3.48738,-1.02648,0.0
50980.0,-1.3218045967365968,-1.17223,0.0,0.0,-5.49188,-1.22812,3.53299,-1.17223,8032.23,-3.62648,-1.18776,0.0
50990.0,-1.3248545967365968,-1.18274,0.0,0.0,-0.305505,-1.05058,3.53604,-1.18274,8030.12,-3.56933,-1.26907,0.0
51000.0,-1.324534596736597,-1.18923,0.0,0.0,0.032584,-0.648897,3.53572,-1.18923,8027.41,-3.51843,-1.28308,0.0
51010.0,-1.307124596736597,-1.19314,0.0,0.0,1.74043,-0.391669,3.51831,-1.19314,8024.58,-3.45358,-1.22102,0.0
51020.0,-1.3049845967365967,-1.19429,0.0,0.0,0.213996,-0.114842,3.51617,-1.19429,8021.75,-3.47827,-1.14409,0.0
51030.0,-1.270724596736597,-1.19503,0.0,0.0,3.42667,-0.0738537,3.48191,-1.19503,8018.34,-3.35471,-1.23332,0.0
51040.0,-1.234734596736597,-1.19332,0.0,0.0,3.59909,0.171092,3.44592,-1.19332,8015.06,-3.53384,-0.876316,0.0
51050.0,-1.209994596736597,-1.18961,0.0,0.0,2.4731,0.370993,3.42118,-1.18961,8012.43,-3.49458,-1.16909,0.0
51060.0,-1.1760545967365967,-1.18774,0.0,0.0,3.39425,0.187141,3.38724,-1.18774,8009.65,-3.18415,-1.07631,0.0
51070.0,-1.1730745967365968,-1.18678,0.0,0.0,0.298254,0.0954209,3.38426,-1.18678,8006.13,-3.34472,-1.21435,0.0
51080.0,-1.1395745967365971,-1.18892,0.0,0.0,3.35017,-0.213668,3.35076,-1.18892,8001.66,-3.36294,-1.20769,0.0
51090.0,-1.1335045967365969,-1.19252,0.0,0.0,0.606454,-0.359683,3.34469,-1.19252,7996.08,-3.34151,-1.11633,0.0
51100.0,-1.1004745967365968,-1.20255,0.0,0.0,3.303,-1.00348,3.31166,-1.20255,7989.46,-3.17691,-1.20013,0.0
51110.0,-1.054874596736597,-1.21983,0.0,0.0,4.56052,-1.72733,3.26606,-1.21983,7981.9,-3.24717,-1.18139,0.0
51120.0,-1.0351245967365967,-1.23793,0.0,0.0,1.97489,-1.81014,3.24631,-1.23793,7972.88,-3.28479,-1.28896,0.0
51130.0,-1.0232845967365969,-1.24946,0.0,0.0,1.18408,-1.15366,3.23447,-1.24946,7962.03,-3.21353,-1.35141,0.0
51140.0,-1.022494596736597,-1.25007,0.0,0.0,0.0790356,-0.0608213,3.23368,-1.25007,7950.75,-3.24126,-1.38943,0.0
51150.0,-1.0137845967365968,-1.22908,0.0,0.0,0.870297,2.09939,3.22497,-1.22908,7941.12,-3.22691,-1.3343,0.0
51160.0,-0.9997645967365969,-1.15459,0.0,0.0,1.40211,7.44884,3.21095,-1.15459,7933.01,-3.25775,-1.32562,0.0
51170.0,-0.8446645967365969,-1.0178,0.0,0.0,15.5107,13.6786,3.05585,-1.0178,7924.94,-2.81872,-0.658664,0.0
51180.0,-0.660374596736597,-0.866358,0.0,0.0,18.4291,15.1445,2.87156,-0.866358,7916.62,-2.86966,-0.463704,0.0
51190.0,-0.6044245967365969,-0.762446,0.0,0.0,5.59429,10.3913,2.81561,-0.762446,7909.12,-2.80096,-0.748838,0.0
51200.0,-0.5932245967365968,-0.715907,0.0,0.0,1.1204,4.65392,2.80441,-0.715907,7903.6,-2.76421,-0.714805,0.0
51210.0,-0.5777245967365969,-0.697064,0.0,0.0,1.55001,1.88424,2.78891,-0.697064,7900.39,-2.74897,-0.808238,0.0
51220.0,-0.5678845967365969,-0.686997,0.0,0.0,0.98366,1.0067,2.77907,-0.686997,7898.97,-2.81022,-0.705942,0.0
51230.0,-0.5508545967365968,-0.68281,0.0,0.0,1.70366,0.418706,2.76204,-0.68281,7898.43,-2.4451,-0.544837,0.0
51240.0,-0.5024645967365968,-0.682994,0.0,0.0,4.83825,-0.0183887,2.71365,-0.682994,7897.98,-2.62698,-0.759882,0.0
51250.0,-0.44089459673659714,-0.683882,0.0,0.0,6.15733,-0.088805,2.65208,-0.683882,7897.5,-2.74653,-0.666235,0.0
51260.0,-0.4008645967365969,-0.684039,0.0,0.0,4.00313,-0.0157203,2.61205,-0.684039,7897.23,-2.53129,-0.5328,0.0
51270.0,-0.37082459673659685,-0.684904,0.0,0.0,3.00412,-0.0865034,2.58201,-0.684904,7897.16,-2.57739,-0.618862,0.0
51280.0,-0.33991459673659685,-0.687481,0.0,0.0,3.09056,-0.257639,2.5511,-0.687481,7897.1,-2.45696,-0.694958,0.0
51290.0,-0.31010459673659696,-0.693384,0.0,0.0,2.98139,-0.590324,2.52129,-0.693384,7897.67,-2.44947,-0.642486,0.0
51300.0,-0.30850459673659714,-0.705378,0.0,0.0,0.15979,-1.19939,2.51969,-0.705378,7899.75,-2.53971,-0.686492,0.0
51310.0,-0.3050645967365968,-0.726157,0.0,0.0,0.344424,-2.07794,2.51625,-0.726157,7902.85,-2.49181,-0.846789,0.0
51320.0,-0.32418459673659683,-0.747393,0.0,0.0,-1.91255,-2.12363,2.53537,-0.747393,7905.47,-2.63772,-0.750135,0.0
51330.0,-0.33208459673659707,-0.764391,0.0,0.0,-0.789747,-1.69973,2.54327,-0.764391,7906.87,-2.53776,-0.716383,0.0
51340.0,-0.3336845967365969,-0.782107,0.0,0.0,-0.160319,-1.77159,2.54487,-0.782107,7907.59,-2.52227,-0.786897,0.0
51350.0,-0.33813459673659674,-0.804939,0.0,0.0,-0.445068,-2.28322,2.54932,-0.804939,7908.58,-2.56604,-1.03758,0.0
51360.0,-0.3739845967365971,-0.824975,0.0,0.0,-3.58479,-2.00366,2.58517,-0.824975,7909.92,-2.6833,-0.880885,0.0
51370.0,-0.4181145967365971,-0.835406,0.0,0.0,-4.41322,-1.04307,2.6293,-0.835406,7910.91,-2.61128,-0.720028,0.0
51380.0,-0.42707459673659676,-0.83949,0.0,0.0,-0.896015,-0.408392,2.63826,-0.83949,7911.28,-2.64211,-0.836345,0.0
51390.0,-0.42707459673659676,-0.840874,0.0,0.0,0.000623362,-0.138389,2.63826,-0.840874,7911.03,-2.68441,-0.947143,0.0
51400.0,-0.4178745967365969,-0.841608,0.0,0.0,0.920111,-0.0734517,2.62906,-0.841608,7910.01,-2.6117,-0.624707,0.0
51410.0,-0.41598459673659693,-0.841345,0.0,0.0,0.189035,0.026342,2.62717,-0.841345,7908.4,-2.63282,-1.05657,0.0
51420.0,-0.38134459673659693,-0.842584,0.0,0.0,3.46366,-0.123909,2.59253,-0.842584,7906.27,-2.50711,-0.836854,0.0
51430.0,-0.3469745967365969,-0.844558,0.0,0.0,3.43675,-0.197343,2.55816,-0.844558,7903.48,-2.44138,-0.927994,0.0
51440.0,-0.31129459673659676,-0.847441,0.0,0.0,3.56787,-0.288307,2.52248,-0.847441,7899.72,-2.36976,-0.856451,0.0
51450.0,-0.2959245967365969,-0.851818,0.0,0.0,1.53759,-0.437784,2.50711,-0.851818,7894.08,-2.54054,-0.660063,0.0
51460.0,-0.29744459673659707,-0.863321,0.0,0.0,-0.152269,-1.15026,2.50863,-0.863321,7886.65,-2.47682,-0.722441,0.0
51470.0,-0.34669459673659686,-0.887129,0.0,0.0,-4.92545,-2.38079,2.55788,-0.887129,7878.36,-2.49836,-0.930888,0.0
51480.0,-0.804544596736597,-0.909927,0.0,0.0,-45.7841,-2.27982,3.01573,-0.909927,7865.98,-3.39719,-0.870396,0.0
51490.0,-2.104524596736597,-0.904067,0.0,0.0,-129.998,0.586036,4.31571,-0.904067,7840.68,-6.97427,-0.860252,0.0
51500.0,-3.715964596736597,-0.87133,0.0,0.0,-161.144,3.27372,5.92715,-0.87133,7800.66,-7.39954,-0.850031,0.0
51510.0,-4.566914596736597,-0.853705,0.0,0.0,-85.0948,1.76249,6.7781,-0.853705,7759.66,-6.72089,-0.915444,0.0
51520.0,-4.700754596736598,-0.858096,0.0,0.0,-13.3844,-0.439125,6.91194,-0.858096,7730.38,-6.83081,-0.830785,0.0
51530.0,-4.735824596736597,-0.860685,0.0,0.0,-3.50702,-0.258872,6.94701,-0.860685,7711.76,-7.02699,-0.826264,0.0
51540.0,-4.739444596736597,-0.861553,0.0,0.0,-0.362317,-0.0868059,6.95063,-0.861553,7698.36,-6.96534,-0.852496,0.0
51550.0,-4.789864596736598,-0.857573,0.0,0.0,-5.04133,0.397919,7.00105,-0.857573,7686.31,-7.10767,-0.806242,0.0
51560.0,-4.792164596736598,-0.854226,0.0,0.0,-0.230276,0.334709,7.00335,-0.854226,7672.79,-7.04355,-0.902018,0.0
51570.0,-4.798184596736597,-0.84879,0.0,0.0,-0.601673,0.543599,7.00937,-0.84879,7658.09,-7.23289,-0.885619,0.0
51580.0,-4.798024596736598,-0.841526,0.0,0.0,0.015752,0.726431,7.00921,-0.841526,7643.86,-6.91182,-0.718479,0.0
51590.0,-4.797164596736597,-0.829808,0.0,0.0,0.0856586,1.1718,7.00835,-0.829808,7630.09,-6.92608,-0.740535,0.0
51600.0,-4.792314596736597,-0.811971,0.0,0.0,0.485606,1.7837,7.0035,-0.811971,7616.21,-7.02635,-0.867556,0.0
51610.0,-4.784514596736598,-0.789986,0.0,0.0,0.779429,2.19854,6.9957,-0.789986,7602.79,-7.03714,-0.795112,0.0
51620.0,-4.797814596736597,-0.767131,0.0,0.0,-1.32998,2.28552,7.009,-0.767131,7591.01,-7.09321,-0.765285,0.0
51630.0,-4.807844596736597,-0.745423,0.0,0.0,-1.00241,2.17071,7.01903,-0.745423,7579.9,-7.00574,-0.650577,0.0
51640.0,-4.818354596736597,-0.719351,0.0,0.0,-1.05102,2.60724,7.02954,-0.719351,7567.1,-7.0012,-0.693615,0.0
51650.0,-4.845304596736597,-0.686643,0.0,0.0,-2.695,3.27083,7.05649,-0.686643,7552.65,-7.17916,-0.737176,0.0
51660.0,-4.8752645967365975,-0.656422,0.0,0.0,-2.99636,3.02205,7.08645,-0.656422,7537.06,-7.10608,-0.616318,0.0
51670.0,-4.876114596736597,-0.637674,0.0,0.0,-0.0852094,1.87486,7.0873,-0.637674,7520.3,-7.0654,-0.628305,0.0
51680.0,-4.8894345967365975,-0.626233,0.0,0.0,-1.33138,1.14405,7.10062,-0.626233,7505.41,-7.12429,-0.563733,0.0
51690.0,-4.880634596736597,-0.618806,0.0,0.0,0.879382,0.742714,7.09182,-0.618806,7494.29,-7.00036,-0.635311,0.0
51700.0,-4.894074596736598,-0.608573,0.0,0.0,-1.34403,1.02326,7.10526,-0.608573,7483.68,-7.12091,-0.470441,0.0
51710.0,-4.895774596736597,-0.594488,0.0,0.0,-0.169875,1.40851,7.10696,-0.594488,7470.97,-7.06198,-0.615848,0.0
51720.0,-4.9109245967365975,-0.575714,0.0,0.0,-1.51532,1.87742,7.12211,-0.575714,7458.27,-7.15543,-0.563461,0.0
51730.0,-4.926444596736596,-0.555771,0.0,0.0,-1.55147,1.99431,7.13763,-0.555771,7448.61,-7.11465,-0.536526,0.0
51740.0,-4.939614596736597,-0.537196,0.0,0.0,-1.31699,1.85747,7.1508,-0.537196,7441.9,-7.13577,-0.421383,0.0
51750.0,-4.946374596736597,-0.522722,0.0,0.0,-0.676369,1.44747,7.15756,-0.522722,7436.13,-7.18817,-0.597641,0.0
51760.0,-4.946594596736597,-0.512763,0.0,0.0,-0.021828,0.995911,7.15778,-0.512763,7430.58,-7.20462,-0.634659,0.0
51770.0,-4.962714596736596,-0.503808,0.0,0.0,-1.61151,0.895401,7.1739,-0.503808,7426.17,-7.187,-0.444359,0.0
51780.0,-4.974574596736597,-0.496646,0.0,0.0,-1.18679,0.716235,7.18576,-0.496646,7423.36,-7.15141,-0.503811,0.0
51790.0,-4.978514596736597,-0.492982,0.0,0.0,-0.393523,0.366402,7.1897,-0.492982,7421.72,-7.19211,-0.484989,0.0
51800.0,-4.9923345967365975,-0.49134,0.0,0.0,-1.38221,0.164219,7.20352,-0.49134,7421.28,-7.2185,-0.517113,0.0
51810.0,-5.004074596736597,-0.489848,0.0,0.0,-1.17402,0.149198,7.21526,-0.489848,7422.5,-7.21425,-0.483268,0.0
51820.0,-5.005584596736597,-0.487644,0.0,0.0,-0.151208,0.220437,7.21677,-0.487644,7425.46,-7.33723,-0.420373,0.0
51830.0,-5.031684596736596,-0.483567,0.0,0.0,-2.60946,0.407669,7.24287,-0.483567,7429.54,-7.32344,-0.442581,0.0
51840.0,-5.037444596736597,-0.480119,0.0,0.0,-0.576145,0.344756,7.24863,-0.480119,7433.77,-7.18916,-0.53238,0.0
51850.0,-5.057474596736597,-0.472417,0.0,0.0,-2.00336,0.770282,7.26866,-0.472417,7438.08,-7.28078,-0.644495,0.0
51860.0,-5.035444596736596,-0.460137,0.0,0.0,2.20359,1.22796,7.24663,-0.460137,7443.27,-7.21934,-0.38993,0.0
51870.0,-5.010984596736597,-0.439509,0.0,0.0,2.44525,2.06275,7.22217,-0.439509,7449.22,-7.31182,-0.404257,0.0
51880.0,-5.007794596736597,-0.406821,0.0,0.0,0.319747,3.2688,7.21898,-0.406821,7455.04,-7.20163,-0.450851,0.0
51890.0,-4.998864596736597,-0.363559,0.0,0.0,0.892853,4.32628,7.21005,-0.363559,7461.59,-7.20612,-0.243852,0.0
51900.0,-4.986184596736598,-0.320424,0.0,0.0,1.26743,4.31345,7.19737,-0.320424,7471.39,-7.16772,-0.256722,0.0
51910.0,-4.969144596736596,-0.2917,0.0,0.0,1.70475,2.87239,7.18033,-0.2917,7485.17,-7.18151,-0.13094,0.0
51920.0,-4.948574596736597,-0.279822,0.0,0.0,2.05632,1.18785,7.15976,-0.279822,7500.51,-7.0041,-0.240376,0.0
51930.0,-4.923934596736597,-0.27681,0.0,0.0,2.464,0.301147,7.13512,-0.27681,7514.68,-7.00064,-0.139453,0.0
51940.0,-4.910224596736597,-0.275403,0.0,0.0,1.37093,0.140785,7.12141,-0.275403,7526.39,-7.15257,-0.308309,0.0
51950.0,-4.898354596736597,-0.278869,0.0,0.0,1.18694,-0.34663,7.10954,-0.278869,7535.09,-7.16664,-0.357274,0.0
51960.0,-4.911444596736597,-0.293665,0.0,0.0,-1.30878,-1.4796,7.12263,-0.293665,7542.04,-7.09223,-0.371152,0.0
51970.0,-4.929624596736597,-0.319718,0.0,0.0,-1.81776,-2.60529,7.14081,-0.319718,7551.42,-7.10368,-0.369056,0.0
51980.0,-4.964244596736597,-0.343463,0.0,0.0,-3.4624,-2.3745,7.17543,-0.343463,7566.69,-7.21248,-0.201514,0.0
51990.0,-5.013174596736597,-0.355112,5.20788,0.0,-4.89253,-1.16488,-12.4322,-0.355112,7585.7,-7.25938,-0.241375,0.0
52000.0,-5.016534596736596,-0.359797,5.20788,0.0,-0.336113,-0.468573,-12.4356,-0.359797,7604.18,-7.27473,-0.356616,0.0
52010.0,-5.016654596736597,-0.361056,5.20788,0.0,-0.0120548,-0.125889,-12.4357,-0.361056,7621.43,-7.23494,-0.420249,0.0
52020.0,-5.016294596736596,-0.362506,5.20788,0.0,0.036238,-0.144948,-12.4354,-0.362506,7638.47,-7.23322,-0.510449,0.0
52030.0,-5.0063445967365965,-0.367178,5.20788,0.0,0.994523,-0.467222,-12.4254,-0.367178,7655.4,-7.20919,-0.361734,0.0
52040.0,-5.0060145967365965,-0.37463,5.20788,0.0,0.0334992,-0.7452,-12.4251,-0.37463,7671.46,-7.02315,-0.400321,0.0
52050.0,-4.997624596736596,-0.383037,5.20788,0.0,0.838843,-0.840687,-12.4167,-0.383037,7685.23,-7.06077,-0.182561,0.0
52060.0,-4.966214596736597,-0.390605,5.20788,0.0,3.14099,-0.75685,-12.3853,-0.390605,7696.4,-7.23422,-0.311574,0.0
52070.0,-4.934264596736597,-0.396802,5.20788,0.0,3.1949,-0.619663,-12.3533,-0.396802,7705.93,-7.20926,-0.38513,0.0
52080.0,-4.934704596736596,-0.404179,5.20788,0.0,-0.0443463,-0.737748,-12.3538,-0.404179,7713.45,-7.06053,-0.414342,0.0
52090.0,-4.966914596736597,-0.42428,5.20788,0.0,-3.22009,-2.01002,-12.386,-0.42428,7718.15,-7.0851,-0.459762,0.0
52100.0,-4.979544596736597,-0.481746,5.20788,0.0,-1.2634,-5.74666,-12.3986,-0.481746,7721.83,-7.04697,-0.425814,0.0
52110.0,-5.211604596736597,-0.57921,5.20788,0.0,-23.2057,-9.74641,-12.6307,-0.57921,7726.36,-7.62303,-0.842646,0.0
52120.0,-6.355194596736597,-0.654593,5.20788,0.0,-114.359,-7.53829,-13.7743,-0.654593,7731.29,-10.4583,-0.674567,0.0
52130.0,-7.268614596736596,-0.724442,5.20788,0.0,-91.3423,-6.9849,-14.6877,-0.724442,7736.47,-9.66932,-0.851396,0.0
52140.0,-7.351894596736596,-0.802427,5.20788,0.0,-8.32833,-7.79851,-14.771,-0.802427,7743.93,-9.27661,-0.900282,0.0
52150.0,-7.398924596736597,-0.845489,5.20788,0.0,-4.70312,-4.30619,-14.818,-0.845489,7755.21,-9.40904,-0.72357,0.0
52160.0,-7.402094596736596,-0.869936,5.20788,0.0,-0.317105,-2.44462,-14.8212,-0.869936,7768.85,-9.59225,-0.925419,0.0
52170.0,-7.402944596736596,-0.88609,5.20788,0.0,-0.0846242,-1.6154,-14.822,-0.88609,7782.01,-9.67755,-0.726023,0.0
52180.0,-7.403714596736597,-0.90084,5.20788,0.0,-0.0772276,-1.47505,-14.8228,-0.90084,7792.23,-9.76053,-0.958202,0.0
52190.0,-7.403814596736597,-0.914676,5.20788,0.0,-0.0100201,-1.38364,-14.8229,-0.914676,7798.57,-9.72089,-0.897915,0.0
52200.0,-7.388314596736597,-0.92684,5.20788,0.0,1.55034,-1.2164,-14.8074,-0.92684,7802.54,-9.45116,-0.950755,0.0
52210.0,-7.343444596736596,-0.937591,5.20788,0.0,4.48735,-1.07505,-14.7625,-0.937591,7806.55,-9.5623,-0.943745,0.0
52220.0,-7.324454596736597,-0.941386,5.20788,0.0,1.89842,-0.379509,-14.7435,-0.941386,7812.01,-9.62286,-0.978077,0.0
52230.0,-7.291694596736596,-0.93699,5.20788,0.0,3.27655,0.439579,-14.7108,-0.93699,7818.4,-9.52388,-0.867371,0.0
52240.0,-7.307214596736596,-0.916811,5.20788,0.0,-1.55232,2.01793,-14.7263,-0.916811,7824.84,-9.36176,-0.827236,0.0
52250.0,-7.306344596736597,-0.885198,5.20788,0.0,0.0872362,3.16125,-14.7254,-0.885198,7831.35,-9.60945,-1.00453,0.0
52260.0,-7.304854596736597,-0.850788,5.20788,0.0,0.148702,3.44101,-14.7239,-0.850788,7837.34,-9.42854,-1.10044,0.0
52270.0,-7.310864596736597,-0.824299,5.20788,0.0,-0.601282,2.64892,-14.7299,-0.824299,7842.11,-9.6016,-0.639268,0.0
52280.0,-7.310884596736596,-0.806517,5.20788,0.0,-0.00171488,1.77818,-14.73,-0.806517,7845.99,-9.53296,-0.717243,0.0
52290.0,-7.324414596736597,-0.791665,5.20788,0.0,-1.35343,1.4852,-14.7435,-0.791665,7849.38,-9.53533,-0.778589,0.0
52300.0,-7.323904596736597,-0.781581,5.20788,0.0,0.0509555,1.00839,-14.743,-0.781581,7852.26,-9.40654,-0.775061,0.0
52310.0,-7.309174596736597,-0.776957,5.20788,0.0,1.47344,0.462412,-14.7282,-0.776957,7854.47,-9.55633,-0.821787,0.0
52320.0,-7.293154596736596,-0.775239,5.20788,0.0,1.60196,0.17181,-14.7122,-0.775239,7856.02,-9.59725,-0.971006,0.0
52330.0,-7.292834596736597,-0.774174,5.20788,0.0,0.0315933,0.106524,-14.7119,-0.774174,7857.73,-9.44473,-0.681121,0.0
52340.0,-7.302244596736596,-0.7741,5.20788,0.0,-0.940978,0.00732956,-14.7213,-0.7741,7860.96,-9.45325,-0.701907,0.0
52350.0,-7.303744596736596,-0.776081,5.20788,0.0,-0.14949,-0.198039,-14.7228,-0.776081,7866.32,-9.64311,-0.832745,0.0
52360.0,-7.326294596736597,-0.778712,5.20788,0.0,-2.25521,-0.263125,-14.7454,-0.778712,7872.93,-9.58636,-0.755036,0.0
52370.0,-7.331864596736596,-0.785971,5.20788,0.0,-0.556384,-0.72585,-14.7509,-0.785971,7879.44,-9.55189,-0.73736,0.0
52380.0,-7.333074596736596,-0.797455,5.20788,0.0,-0.12165,-1.14845,-14.7521,-0.797455,7885.13,-9.6149,-0.751296,0.0
52390.0,-7.342884596736596,-0.807948,5.20788,0.0,-0.980922,-1.04926,-14.762,-0.807948,7889.34,-9.51763,-0.938835,0.0
52400.0,-7.332914596736597,-0.81473,5.20788,0.0,0.996627,-0.678247,-14.752,-0.81473,7891.71,-9.48987,-0.841942,0.0
52410.0,-7.321194596736596,-0.818408,5.20788,0.0,1.17215,-0.367742,-14.7403,-0.818408,7893.14,-9.5544,-0.809812,0.0
52420.0,-7.284704596736596,-0.824313,5.20788,0.0,3.64883,-0.590512,-14.7038,-0.824313,7894.63,-9.37812,-0.99593,0.0
52430.0,-7.206924596736597,-0.833783,5.20788,0.0,7.77867,-0.946984,-14.626,-0.833783,7895.97,-9.59995,-0.897862,0.0
52440.0,-7.174314596736597,-0.839089,5.20788,0.0,3.26074,-0.530633,-14.5934,-0.839089,7896.72,-9.19002,-0.759971,0.0
52450.0,-7.174734596736597,-0.83903,5.20788,0.0,-0.0423814,0.00591389,-14.5938,-0.83903,7896.98,-9.35879,-0.828873,0.0
52460.0,-7.213704596736596,-0.833925,5.20788,0.0,-3.89613,0.510475,-14.6328,-0.833925,7897.04,-9.43891,-0.859174,0.0
52470.0,-7.214634596736596,-0.830805,5.20788,0.0,-0.0935936,0.312012,-14.6337,-0.830805,7897.08,-9.47211,-0.827576,0.0
52480.0,-7.2298345967365965,-0.827409,5.20788,0.0,-1.51944,0.339579,-14.6489,-0.827409,7897.17,-9.53764,-0.896967,0.0
52490.0,-7.230414596736596,-0.825649,5.20788,0.0,-0.0584787,0.17596,-14.6495,-0.825649,7897.32,-9.41648,-0.896856,0.0
52500.0,-7.227444596736596,-0.824249,5.20788,0.0,0.297528,0.140034,-14.6465,-0.824249,7897.52,-9.42907,-0.780427,0.0
52510.0,-7.158074596736597,-0.825238,5.20788,0.0,6.93696,-0.098903,-14.5771,-0.825238,7897.83,-9.13846,-0.841603,0.0
52520.0,-7.077404596736596,-0.822893,5.20788,0.0,8.06688,0.234524,-14.4965,-0.822893,7898.29,-9.34482,-0.730489,0.0
52530.0,-7.050604596736596,-0.8123,5.20788,0.0,2.67952,1.0593,-14.4697,-0.8123,7898.76,-9.26593,-0.823048,0.0
52540.0,-6.999834596736596,-0.799357,5.20788,0.0,5.07681,1.29434,-14.4189,-0.799357,7898.96,-9.27094,-0.974123,0.0
52550.0,-7.006764596736597,-0.781905,5.20788,0.0,-0.692655,1.74517,-14.4258,-0.781905,7898.76,-9.15797,-0.854916,0.0
52560.0,-6.960554596736596,-0.770507,5.20788,0.0,4.62124,1.13982,-14.3796,-0.770507,7898.14,-9.10735,-0.74328,0.0
52570.0,-6.946004596736596,-0.761542,5.20788,0.0,1.45432,0.896461,-14.3651,-0.761542,7897.0,-9.20524,-0.758544,0.0
52580.0,-6.945554596736596,-0.754078,5.20788,0.0,0.0455234,0.746418,-14.3646,-0.754078,7895.19,-9.2063,-0.664465,0.0
52590.0,-6.955944596736597,-0.745549,5.20788,0.0,-1.03921,0.852854,-14.375,-0.745549,7893.18,-9.11587,-0.771337,0.0
52600.0,-6.955264596736596,-0.737434,5.20788,0.0,0.0684306,0.811563,-14.3743,-0.737434,7891.57,-9.17428,-0.71928,0.0
52610.0,-6.937554596736597,-0.731534,5.20788,0.0,1.77069,0.589924,-14.3566,-0.731534,7890.36,-9.21165,-0.723266,0.0
52620.0,-6.916814596736597,-0.727612,5.20788,0.0,2.07388,0.392268,-14.3359,-0.727612,7889.49,-9.09063,-0.49933,0.0
52630.0,-6.934784596736597,-0.722762,5.20788,0.0,-1.79717,0.485009,-14.3539,-0.722762,7889.04,-9.02926,-0.747601,0.0
52640.0,-6.903654596736596,-0.721966,5.20788,0.0,3.11335,0.0796096,-14.3227,-0.721966,7888.95,-9.00483,-0.63662,0.0
52650.0,-6.878254596736596,-0.721938,5.20788,0.0,2.53961,0.00279906,-14.2973,-0.721938,7889.05,-9.17017,-0.951869,0.0
52660.0,-6.865564596736597,-0.721258,5.20788,0.0,1.26922,0.0679879,-14.2846,-0.721258,7889.17,-9.09585,-0.821966,0.0
52670.0,-6.863624596736596,-0.718976,5.20788,0.0,0.193909,0.228151,-14.2827,-0.718976,7889.31,-9.08206,-0.623633,0.0
52680.0,-6.862464596736597,-0.715942,5.20788,0.0,0.115852,0.303376,-14.2815,-0.715942,7889.55,-9.00079,-0.691184,0.0
52690.0,-6.840424596736597,-0.712606,5.20788,0.0,2.20468,0.333643,-14.2595,-0.712606,7890.02,-9.03914,-0.752324,0.0
52700.0,-6.826534596736597,-0.703996,5.20788,0.0,1.38879,0.861032,-14.2456,-0.703996,7890.85,-9.00689,-0.787247,0.0
52710.0,-6.822344596736597,-0.688772,5.20788,0.0,0.419053,1.52233,-14.2414,-0.688772,7892.16,-9.03033,-0.525853,0.0
52720.0,-6.814674596736596,-0.671869,5.20788,0.0,0.766646,1.69037,-14.2337,-0.671869,7893.89,-9.02408,-0.612153,0.0
52730.0,-6.820554596736596,-0.655919,5.20788,0.0,-0.58814,1.59498,-14.2396,-0.655919,7895.39,-9.14666,-0.872069,0.0
52740.0,-6.824784596736597,-0.639515,5.20788,0.0,-0.422333,1.64043,-14.2438,-0.639515,7896.11,-8.9845,-0.424682,0.0
52750.0,-6.879354596736597,-0.615525,5.20788,0.0,-5.45723,2.39899,-14.2984,-0.615525,7896.19,-9.16363,-0.594836,0.0
52760.0,-6.960954596736597,-0.587316,5.20788,0.0,-8.16018,2.82086,-14.38,-0.587316,7896.02,-9.24905,-0.662786,0.0
52770.0,-6.963954596736597,-0.567945,5.20788,0.0,-0.300324,1.93714,-14.383,-0.567945,7895.89,-9.24597,-0.564997,0.0
52780.0,-6.974674596736596,-0.556046,5.20788,0.0,-1.07147,1.1899,-14.3937,-0.556046,7895.84,-9.30943,-0.566883,0.0
52790.0,-6.972844596736596,-0.551684,5.20788,0.0,0.182968,0.436118,-14.3919,-0.551684,7895.88,-9.02134,-0.521548,0.0
52800.0,-6.923774596736596,-0.553587,5.20788,0.0,4.90711,-0.190246,-14.3428,-0.553587,7896.07,-9.16903,-0.532865,0.0
52810.0,-6.8863645967365965,-0.555636,5.20788,0.0,3.74082,-0.204885,-14.3054,-0.555636,7896.7,-9.05514,-0.490821,0.0
52820.0,-6.868994596736597,-0.556043,5.20788,0.0,1.73714,-0.0407,-14.2881,-0.556043,7898.34,-9.12548,-0.455896,0.0
52830.0,-6.884114596736596,-0.552817,5.20788,0.0,-1.51189,0.322535,-14.3032,-0.552817,7901.23,-9.06942,-0.608401,0.0
52840.0,-6.871064596736597,-0.548966,5.20788,0.0,1.30522,0.385155,-14.2901,-0.548966,7904.23,-8.94674,-0.455661,0.0
52850.0,-6.858784596736596,-0.543922,5.20788,0.0,1.22713,0.504374,-14.2779,-0.543922,7905.99,-9.128,-0.59121,0.0
52860.0,-6.852854596736597,-0.539305,5.20788,0.0,0.593883,0.461679,-14.2719,-0.539305,7906.37,-9.07336,-0.519816,0.0
52870.0,-6.814974596736597,-0.537508,5.20788,0.0,3.78778,0.179726,-14.234,-0.537508,7905.26,-9.06931,-0.630723,0.0
52880.0,-6.822494596736597,-0.532616,5.20788,0.0,-0.752304,0.489198,-14.2416,-0.532616,7901.35,-8.94829,-0.684215,0.0
52890.0,-6.822704596736596,-0.528858,5.20788,0.0,-0.0210788,0.375799,-14.2418,-0.528858,7894.26,-8.97421,-0.453014,0.0
52900.0,-6.823154596736597,-0.526008,5.20788,0.0,-0.0446134,0.28506,-14.2422,-0.526008,7886.87,-9.02195,-0.572975,0.0
52910.0,-6.840094596736597,-0.520161,5.20788,0.0,-1.69419,0.584606,-14.2592,-0.520161,7881.92,-9.17592,-0.498451,0.0
52920.0,-6.922754596736597,-0.506907,5.20788,0.0,-8.26637,1.32545,-14.3418,-0.506907,7879.05,-9.19929,-0.51012,0.0
52930.0,-6.959634596736597,-0.49254,5.20788,0.0,-3.6877,1.43668,-14.3787,-0.49254,7876.92,-9.17274,-0.504474,0.0
52940.0,-6.960294596736597,-0.477054,5.20788,0.0,-0.065943,1.5486,-14.3794,-0.477054,7874.58,-9.19735,-0.538884,0.0
52950.0,-6.959194596736596,-0.459438,5.20788,0.0,0.110401,1.76164,-14.3783,-0.459438,7871.69,-9.16729,-0.428055,0.0
52960.0,-6.9544945967365965,-0.439586,5.20788,0.0,0.469292,1.98517,-14.3736,-0.439586,7868.95,-9.15681,-0.436476,0.0
52970.0,-6.947984596736596,-0.418917,5.20788,0.0,0.651165,2.06695,-14.3671,-0.418917,7867.06,-9.1517,-0.302097,0.0
52980.0,-6.929244596736597,-0.400126,5.20788,0.0,1.87444,1.87908,-14.3483,-0.400126,7865.33,-9.09762,-0.450806,0.0
52990.0,-6.898804596736596,-0.384283,5.20788,0.0,3.04402,1.58425,-14.3179,-0.384283,7861.93,-9.16823,-0.39689,0.0
53000.0,-6.878054596736597,-0.369382,5.20788,0.0,2.07416,1.49008,-14.2971,-0.369382,7856.1,-9.06407,-0.36536,0.0
53010.0,-6.862664596736597,-0.354321,5.20788,0.0,1.53981,1.50611,-14.2817,-0.354321,7849.73,-9.0822,-0.32047,0.0
53020.0,-6.849694596736596,-0.341215,5.20788,0.0,1.29674,1.31068,-14.2688,-0.341215,7844.83,-8.91619,-0.306751,0.0
53030.0,-6.839424596736597,-0.332125,5.20788,0.0,1.02664,0.908944,-14.2585,-0.332125,7841.24,-8.99386,-0.387645,0.0
53040.0,-6.830474596736597,-0.325584,5.20788,0.0,0.894873,0.654151,-14.2495,-0.325584,7838.5,-9.053,-0.23513,0.0
53050.0,-6.806064596736597,-0.321393,5.20788,0.0,2.44105,0.419064,-14.2251,-0.321393,7836.99,-9.02505,-0.292822,0.0
53060.0,-6.805184596736597,-0.317496,5.20788,0.0,0.0881653,0.389657,-14.2243,-0.317496,7836.73,-9.14149,-0.380061,0.0
53070.0,-6.813664596736597,-0.314148,5.20788,0.0,-0.847795,0.334893,-14.2327,-0.314148,7837.02,-8.91843,-0.307588,0.0
53080.0,-6.813944596736597,-0.312225,5.20788,0.0,-0.0275283,0.192243,-14.233,-0.312225,7836.84,-8.92824,-0.334244,0.0
53090.0,-6.815174596736597,-0.312762,5.20788,0.0,-0.123743,-0.0536867,-14.2342,-0.312762,7835.93,-9.14297,-0.125857,0.0
53100.0,-6.844634596736597,-0.314521,5.20788,0.0,-2.94622,-0.175897,-14.2637,-0.314521,7835.01,-9.08976,-0.306384,0.0
53110.0,-6.888594596736597,-0.315799,5.20788,0.0,-4.39579,-0.127799,-14.3077,-0.315799,7834.54,-9.11412,-0.335541,0.0
53120.0,-6.890544596736596,-0.317049,5.20788,0.0,-0.194312,-0.124998,-14.3096,-0.317049,7834.16,-8.94068,-0.257555,0.0
53130.0,-6.888764596736596,-0.314245,5.20788,0.0,0.177554,0.280381,-14.3078,-0.314245,7832.96,-9.12671,-0.341578,0.0
53140.0,-6.848114596736597,-0.308983,5.20788,0.0,4.06532,0.526203,-14.2672,-0.308983,7829.82,-9.10649,-0.46095,0.0
53150.0,-6.766814596736596,-0.301719,5.20788,0.0,8.13016,0.726421,-14.1859,-0.301719,7824.7,-8.83092,-0.526836,0.0
53160.0,-6.732594596736597,-0.289838,5.20788,0.0,3.42116,1.18808,-14.1517,-0.289838,7819.4,-8.93267,-0.327163,0.0
53170.0,-6.730684596736596,-0.279208,5.20788,0.0,0.190938,1.063,-14.1498,-0.279208,7815.84,-8.85677,-0.208091,0.0
53180.0,-6.7313345967365965,-0.273193,5.20788,0.0,-0.0643118,0.601529,-14.1504,-0.273193,7814.36,-8.94866,-0.187418,0.0
53190.0,-6.753554596736597,-0.268152,5.20788,0.0,-2.22235,0.504093,-14.1726,-0.268152,7814.01,-9.00186,-0.261622,0.0
53200.0,-6.761764596736597,-0.264173,5.20788,0.0,-0.821264,0.397915,-14.1808,-0.264173,7813.94,-9.01359,-0.211723,0.0
53210.0,-6.761934596736596,-0.261235,5.20788,0.0,-0.016628,0.293728,-14.181,-0.261235,7814.0,-9.03742,-0.27065,0.0
53220.0,-6.762374596736597,-0.260814,5.20788,0.0,-0.0441753,0.0421562,-14.1814,-0.260814,7814.53,-8.97252,-0.326197,0.0
53230.0,-6.773044596736597,-0.262371,5.20788,0.0,-1.0666,-0.155669,-14.1921,-0.262371,7816.73,-8.91624,-0.267804,0.0
53240.0,-6.773644596736597,-0.264915,5.20788,0.0,-0.0604627,-0.254477,-14.1927,-0.264915,7822.84,-8.93879,-0.239166,0.0
53250.0,-6.776504596736597,-0.266523,5.20788,0.0,-0.285964,-0.160764,-14.1956,-0.266523,7833.29,-9.05334,-0.129388,0.0
53260.0,-6.839484596736597,-0.263982,5.20788,0.0,-6.29829,0.254107,-14.2586,-0.263982,7844.36,-9.16902,-0.314655,0.0
53270.0,-6.846044596736597,-0.265132,5.20788,0.0,-0.655956,-0.114999,-14.2651,-0.265132,7852.26,-9.18706,-0.316464,0.0
53280.0,-6.897624596736597,-0.265269,5.20788,0.0,-5.15711,-0.0137566,-14.3167,-0.265269,7856.54,-9.04606,-0.260385,0.0
53290.0,-6.923644596736596,-0.269619,5.20788,0.0,-2.60251,-0.434945,-14.3427,-0.269619,7858.39,-9.00046,-0.204242,0.0
53300.0,-6.9118445967365965,-0.278101,5.20788,0.0,1.18043,-0.848186,-14.3309,-0.278101,7859.27,-9.20543,-0.259859,0.0
53310.0,-6.909294596736597,-0.288629,5.20788,0.0,0.25479,-1.05282,-14.3284,-0.288629,7860.71,-9.16581,-0.392664,0.0
53320.0,-6.927814596736596,-0.306305,5.20788,0.0,-1.85256,-1.76755,-14.3469,-0.306305,7863.68,-9.07315,-0.194936,0.0
53330.0,-6.929754596736597,-0.335564,5.20788,0.0,-0.193226,-2.92594,-14.3488,-0.335564,7867.78,-9.10312,-0.294373,0.0
53340.0,-6.920814596736596,-0.36501,5.20788,0.0,0.893685,-2.94465,-14.3399,-0.36501,7871.88,-9.1517,-0.390616,0.0
53350.0,-6.904784596736597,-0.383329,5.20788,0.0,1.60329,-1.83184,-14.3238,-0.383329,7876.05,-9.19701,-0.589378,0.0
53360.0,-6.807944596736597,-0.396766,5.20788,0.0,9.68322,-1.34372,-14.227,-0.396766,7881.38,-8.77024,-0.397813,0.0
53370.0,-6.348684596736597,-0.429859,5.20788,0.0,45.9267,-3.30932,-13.7677,-0.429859,7888.21,-8.14341,-0.279222,0.0
53380.0,-5.922674596736597,-0.463295,5.20788,0.0,42.6002,-3.3436,-13.3417,-0.463295,7896.53,-7.90621,-0.527661,0.0
53390.0,-5.837014596736596,-0.479664,5.20788,0.0,8.56681,-1.63689,-13.2561,-0.479664,7905.28,-8.0194,-0.558532,0.0
53400.0,-5.797124596736596,-0.492506,5.20788,0.0,3.98889,-1.28417,-13.2162,-0.492506,7912.09,-7.9923,-0.295319,0.0
53410.0,-5.795594596736596,-0.49969,5.20788,0.0,0.153262,-0.718422,-13.2147,-0.49969,7915.99,-7.93024,-0.445995,0.0
53420.0,-5.789124596736597,-0.504958,5.20788,0.0,0.646871,-0.526763,-13.2082,-0.504958,7917.87,-7.9877,-0.506888,0.0
53430.0,-5.7842145967365965,-0.509332,5.20788,0.0,0.490232,-0.437407,-13.2033,-0.509332,7918.76,-8.02498,-0.471156,0.0
53440.0,-5.759694596736598,-0.516731,5.20788,0.0,2.45283,-0.739958,-13.1788,-0.516731,7919.2,-7.90786,-0.556255,0.0
53450.0,-5.714504596736598,-0.530907,5.20788,0.0,4.51862,-1.41756,-13.1336,-0.530907,7919.53,-7.89563,-0.650756,0.0
53460.0,-5.688304596736597,-0.549979,5.20788,0.0,2.62003,-1.90718,-13.1074,-0.549979,7919.99,-7.91152,-0.61194,0.0
53470.0,-5.6798145967365965,-0.569358,5.20788,0.0,0.848952,-1.93792,-13.0989,-0.569358,7920.84,-7.89613,-0.506356,0.0
53480.0,-5.625684596736598,-0.588121,0.0,0.0,5.41257,-1.87636,7.83687,-0.588121,7922.15,-7.71507,-0.506556,0.0
53490.0,-5.6185345967365965,-0.599993,0.0,0.0,0.715067,-1.18712,7.82972,-0.599993,7924.06,-7.77777,-0.647844,0.0
53500.0,-5.568274596736597,-0.609899,0.0,0.0,5.02607,-0.990666,7.77946,-0.609899,7927.17,-7.78159,-0.614582,0.0
53510.0,-5.539714596736596,-0.616347,0.0,0.0,2.85657,-0.644774,7.7509,-0.616347,7931.51,-7.88583,-0.603708,0.0
53520.0,-5.525354596736596,-0.625492,0.0,0.0,1.43566,-0.914488,7.73654,-0.625492,7935.6,-7.69836,-0.569288,0.0
53530.0,-5.407424596736597,-0.647308,0.0,0.0,11.7926,-2.18157,7.61861,-0.647308,7937.76,-7.5678,-0.708932,0.0
53540.0,-4.948764596736597,-0.695818,0.0,0.0,45.8666,-4.85104,7.15995,-0.695818,7937.65,-6.75106,-0.780756,0.0
53550.0,-4.554724596736596,-0.746157,0.0,0.0,39.4037,-5.03386,6.76591,-0.746157,7935.26,-6.56109,-0.806154,0.0
53560.0,-4.539694596736597,-0.772982,0.0,0.0,1.50315,-2.68253,6.75088,-0.772982,7930.97,-6.75045,-0.822079,0.0
53570.0,-4.539714596736596,-0.790702,0.0,0.0,-0.0020177,-1.77196,6.7509,-0.790702,7925.75,-7.06361,-0.820832,0.0
53580.0,-4.538104596736597,-0.80348,0.0,0.0,0.161131,-1.27785,6.74929,-0.80348,7920.61,-6.7476,-0.650653,0.0
53590.0,-4.501914596736597,-0.816833,0.0,0.0,3.61876,-1.33525,6.7131,-0.816833,7916.7,-6.53788,-0.872009,0.0
53600.0,-4.498624596736597,-0.826649,0.0,0.0,0.328745,-0.981641,6.70981,-0.826649,7914.37,-6.59924,-0.947791,0.0
53610.0,-4.422684596736596,-0.837131,0.0,0.0,7.59475,-1.04825,6.63387,-0.837131,7913.35,-6.66833,-0.770692,0.0
53620.0,-4.377474596736597,-0.842941,0.0,0.0,4.52096,-0.580992,6.58866,-0.842941,7913.26,-6.78534,-0.911914,0.0
53630.0,-4.375304596736598,-0.844631,0.0,0.0,0.216502,-0.168968,6.58649,-0.844631,7913.49,-6.57914,-0.81635,0.0
53640.0,-4.364664596736597,-0.845306,0.0,0.0,1.06428,-0.0674855,6.57585,-0.845306,7913.71,-6.55913,-0.759608,0.0
53650.0,-4.333604596736597,-0.845995,0.0,0.0,3.10541,-0.0688768,6.54479,-0.845995,7914.0,-6.4056,-0.973791,0.0
53660.0,-4.329124596736596,-0.844437,0.0,0.0,0.448913,0.15578,6.54031,-0.844437,7914.25,-6.3872,-0.690573,0.0
53670.0,-4.3083545967365975,-0.840474,0.0,0.0,2.07679,0.396263,6.51954,-0.840474,7914.24,-6.51695,-0.887707,0.0
53680.0,-4.304564596736597,-0.827052,0.0,0.0,0.378811,1.34222,6.51575,-0.827052,7913.97,-6.57586,-0.974286,0.0
53690.0,-4.307284596736597,-0.80272,0.0,0.0,-0.271766,2.43322,6.51847,-0.80272,7913.6,-6.51642,-0.726426,0.0
53700.0,-4.3055845967365975,-0.772047,0.0,0.0,0.169744,3.06733,6.51677,-0.772047,7913.16,-6.52414,-0.931972,0.0
53710.0,-4.298004596736597,-0.730787,0.0,0.0,0.757672,4.12596,6.50919,-0.730787,7912.47,-6.54066,-0.779076,0.0
53720.0,-4.134174596736598,-0.654635,0.0,0.0,16.3835,7.61522,6.34536,-0.654635,7911.77,-6.04514,-1.10117,0.0
53730.0,-3.042584596736597,-0.549603,0.0,0.0,109.159,10.5031,5.25377,-0.549603,7911.46,-2.51541,-0.18296,0.0
53740.0,-1.4789445967365968,-0.418285,0.0,0.0,156.363,13.1319,3.69013,-0.418285,7911.33,-2.2408,-0.0993381,0.0
53750.0,-0.7104745967365971,-0.283713,0.0,0.0,76.8475,13.4571,2.92166,-0.283713,7910.97,-3.0149,-0.18672,0.0
53760.0,-0.539234596736597,-0.202028,0.0,0.0,17.1235,8.16852,2.75042,-0.202028,7910.4,-2.7286,-0.221853,0.0
53770.0,-0.47667459673659707,-0.174846,0.0,0.0,6.25678,2.71824,2.68786,-0.174846,7909.73,-2.50137,-0.154096,0.0
53780.0,-0.40458459673659686,-0.173797,0.0,0.0,7.20857,0.104921,2.61577,-0.173797,7908.91,-2.5686,-0.0386706,0.0
53790.0,-0.3457145967365971,-0.182884,0.0,0.0,5.88698,-0.908757,2.5569,-0.182884,7907.94,-2.53102,-0.101728,0.0
53800.0,-0.2648645967365968,-0.199937,0.0,0.0,8.0846,-1.70524,2.47605,-0.199937,7906.8,-2.33439,-0.0235883,0.0
53810.0,-0.24773459673659692,-0.217777,0.0,0.0,1.71334,-1.78401,2.45892,-0.217777,7905.18,-2.47284,-0.253023,0.0
53820.0,-0.2294945967365969,-0.237623,0.0,0.0,1.82451,-1.98465,2.44068,-0.237623,7902.85,-2.35075,-0.258241,0.0
53830.0,-0.23009459673659682,-0.257324,0.0,0.0,-0.0609274,-1.97014,2.44128,-0.257324,7900.25,-2.51777,-0.340861,0.0
53840.0,-0.23129459673659714,-0.272279,0.0,0.0,-0.120028,-1.49542,2.44248,-0.272279,7897.92,-2.43329,-0.32046,0.0
53850.0,-0.23182459673659706,-0.279375,0.0,0.0,-0.0524152,-0.709649,2.44301,-0.279375,7895.79,-2.5283,-0.296759,0.0
53860.0,-0.22973459673659713,-0.281393,0.0,0.0,0.208884,-0.201842,2.44092,-0.281393,7893.35,-2.41539,-0.295228,0.0
53870.0,-0.1772845967365968,-0.283575,0.0,0.0,5.24508,-0.218107,2.38847,-0.283575,7890.37,-2.36199,-0.292603,0.0
53880.0,-0.136034596736597,-0.283829,0.0,0.0,4.12492,-0.0254024,2.34722,-0.283829,7886.83,-2.29155,-0.177287,0.0
53890.0,-0.12627459673659702,-0.280652,0.0,0.0,0.975611,0.317675,2.33746,-0.280652,7883.15,-2.19443,-0.174023,0.0
53900.0,-0.12276459673659712,-0.276238,0.0,0.0,0.350971,0.441341,2.33395,-0.276238,7879.7,-2.3896,-0.218788,0.0
53910.0,-0.12255459673659708,-0.273159,0.0,0.0,0.0217116,0.307983,2.33374,-0.273159,7875.78,-2.35714,-0.370301,0.0
53920.0,-0.12565459673659696,-0.271711,0.0,0.0,-0.310446,0.144767,2.33684,-0.271711,7870.27,-2.33628,-0.25493,0.0
53930.0,-0.13043459673659674,-0.270666,0.0,0.0,-0.477892,0.104478,2.34162,-0.270666,7862.25,-2.41816,-0.395633,0.0
53940.0,-0.15998459673659715,-0.269088,0.0,0.0,-2.95543,0.157813,2.37117,-0.269088,7851.02,-2.3286,-0.169329,0.0
53950.0,-0.1899745967365969,-0.270025,0.0,0.0,-2.99852,-0.0936661,2.40116,-0.270025,7836.11,-2.3999,-0.284115,0.0
53960.0,-0.191144596736597,-0.277225,0.0,0.0,-0.116715,-0.719998,2.40233,-0.277225,7817.14,-2.41386,-0.280575,0.0
53970.0,-0.17876459673659673,-0.292554,0.0,0.0,1.23808,-1.53297,2.38995,-0.292554,7795.17,-2.51153,-0.393582,0.0
53980.0,-0.19347459673659673,-0.315498,0.0,0.0,-1.4709,-2.29432,2.40466,-0.315498,7771.93,-2.33721,-0.267651,0.0
53990.0,-0.1848545967365971,-0.342949,0.0,0.0,0.86181,-2.74516,2.39604,-0.342949,7746.06,-2.33733,-0.563162,0.0
54000.0,-0.17679459673659714,-0.36543,0.0,0.0,0.806196,-2.2481,2.38798,-0.36543,7714.48,-2.46669,-0.375905,0.0
54010.0,-0.1710645967365969,-0.380235,0.0,0.0,0.57219,-1.48052,2.38225,-0.380235,7678.44,-2.4045,-0.415821,0.0
54020.0,-0.16741459673659698,-0.388736,0.0,0.0,0.365572,-0.850047,2.3786,-0.388736,7644.72,-2.36812,-0.488901,0.0
54030.0,-0.17705459673659707,-0.392104,0.0,0.0,-0.964317,-0.336772,2.38824,-0.392104,7618.44,-2.39209,-0.446731,0.0
54040.0,-0.17742459673659683,-0.393357,0.0,0.0,-0.0365002,-0.125351,2.38861,-0.393357,7596.14,-2.29239,-0.363253,0.0
54050.0,-0.17428459673659713,-0.392683,0.0,0.0,0.313483,0.0674407,2.38547,-0.392683,7568.24,-2.44604,-0.432169,0.0
54060.0,-0.18129459673659687,-0.387362,0.0,0.0,-0.700589,0.53212,2.39248,-0.387362,7530.2,-2.49436,-0.447238,0.0
54070.0,-0.20428459673659694,-0.377237,0.0,0.0,-2.29971,1.01248,2.41547,-0.377237,7488.35,-2.25179,-0.329175,0.0
54080.0,-0.21555459673659705,-0.369102,0.0,0.0,-1.12684,0.813454,2.42674,-0.369102,7448.65,-2.38627,-0.0735095,0.0
54090.0,-0.21550459673659672,-0.368319,0.0,0.0,0.00571836,0.0782739,2.42669,-0.368319,7411.05,-2.48133,-0.212409,0.0
54100.0,-0.20501459673659683,-0.373389,0.0,0.0,1.04833,-0.506942,2.4162,-0.373389,7378.68,-2.44581,-0.479204,0.0
54110.0,-0.20455459673659693,-0.378819,0.0,0.0,0.0459202,-0.542973,2.41574,-0.378819,7354.06,-2.42412,-0.351748,0.0
54120.0,-0.19437459673659685,-0.385285,0.0,0.0,1.01777,-0.646674,2.40556,-0.385285,7331.25,-2.3595,-0.458903,0.0
54130.0,-0.14704459673659676,-0.395026,0.0,0.0,4.73344,-0.974075,2.35823,-0.395026,7302.6,-2.04879,-0.365689,0.0
54140.0,-0.1019045967365968,-0.40493,0.0,0.0,4.51367,-0.990365,2.31309,-0.40493,7266.57,-2.29471,-0.382276,0.0
54150.0,-0.10047459673659676,-0.411595,0.0,0.0,0.143766,-0.666564,2.31166,-0.411595,7228.76,-2.22463,-0.490117,0.0
54160.0,-0.09956459673659701,-0.415127,0.0,0.0,0.0903454,-0.35321,2.31075,-0.415127,7196.12,-2.24253,-0.433997,0.0
54170.0,-0.0743145967365968,-0.414923,0.0,0.0,2.52553,0.0204623,2.2855,-0.414923,7169.52,-2.35844,-0.425632,0.0
54180.0,-0.10026459673659671,-0.405074,0.0,0.0,-2.59478,0.984849,2.31145,-0.405074,7144.99,-2.36603,-0.341482,0.0
54190.0,-0.09789459673659673,-0.387318,0.0,0.0,0.23604,1.77566,2.30908,-0.387318,7116.85,-2.16131,-0.483982,0.0
54200.0,-0.040274596736596724,-0.368173,0.0,0.0,5.76252,1.91452,2.25146,-0.368173,7081.68,-2.41011,-0.29202,0.0
54210.0,0.06242540326340329,-0.354329,0.0,0.0,10.2704,1.38434,2.14876,-0.354329,7044.19,-2.10833,-0.128011,0.0
54220.0,0.08334540326340312,-0.341324,0.0,0.0,2.09107,1.30052,2.12784,-0.341324,7011.57,-2.01911,-0.108635,0.0
54230.0,0.09660540326340294,-0.330772,0.0,0.0,1.32642,1.05522,2.11458,-0.330772,6983.44,-2.1136,-0.3664,0.0
54240.0,0.09788540326340289,-0.320424,0.0,0.0,0.128543,1.03481,2.1133,-0.320424,6954.77,-2.09646,-0.252791,0.0
54250.0,0.09899540326340306,-0.304384,0.0,0.0,0.110411,1.60393,2.11219,-0.304384,6923.77,-2.13997,-0.325559,0.0
54260.0,0.09706540326340285,-0.277544,0.0,0.0,-0.19248,2.68408,2.11412,-0.277544,6890.91,-1.99963,-0.155651,0.0
54270.0,0.049175403263403084,-0.244699,0.0,0.0,-4.78921,3.28448,2.16201,-0.244699,6853.23,-2.26886,-0.168424,0.0
54280.0,-0.05301459673659714,-0.216059,0.0,0.0,-10.2189,2.86399,2.2642,-0.216059,6807.96,-2.72204,-0.106255,0.0
54290.0,-0.09065459673659682,-0.195906,0.0,0.0,-3.76449,2.01534,2.30184,-0.195906,6760.56,-2.1614,-0.373214,0.0
54300.0,-0.1475045967365971,-0.173505,0.0,0.0,-5.68463,2.24001,2.35869,-0.173505,6719.1,-2.36786,0.11416,0.0
54310.0,-0.19212459673659676,-0.149697,0.0,0.0,-4.46261,2.38087,2.40331,-0.149697,6685.16,-2.51647,-0.247714,0.0
54320.0,-0.14837459673659703,-0.129623,0.0,0.0,4.3752,2.00736,2.35956,-0.129623,6657.51,-2.13038,0.0824948,0.0
54330.0,-0.182264596736597,-0.106652,0.0,0.0,-3.38885,2.29713,2.39345,-0.106652,6633.56,-2.46699,-0.141815,0.0
54340.0,-0.16693459673659694,-0.0875313,0.0,0.0,1.53327,1.91205,2.37812,-0.0875313,6604.71,-2.28655,-0.0285649,0.0
54350.0,-0.16274459673659702,-0.0715515,0.0,0.0,0.418762,1.59798,2.37393,-0.0715515,6562.59,-2.40632,-0.090352,0.0
54360.0,-0.1079845967365971,-0.0644014,0.0,0.0,5.47624,0.715013,2.31917,-0.0644014,6511.79,-2.34209,0.00280986,0.0
54370.0,-0.0761245967365971,-0.0625734,0.0,0.0,3.18619,0.182799,2.28731,-0.0625734,6467.85,-2.26919,0.0199001,0.0
54380.0,-0.06848459673659679,-0.0622059,0.0,0.0,0.763834,0.0367461,2.27967,-0.0622059,6438.01,-2.131,-0.148685,0.0
54390.0,-0.0681245967365971,-0.061168,0.0,0.0,0.0354933,0.103798,2.27931,-0.061168,6414.01,-2.29776,-0.143127,0.0
54400.0,-0.06849459673659686,-0.0577129,0.0,0.0,-0.0366156,0.34551,2.27968,-0.0577129,6387.2,-2.26433,-0.0821216,0.0
54410.0,-0.08181459673659708,-0.050507,0.0,0.0,-1.33161,0.720583,2.293,-0.050507,6358.81,-2.43312,-0.036604,0.0
54420.0,-0.07515459673659697,-0.0431898,0.0,0.0,0.665961,0.731726,2.28634,-0.0431898,6332.49,-2.40773,-0.028342,0.0
54430.0,-0.07229459673659688,-0.0369979,0.0,0.0,0.28598,0.619182,2.28348,-0.0369979,6308.88,-2.20442,-0.0979228,0.0
54440.0,-0.07012459673659688,-0.0306559,0.0,0.0,0.216542,0.634203,2.28131,-0.0306559,6287.84,-2.18592,0.0277141,0.0
54450.0,-0.032004596736596724,-0.0227158,0.0,0.0,3.81199,0.794013,2.24319,-0.0227158,6269.21,-2.32436,-0.0245053,0.0
54460.0,-0.005114596736596866,-0.0111572,0.0,0.0,2.68949,1.15586,2.2163,-0.0111572,6252.62,-2.2164,0.0752678,0.0
54470.0,0.027795403263402907,-0.00138987,0.0,0.0,3.29017,0.976733,2.18339,-0.00138987,6235.43,-2.07797,0.181307,0.0
54480.0,0.05758540326340311,0.00318604,0.0,0.0,2.97955,0.457591,2.1536,0.00318604,6215.43,-2.25191,0.011298,0.0
54490.0,0.08902540326340302,0.00358506,0.0,0.0,3.14378,0.0399024,2.12216,0.00358506,6196.59,-2.02492,0.00474358,0.0
54500.0,0.09579540326340297,0.00357496,0.0,0.0,0.676873,-0.00101006,2.11539,0.00357496,6183.86,-2.14957,0.0222518,0.0
54510.0,0.09887540326340316,0.00346744,0.0,0.0,0.308574,-0.0107525,2.11231,0.00346744,6176.46,-2.0054,-0.0541274,0.0
54520.0,0.13022540326340293,0.00225849,0.0,0.0,3.13466,-0.120895,2.08096,0.00225849,6171.22,-2.16714,-0.128001,0.0
54530.0,0.13307540326340295,0.00252087,0.0,0.0,0.28461,0.026238,2.07811,0.00252087,6166.43,-2.12813,-0.00472784,0.0
54540.0,0.1662854032634029,0.00193695,0.0,0.0,3.32148,-0.0583915,2.0449,0.00193695,6161.57,-2.02139,-0.0898558,0.0
54550.0,0.17537540326340295,0.00261192,0.0,0.0,0.908682,0.0674964,2.03581,0.00261192,6156.76,-1.91985,-0.146188,0.0
54560.0,0.19470540326340302,0.0052224,0.0,0.0,1.93367,0.261048,2.01648,0.0052224,6152.75,-2.00855,0.106972,0.0
54570.0,0.197005403263403,0.0140246,0.0,0.0,0.229115,0.880218,2.01418,0.0140246,6150.25,-2.05012,0.0860417,0.0
54580.0,0.19764540326340319,0.0249032,0.0,0.0,0.0648737,1.08786,2.01354,0.0249032,6149.2,-1.9443,0.0865774,0.0
54590.0,0.216055403263403,0.0302629,0.0,0.0,1.84044,0.535975,1.99513,0.0302629,6148.99,-1.84551,0.0662503,0.0
54600.0,0.299605403263403,0.0255916,0.0,0.0,8.35509,-0.467131,1.91158,0.0255916,6149.4,-2.18579,-0.0696983,0.0
54610.0,0.46855540326340317,0.00913908,0.0,0.0,16.8953,-1.64525,1.74263,0.00913908,6151.14,-1.42822,0.011375,0.0
54620.0,0.6784154032634031,-0.0149064,0.0,0.0,20.9855,-2.40455,1.53277,-0.0149064,6155.4,-1.29289,0.0084285,0.0
54630.0,0.766155403263403,-0.0344402,0.0,0.0,8.77379,-1.95338,1.44503,-0.0344402,6163.08,-1.36774,-0.096393,0.0
54640.0,0.768655403263403,-0.0480383,0.0,0.0,0.249904,-1.35981,1.44253,-0.0480383,6173.49,-1.6236,-0.214388,0.0
54650.0,0.7666154032634032,-0.0566632,0.0,0.0,-0.203728,-0.862484,1.44457,-0.0566632,6183.91,-1.47665,-0.153007,0.0
54660.0,0.7346854032634031,-0.0586961,0.0,0.0,-3.19326,-0.203287,1.4765,-0.0586961,6192.59,-1.48544,-0.141342,0.0
54670.0,0.7250954032634032,-0.0580927,0.0,0.0,-0.958588,0.0603314,1.48609,-0.0580927,6200.7,-1.48579,0.0240319,0.0
54680.0,0.7059754032634031,-0.0545324,0.0,0.0,-1.91151,0.356036,1.50521,-0.0545324,6209.6,-1.57029,-0.0390229,0.0
54690.0,0.7054554032634031,-0.050421,0.0,0.0,-0.0525577,0.411142,1.50573,-0.050421,6219.77,-1.52644,-0.0501482,0.0
54700.0,0.7056054032634032,-0.0476708,0.0,0.0,0.0148046,0.275012,1.50558,-0.0476708,6232.12,-1.58097,-0.180247,0.0
54710.0,0.7044454032634031,-0.0474593,0.0,0.0,-0.116039,0.0211574,1.50674,-0.0474593,6247.46,-1.02653,0.003823,0.0
54720.0,0.708695403263403,-0.050663,0.0,0.0,0.424951,-0.320373,1.50249,-0.050663,6265.88,-1.46926,0.00514461,0.0
54730.0,0.7083154032634031,-0.0582345,0.0,0.0,-0.0374276,-0.757148,1.50287,-0.0582345,6287.64,-1.48995,0.114859,0.0
54740.0,0.7064054032634031,-0.0720286,0.0,0.0,-0.190676,-1.37941,1.50478,-0.0720286,6313.45,-1.66308,-0.121347,0.0
54750.0,0.684775403263403,-0.0900124,0.0,0.0,-2.16331,-1.79838,1.52641,-0.0900124,6341.27,-1.52451,0.0300251,0.0
54760.0,0.6660754032634031,-0.109518,0.0,0.0,-1.86986,-1.95051,1.54511,-0.109518,6365.12,-1.48646,-0.148677,0.0
54770.0,0.6458854032634032,-0.126776,0.0,0.0,-2.01948,-1.7258,1.5653,-0.126776,6382.76,-1.74162,-0.302873,0.0
54780.0,0.6433754032634031,-0.137737,0.0,0.0,-0.251227,-1.0961,1.56781,-0.137737,6400.07,-1.57683,-0.137642,0.0
54790.0,0.6224654032634032,-0.140653,0.0,0.0,-2.09094,-0.291602,1.58872,-0.140653,6421.97,-1.68212,-0.135813,0.0
54800.0,0.6063854032634031,-0.139891,0.0,0.0,-1.60808,0.0761261,1.6048,-0.139891,6445.69,-1.55067,-0.181477,0.0
54810.0,0.5590454032634031,-0.133672,0.0,0.0,-4.7337,0.621897,1.65214,-0.133672,6467.63,-1.68941,-0.367345,0.0
54820.0,0.5328754032634031,-0.119271,0.0,0.0,-2.61656,1.44017,1.67831,-0.119271,6488.81,-1.80865,-0.227437,0.0
54830.0,0.5243054032634031,-0.0943068,0.0,0.0,-0.856968,2.49638,1.68688,-0.0943068,6512.65,-1.68007,0.0624359,0.0
54840.0,0.4992554032634031,-0.0654799,0.0,0.0,-2.50521,2.88269,1.71193,-0.0654799,6540.14,-1.80674,0.00655418,0.0
54850.0,0.46060540326340305,-0.0445082,0.0,0.0,-3.86483,2.09717,1.75058,-0.0445082,6567.09,-1.73298,-0.0653677,0.0
54860.0,0.440705403263403,-0.034898,0.0,0.0,-1.98989,0.961023,1.77048,-0.034898,6588.84,-1.77511,-0.105451,0.0
54870.0,0.43774540326340317,-0.0310308,0.0,0.0,-0.296355,0.386717,1.77344,-0.0310308,6604.58,-1.78037,-0.00388076,0.0
54880.0,0.44021540326340314,-0.0289427,0.0,0.0,0.247232,0.208805,1.77097,-0.0289427,6618.25,-1.77149,-0.0327908,0.0
54890.0,0.43791540326340317,-0.0288233,0.0,0.0,-0.230645,0.0119444,1.77327,-0.0288233,6635.93,-1.84363,-0.0313029,0.0
54900.0,0.440535403263403,-0.031056,0.0,0.0,0.262159,-0.223268,1.77065,-0.031056,6658.86,-1.69976,0.0760461,0.0
54910.0,0.44840540326340306,-0.034535,0.0,0.0,0.787241,-0.347907,1.76278,-0.034535,6683.28,-1.7675,-0.212429,0.0
54920.0,0.4431954032634031,-0.0397017,0.0,0.0,-0.520879,-0.516667,1.76799,-0.0397017,6707.59,-1.8054,0.0488429,0.0
54930.0,0.44001540326340316,-0.0484532,0.0,0.0,-0.318124,-0.875151,1.77117,-0.0484532,6732.9,-1.74654,0.0296888,0.0
54940.0,0.384645403263403,-0.0575544,0.0,0.0,-5.53692,-0.910113,1.82654,-0.0575544,6758.59,-1.87022,-0.0853056,0.0
54950.0,0.324345403263403,-0.0677275,0.0,0.0,-6.03029,-1.01731,1.88684,-0.0677275,6783.52,-1.95308,-0.191002,0.0
54960.0,0.280625403263403,-0.0803041,0.0,0.0,-4.37144,-1.25766,1.93056,-0.0803041,6807.57,-1.956,-0.0699518,0.0
54970.0,0.20348540326340325,-0.098732,-10.3311,0.0,-7.71401,-1.84279,-8.32341,-0.098732,6829.91,-2.18421,-0.27806,0.0
54980.0,0.128405403263403,-0.127886,-10.3311,0.0,-7.50853,-2.91545,-8.24832,-0.127886,6850.74,-1.88522,-0.039921,0.0
54990.0,0.09663540326340314,-0.161782,-10.3311,0.0,-3.17684,-3.38954,-8.21656,-0.161782,6870.3,-2.1643,-0.0401091,0.0
55000.0,0.0852554032634032,-0.192372,-10.3311,0.0,-1.13786,-3.05902,-8.20518,-0.192372,6886.45,-2.1095,-0.205594,0.0
55010.0,0.09121540326340316,-0.219494,-10.3311,0.0,0.596315,-2.71221,-8.21114,-0.219494,6898.68,-2.15212,-0.291191,0.0
55020.0,0.09026540326340315,-0.239162,-10.3311,0.0,-0.0956445,-1.96682,-8.21018,-0.239162,6909.71,-2.00778,-0.289883,0.0
55030.0,0.09232540326340288,-0.250165,-10.3311,0.0,0.206058,-1.10027,-8.21224,-0.250165,6922.46,-2.18595,-0.158659,0.0
55040.0,0.087665403263403,-0.257898,-10.3311,0.0,-0.466047,-0.773271,-8.20758,-0.257898,6939.42,-1.98271,-0.255583,0.0
55050.0,0.08784540326340329,-0.265839,-10.3311,0.0,0.0181761,-0.794105,-8.20776,-0.265839,6961.82,-2.11524,-0.128213,0.0
55060.0,0.10816540326340318,-0.272209,-10.3311,0.0,2.0317,-0.637013,-8.22808,-0.272209,6987.71,-2.12761,-0.32608,0.0
55070.0,0.08732540326340299,-0.272896,-10.3311,0.0,-2.08396,-0.068688,-8.20724,-0.272896,7012.15,-2.20969,-0.231333,0.0
55080.0,0.08676540326340287,-0.273076,-10.3311,0.0,-0.0560492,-0.018028,-8.20668,-0.273076,7030.02,-1.96813,-0.34993,0.0
55090.0,0.09427540326340322,-0.276269,-10.3311,0.0,0.751223,-0.319266,-8.21419,-0.276269,7040.17,-2.24292,-0.289811,0.0
55100.0,0.05935540326340316,-0.280211,-10.3311,0.0,-3.49239,-0.394201,-8.17927,-0.280211,7045.87,-2.19175,-0.336621,0.0
55110.0,0.05289540326340303,-0.285106,-10.3311,0.0,-0.645464,-0.489473,-8.17282,-0.285106,7051.44,-2.02859,-0.328762,0.0
55120.0,-0.05333459673659702,-0.283623,-10.3311,0.0,-10.6226,0.148269,-8.06659,-0.283623,7059.39,-2.37023,-0.142505,0.0
55130.0,-0.11969459673659699,-0.27956,-10.3311,0.0,-6.63693,0.406325,-8.00022,-0.27956,7069.63,-2.32962,-0.251778,0.0
55140.0,-0.12195459673659714,-0.273103,-10.3311,0.0,-0.22547,0.64567,-7.99797,-0.273103,7081.84,-2.54313,-0.19208,0.0
55150.0,-0.12094459673659674,-0.264737,-10.3311,0.0,0.101315,0.836599,-7.99898,-0.264737,7097.32,-2.32847,-0.130031,0.0
55160.0,-0.08298459673659675,-0.260006,-10.3311,0.0,3.79606,0.47305,-8.03694,-0.260006,7116.47,-2.29959,-0.380107,0.0
55170.0,0.731855403263403,-0.291945,-10.3311,0.0,81.4836,-3.1939,-8.85177,-0.291945,7136.31,-0.923453,-0.401491,0.0
55180.0,4.710385403263404,-0.438739,-10.3311,0.0,397.852,-14.6793,-12.8303,-0.438739,7154.11,5.96214,-0.519032,0.0
55190.0,8.428485403263403,-0.551403,-10.3311,0.0,371.811,-11.2664,-16.5484,-0.551403,7170.98,10.0808,-0.566728,0.0
55200.0,9.459185403263403,-0.595113,-10.3311,0.0,103.07,-4.37101,-17.5791,-0.595113,7187.95,7.79237,-0.685746,0.0
55210.0,10.218015403263404,-0.636857,-10.3311,0.0,75.8824,-4.17436,-18.3379,-0.636857,7203.19,6.73371,-0.302815,0.0
55220.0,10.477735403263404,-0.667305,-10.3311,0.0,25.9724,-3.04487,-18.5977,-0.667305,7215.13,8.38865,-0.750318,0.0
55230.0,10.381125403263404,-0.690461,-10.3311,0.0,-9.66095,-2.31555,-18.501,-0.690461,7223.87,8.19497,-0.755603,0.0
55240.0,10.406615403263404,-0.715416,-10.3311,0.0,2.54894,-2.49553,-18.5265,-0.715416,7229.99,8.31113,-0.630962,0.0
55250.0,10.435465403263404,-0.734558,-10.3311,0.0,2.88434,-1.91422,-18.5554,-0.734558,7233.93,8.08731,-0.558145,0.0
55260.0,10.429615403263403,-0.743933,-10.3311,0.0,-0.584882,-0.937506,-18.5495,-0.743933,7236.2,8.08844,-0.584837,0.0
55270.0,10.407295403263403,-0.746936,-10.3311,0.0,-2.23167,-0.300271,-18.5272,-0.746936,7238.01,8.20149,-0.745864,0.0
55280.0,10.376585403263404,-0.749436,-10.3311,0.0,-3.07082,-0.249983,-18.4965,-0.749436,7239.93,8.22502,-0.862126,0.0
55290.0,10.369785403263403,-0.759308,-10.3311,0.0,-0.679704,-0.987219,-18.4897,-0.759308,7241.25,8.17519,-0.815862,0.0
55300.0,10.193905403263402,-0.783649,-10.3311,0.0,-17.5881,-2.43406,-18.3138,-0.783649,7241.32,7.60478,-1.13873,0.0
55310.0,8.323325403263404,-0.803524,-10.3311,0.0,-187.059,-1.98751,-16.4432,-0.803524,7238.53,1.78885,-0.584613,0.0
55320.0,2.0308194032634033,-0.718401,-10.3311,0.0,-629.25,8.51232,-10.1507,-0.718401,7228.27,-5.03941,-0.122842,0.0
55330.0,-3.225274596736597,-0.641895,-10.3311,0.0,-525.609,7.65056,-4.89465,-0.641895,7207.03,-7.12389,-0.20203,0.0
55340.0,-4.732994596736598,-0.737877,-10.3311,0.0,-150.772,-9.59821,-3.38693,-0.737877,7179.72,-8.40878,-0.877678,0.0
55350.0,-5.826154596736597,-0.817806,-10.3311,0.0,-109.316,-7.99292,-2.29376,-0.817806,7156.51,-8.93043,-0.903282,0.0
55360.0,-6.273694596736597,-0.873138,-10.3311,0.0,-44.7542,-5.53316,-1.84622,-0.873138,7142.92,-8.34464,-0.840801,0.0
55370.0,-6.382304596736596,-0.910131,-10.3311,0.0,-10.8606,-3.69933,-1.73762,-0.910131,7137.49,-8.88838,-0.839056,0.0
55380.0,-6.457444596736597,-0.937533,-10.3311,0.0,-7.5137,-2.74022,-1.66248,-0.937533,7136.12,-8.77091,-0.951718,0.0
55390.0,-6.435234596736597,-0.965121,-10.3311,0.0,2.22064,-2.75878,-1.68469,-0.965121,7136.06,-8.54123,-1.00575,0.0
55400.0,-6.446074596736597,-0.98428,-10.3311,0.0,-1.08406,-1.91586,-1.67384,-0.98428,7136.79,-8.69684,-1.02488,0.0
55410.0,-6.442714596736597,-1.00115,-10.3311,0.0,0.335872,-1.68723,-1.6772,-1.00115,7138.96,-8.70424,-1.1597,0.0
55420.0,-6.445314596736596,-1.0175,-10.3311,0.0,-0.259633,-1.6349,-1.67461,-1.0175,7142.86,-8.58266,-1.11152,0.0
55430.0,-6.457084596736596,-1.03401,-10.3311,0.0,-1.1771,-1.65088,-1.66284,-1.03401,7147.87,-8.6286,-1.06091,0.0
55440.0,-6.447664596736596,-1.05017,-10.3311,0.0,0.941464,-1.6158,-1.67225,-1.05017,7153.63,-8.67107,-0.939386,0.0
55450.0,-6.459584596736596,-1.05991,-10.3311,0.0,-1.19199,-0.973787,-1.66033,-1.05991,7159.92,-8.73281,-1.08069,0.0
55460.0,-6.473674596736597,-1.06493,-10.3311,0.0,-1.40834,-0.502603,-1.64625,-1.06493,7165.65,-8.64988,-1.05673,0.0
55470.0,-6.473904596736597,-1.06866,-10.3311,0.0,-0.0231115,-0.372332,-1.64602,-1.06866,7169.76,-8.80115,-1.11179,0.0
55480.0,-6.460284596736596,-1.07175,-10.3311,0.0,1.36167,-0.309382,-1.65963,-1.07175,7172.46,-8.69207,-1.04982,0.0
55490.0,-6.4343645967365966,-1.07458,-10.3311,0.0,2.592,-0.282851,-1.68555,-1.07458,7174.69,-8.52726,-1.29344,0.0
55500.0,-6.4116545967365965,-1.07688,-10.3311,0.0,2.27162,-0.229781,-1.70827,-1.07688,7176.96,-8.75333,-1.04707,0.0
55510.0,-6.385704596736597,-1.07902,-10.3311,0.0,2.59505,-0.214591,-1.73422,-1.07902,7179.32,-8.5879,-1.10299,0.0
55520.0,-6.372364596736597,-1.08,-10.3311,0.0,1.33397,-0.0976984,-1.74756,-1.08,7182.03,-8.62044,-0.984532,0.0
55530.0,-6.371524596736597,-1.07995,-10.3311,0.0,0.0836278,0.0046416,-1.7484,-1.07995,7185.21,-8.40406,-0.911373,0.0
55540.0,-6.364864596736597,-1.08005,-10.3311,0.0,0.665538,-0.0103017,-1.75505,-1.08005,7187.83,-8.57343,-1.10338,0.0
55550.0,-6.364564596736596,-1.07984,-10.3311,0.0,0.0304691,0.0217595,-1.75536,-1.07984,7188.64,-8.48236,-1.24405,0.0
55560.0,-6.387324596736596,-1.07862,-10.3311,0.0,-2.27633,0.122132,-1.73259,-1.07862,7187.44,-8.30543,-1.39882,0.0
55570.0,-6.988474596736596,-1.04247,-10.3311,0.0,-60.115,3.61442,-1.13144,-1.04247,7183.81,-9.71605,-1.30774,0.0
55580.0,-8.988214596736597,-0.913552,-10.3311,0.0,-199.974,12.892,0.868294,-0.913552,7176.54,-13.7335,-0.69652,0.0
55590.0,-10.743714596736597,-0.790553,-10.3311,0.0,-175.548,12.2999,2.62377,-0.790553,7166.3,-14.0238,-0.600223,0.0
55600.0,-11.114314596736596,-0.765147,-10.3311,0.0,-37.0614,2.54065,2.99439,-0.765147,7156.95,-12.6966,-0.89139,0.0
55610.0,-11.221714596736597,-0.759635,-10.3311,0.0,-10.7375,0.55115,3.10176,-0.759635,7151.8,-13.1985,-0.732614,0.0
55620.0,-11.177514596736597,-0.766537,-10.3311,0.0,4.41366,-0.690228,3.05763,-0.766537,7150.2,-13.4669,-0.730039,0.0
55630.0,-11.177914596736596,-0.771018,-10.3311,0.0,-0.0382463,-0.448043,3.05801,-0.771018,7149.97,-13.5456,-0.788489,0.0
55640.0,-11.231214596736596,-0.773134,-10.3311,0.0,-5.32662,-0.211616,3.11128,-0.773134,7150.26,-13.3528,-0.771469,0.0
55650.0,-11.233814596736597,-0.780199,-10.3311,0.0,-0.262432,-0.706547,3.1139,-0.780199,7151.78,-13.4105,-0.791138,0.0
55660.0,-11.232714596736596,-0.786008,-10.3311,0.0,0.112859,-0.580875,3.11277,-0.786008,7156.23,-13.4923,-0.81086,0.0
55670.0,-11.201214596736596,-0.791197,-10.3311,0.0,3.14315,-0.518863,3.08134,-0.791197,7164.72,-13.3386,-0.953357,0.0
55680.0,-11.187514596736596,-0.79318,-10.3311,0.0,1.37653,-0.198323,3.06757,-0.79318,7176.0,-13.2212,-0.593552,0.0
55690.0,-11.186914596736596,-0.793632,-10.3311,0.0,0.052996,-0.0452375,3.06704,-0.793632,7188.12,-13.538,-0.82755,0.0
55700.0,-11.189014596736596,-0.793217,-10.3311,0.0,-0.204988,0.0415178,3.06909,-0.793217,7199.85,-13.4369,-0.845876,0.0
55710.0,-11.237114596736596,-0.787273,-10.3311,0.0,-4.8106,0.594399,3.1172,-0.787273,7209.54,-13.39,-0.771044,0.0
55720.0,-11.268914596736597,-0.780489,-10.3311,0.0,-3.18156,0.678385,3.14902,-0.780489,7216.62,-13.554,-0.678099,0.0
55730.0,-11.270014596736596,-0.775159,-10.3311,0.0,-0.11021,0.533078,3.15012,-0.775159,7223.04,-13.5214,-0.696493,0.0
55740.0,-11.268514596736596,-0.769365,-10.3311,0.0,0.155918,0.57935,3.14856,-0.769365,7230.54,-13.4319,-0.814039,0.0
55750.0,-11.236614596736597,-0.764795,-10.3311,0.0,3.18197,0.457046,3.11674,-0.764795,7238.55,-13.4086,-0.776843,0.0
55760.0,-11.199814596736596,-0.759796,-10.3311,0.0,3.68251,0.499822,3.07991,-0.759796,7245.81,-13.3908,-0.626503,0.0
55770.0,-11.176214596736596,-0.755748,-10.3311,0.0,2.35908,0.404842,3.05632,-0.755748,7252.71,-13.2781,-0.835848,0.0
55780.0,-11.161214596736597,-0.753273,-10.3311,0.0,1.50727,0.247531,3.04125,-0.753273,7261.16,-13.358,-0.886999,0.0
55790.0,-11.151114596736596,-0.749325,-10.3311,0.0,1.00862,0.394767,3.03116,-0.749325,7273.17,-13.3847,-0.580205,0.0
55800.0,-11.144214596736596,-0.745141,-10.3311,0.0,0.689677,0.418389,3.02427,-0.745141,7288.52,-13.4437,-0.694254,0.0
55810.0,-11.153114596736597,-0.742761,-10.3311,0.0,-0.893215,0.237977,3.0332,-0.742761,7303.17,-13.2423,-0.647883,0.0
55820.0,-11.160214596736596,-0.742478,-10.3311,0.0,-0.70752,0.0283018,3.04027,-0.742478,7313.98,-13.3597,-0.806075,0.0
55830.0,-11.159414596736596,-0.742127,-10.3311,0.0,0.0782848,0.0351789,3.03949,-0.742127,7322.21,-13.4415,-0.804644,0.0
55840.0,-11.152514596736596,-0.739156,-10.3311,0.0,0.687989,0.297012,3.03261,-0.739156,7330.89,-13.4287,-0.532004,0.0
55850.0,-11.150714596736597,-0.729672,-10.3311,0.0,0.178734,0.948455,3.03082,-0.729672,7342.34,-13.305,-0.798204,0.0
55860.0,-11.123814596736597,-0.71731,-10.3311,0.0,2.69549,1.23615,3.00387,-0.71731,7357.54,-13.2753,-0.616945,0.0
55870.0,-11.090614596736597,-0.704536,-10.3311,0.0,3.32169,1.27747,2.97065,-0.704536,7375.09,-13.3858,-0.677477,0.0
55880.0,-11.078014596736596,-0.689579,-10.3311,0.0,1.25572,1.49566,2.9581,-0.689579,7391.74,-13.3045,-0.795837,0.0
55890.0,-11.065514596736596,-0.672555,-10.3311,0.0,1.24869,1.70243,2.94561,-0.672555,7406.85,-13.251,-0.775833,0.0
55900.0,-11.051414596736597,-0.653954,-10.3311,0.0,1.41353,1.86005,2.93147,-0.653954,7421.94,-13.2461,-0.518343,0.0
55910.0,-11.050114596736597,-0.637224,-10.3311,0.0,0.126189,1.67298,2.93021,-0.637224,7435.59,-13.413,-0.446809,0.0
55920.0,-11.050614596736596,-0.62666,-10.3311,0.0,-0.0456754,1.05642,2.93067,-0.62666,7446.05,-13.2202,-0.650035,0.0
55930.0,-11.071514596736597,-0.617737,-10.3311,0.0,-2.09529,0.892279,2.95162,-0.617737,7455.07,-13.2916,-0.615713,0.0
55940.0,-11.093614596736597,-0.605388,-10.3311,0.0,-2.21079,1.23498,2.97373,-0.605388,7464.97,-13.3476,-0.613397,0.0
55950.0,-11.107914596736597,-0.58794,-10.3311,0.0,-1.42275,1.7448,2.98796,-0.58794,7477.54,-13.4236,-0.612914,0.0
55960.0,-11.134914596736596,-0.569948,-10.3311,0.0,-2.70503,1.79919,3.01501,-0.569948,7494.25,-13.2734,-0.449664,0.0
55970.0,-11.167214596736596,-0.558516,-10.3311,0.0,-3.23295,1.14315,3.04734,-0.558516,7512.2,-13.3995,-0.503347,0.0
55980.0,-11.180414596736597,-0.55435,-10.3311,0.0,-1.32061,0.416621,3.06054,-0.55435,7525.27,-13.3944,-0.482015,0.0
55990.0,-11.180914596736596,-0.552402,-10.3311,0.0,-0.0447359,0.194782,3.06099,-0.552402,7531.73,-13.3679,-0.448303,0.0
56000.0,-11.180514596736597,-0.549347,-10.3311,0.0,0.0370924,0.305522,3.06062,-0.549347,7535.41,-13.4814,-0.59453,0.0
56010.0,-11.173814596736596,-0.545437,-10.3311,0.0,0.677261,0.390958,3.05385,-0.545437,7540.58,-13.277,-0.555576,0.0
56020.0,-11.148514596736597,-0.542956,-10.3311,0.0,2.52295,0.248197,3.02862,-0.542956,7549.19,-13.2843,-0.671211,0.0
56030.0,-11.118814596736597,-0.542791,-10.3311,0.0,2.9727,0.0164736,2.99889,-0.542791,7561.4,-13.3899,-0.616444,0.0
56040.0,-11.107514596736596,-0.543748,-10.3311,0.0,1.13134,-0.0957221,2.98758,-0.543748,7576.82,-13.2941,-0.513754,0.0
56050.0,-11.093414596736597,-0.546722,-10.3311,0.0,1.4101,-0.297413,2.97348,-0.546722,7594.21,-13.3246,-0.433235,0.0
56060.0,-11.084714596736596,-0.549834,-10.3311,0.0,0.863349,-0.31121,2.96484,-0.549834,7610.6,-13.2551,-0.483393,0.0
56070.0,-11.075914596736597,-0.551992,-10.3311,0.0,0.889309,-0.215782,2.95595,-0.551992,7622.61,-13.2974,-0.554029,0.0
56080.0,-11.075814596736597,-0.551574,-10.3311,0.0,0.00975576,0.0417941,2.95585,-0.551574,7629.47,-13.2519,-0.738208,0.0
56090.0,-11.073514596736597,-0.5495,-10.3311,0.0,0.226393,0.207392,2.95359,-0.5495,7633.49,-13.2636,-0.475512,0.0
56100.0,-11.066914596736597,-0.547184,-10.3311,0.0,0.65579,0.231609,2.94703,-0.547184,7637.59,-13.3176,-0.54671,0.0
56110.0,-11.061614596736597,-0.545544,-10.3311,0.0,0.534192,0.163994,2.94169,-0.545544,7643.96,-13.3318,-0.526335,0.0
56120.0,-11.060914596736596,-0.544391,-10.3311,0.0,0.0699083,0.115289,2.94099,-0.544391,7653.87,-13.2449,-0.671297,0.0
56130.0,-11.050314596736596,-0.54538,-10.3311,0.0,1.05684,-0.0989082,2.93042,-0.54538,7667.5,-13.2368,-0.495879,0.0
56140.0,-11.031714596736597,-0.550333,-10.3311,0.0,1.86475,-0.495314,2.91177,-0.550333,7682.97,-13.168,-0.564758,0.0
56150.0,-11.023714596736596,-0.559059,-10.3311,0.0,0.793855,-0.872539,2.90383,-0.559059,7695.6,-13.2642,-0.589824,0.0
56160.0,-11.024014596736597,-0.570661,-10.3311,0.0,-0.0272869,-1.16018,2.90411,-0.570661,7702.48,-13.2468,-0.434767,0.0
56170.0,-11.029114596736596,-0.581982,-10.3311,0.0,-0.505349,-1.13217,2.90916,-0.581982,7705.48,-13.2051,-0.519504,0.0
56180.0,-11.074114596736596,-0.588929,-10.3311,0.0,-4.50329,-0.694682,2.95419,-0.588929,7707.65,-13.3395,-0.570613,0.0
56190.0,-11.115314596736596,-0.597509,-10.3311,0.0,-4.11876,-0.857995,2.99538,-0.597509,7710.81,-13.3265,-0.64922,0.0
56200.0,-11.117914596736597,-0.611781,-10.3311,0.0,-0.262298,-1.42718,2.998,-0.611781,7716.16,-13.3441,-0.700398,0.0
56210.0,-11.125814596736596,-0.626382,-10.3311,0.0,-0.791007,-1.46015,3.00591,-0.626382,7723.82,-13.4573,-0.732211,0.0
56220.0,-11.127114596736597,-0.639286,-10.3311,0.0,-0.123885,-1.29036,3.00715,-0.639286,7732.17,-13.2673,-0.625746,0.0
56230.0,-11.136414596736596,-0.647126,-10.3311,0.0,-0.931489,-0.783959,3.01647,-0.647126,7739.59,-13.1631,-0.69819,0.0
56240.0,-11.142514596736596,-0.650669,-10.3311,0.0,-0.610429,-0.354303,3.02257,-0.650669,7745.73,-13.4361,-0.601358,0.0
56250.0,-11.142814596736596,-0.652259,-10.3311,0.0,-0.0310559,-0.159027,3.02288,-0.652259,7751.68,-13.3707,-0.687774,0.0
56260.0,-11.142214596736597,-0.654074,-10.3311,0.0,0.0609024,-0.181547,3.02227,-0.654074,7759.23,-13.352,-0.588475,0.0
56270.0,-11.125814596736596,-0.659368,-10.3311,0.0,1.64227,-0.529376,3.00585,-0.659368,7768.24,-13.2862,-0.696602,0.0
56280.0,-11.100014596736596,-0.667554,-10.3311,0.0,2.57967,-0.818618,2.98005,-0.667554,7776.64,-13.157,-0.621535,0.0
56290.0,-11.075714596736596,-0.67611,-10.3311,0.0,2.42765,-0.855596,2.95578,-0.67611,7783.75,-13.3067,-0.777385,0.0
56300.0,-11.072914596736597,-0.68456,-10.3311,0.0,0.280191,-0.844949,2.95298,-0.68456,7790.84,-13.2339,-0.627308,0.0
56310.0,-11.025614596736597,-0.699633,-10.3311,0.0,4.72844,-1.50733,2.90569,-0.699633,7798.58,-13.1568,-0.616248,0.0
56320.0,-11.029214596736596,-0.715996,-10.3311,0.0,-0.356286,-1.63631,2.90925,-0.715996,7806.04,-13.3366,-0.742858,0.0
56330.0,-10.997814596736596,-0.746501,-10.3311,0.0,3.13579,-3.05049,2.8779,-0.746501,7812.17,-13.1844,-0.715377,0.0
56340.0,-10.997714596736596,-0.786582,-10.3311,0.0,0.00626475,-4.00809,2.87783,-0.786582,7816.91,-13.2511,-0.932134,0.0
56350.0,-10.992814596736597,-0.823547,-10.3311,0.0,0.491181,-3.69649,2.87292,-0.823547,7821.19,-13.194,-1.0167,0.0
56360.0,-10.993614596736597,-0.843111,-10.3311,0.0,-0.0812183,-1.95637,2.87373,-0.843111,7826.62,-13.1328,-1.04677,0.0
56370.0,-11.000014596736596,-0.848531,-10.3311,0.0,-0.638814,-0.542019,2.88012,-0.848531,7834.72,-13.2231,-0.861181,0.0
56380.0,-10.993914596736596,-0.849936,-10.3311,0.0,0.610492,-0.14056,2.87402,-0.849936,7845.36,-13.313,-0.828393,0.0
56390.0,-10.993514596736597,-0.849887,-10.3311,0.0,0.0374052,0.00493663,2.87364,-0.849887,7856.66,-13.1649,-0.840568,0.0
56400.0,-10.991114596736596,-0.849247,-10.3311,0.0,0.249115,0.0640343,2.87115,-0.849247,7867.62,-13.2384,-0.917719,0.0
56410.0,-10.980714596736597,-0.847413,-10.3311,0.0,1.03958,0.183347,2.86076,-0.847413,7878.8,-13.139,-0.793911,0.0
56420.0,-10.977114596736596,-0.842956,-10.3311,0.0,0.351631,0.445746,2.85724,-0.842956,7890.64,-13.1435,-0.730497,0.0
56430.0,-10.976814596736597,-0.838185,-10.3311,0.0,0.0325168,0.477122,2.85691,-0.838185,7902.68,-13.2155,-0.809317,0.0
56440.0,-10.976914596736597,-0.83544,-10.3311,0.0,-0.0114266,0.274458,2.85703,-0.83544,7913.96,-13.2205,-0.827708,0.0
56450.0,-10.982114596736597,-0.834265,-10.3311,0.0,-0.514811,0.117531,2.86218,-0.834265,7924.63,-13.1726,-0.884239,0.0
56460.0,-10.982314596736597,-0.834748,0.0,0.0,-0.0248399,-0.0483015,-13.1935,-0.834748,7935.77,-13.1405,-0.838557,0.0
56470.0,-10.982114596736597,-0.83704,0.0,0.0,0.02684,-0.229187,-13.1933,-0.83704,7947.13,-13.2425,-0.684007,0.0
56480.0,-10.974014596736597,-0.842067,0.0,0.0,0.802549,-0.502704,-13.1852,-0.842067,7958.06,-13.1767,-0.862287,0.0
56490.0,-10.975414596736597,-0.847649,0.0,0.0,-0.139315,-0.558206,-13.1866,-0.847649,7968.87,-13.1738,-0.834599,0.0
56500.0,-10.988514596736596,-0.852882,0.0,0.0,-1.30586,-0.523289,-13.1997,-0.852882,7979.94,-13.1271,-0.817916,0.0
56510.0,-10.991214596736597,-0.86144,0.0,0.0,-0.26846,-0.855827,-13.2024,-0.86144,7990.85,-13.2757,-0.897589,0.0
56520.0,-11.031914596736597,-0.873145,0.0,0.0,-4.0711,-1.1705,-13.2431,-0.873145,8000.76,-13.4381,-0.894823,0.0
56530.0,-11.034914596736597,-0.893725,0.0,0.0,-0.300136,-2.05806,-13.2461,-0.893725,8009.39,-13.195,-0.819529,0.0
56540.0,-11.036014596736596,-0.915875,0.0,0.0,-0.107114,-2.21492,-13.2472,-0.915875,8017.41,-13.2627,-1.07053,0.0
56550.0,-11.039114596736596,-0.933505,0.0,0.0,-0.31189,-1.76299,-13.2503,-0.933505,8026.46,-13.4102,-1.05976,0.0
56560.0,-11.020814596736596,-0.947082,0.0,0.0,1.82465,-1.35774,-13.232,-0.947082,8037.23,-13.1739,-0.976906,0.0
56570.0,-10.993414596736596,-0.958849,0.0,0.0,2.74301,-1.17668,-13.2046,-0.958849,8047.54,-13.2366,-0.964472,0.0
56580.0,-10.974914596736596,-0.968988,0.0,0.0,1.85361,-1.0139,-13.1861,-0.968988,8054.9,-13.1783,-0.941496,0.0
56590.0,-10.975414596736597,-0.97615,0.0,0.0,-0.0545799,-0.716193,-13.1866,-0.97615,8059.86,-13.1582,-1.06213,0.0
56600.0,-10.998014596736596,-0.98093,0.0,0.0,-2.26381,-0.478015,-13.2092,-0.98093,8064.91,-13.2,-0.899476,0.0
56610.0,-10.975914596736596,-0.990247,0.0,0.0,2.21477,-0.931758,-13.1871,-0.990247,8072.1,-13.3114,-0.942456,0.0
56620.0,-10.973114596736597,-0.999363,0.0,0.0,0.27707,-0.911516,-13.1843,-0.999363,8082.65,-13.2332,-1.0358,0.0
56630.0,-10.973014596736597,-1.00818,0.0,0.0,0.0159288,-0.882224,-13.1842,-1.00818,8095.96,-13.1763,-1.00411,0.0
56640.0,-10.963214596736597,-1.01587,0.0,0.0,0.974047,-0.768703,-13.1744,-1.01587,8109.23,-13.1722,-1.02699,0.0
56650.0,-10.956814596736596,-1.02055,0.0,0.0,0.638445,-0.468243,-13.168,-1.02055,8119.71,-13.1563,-0.987841,0.0
56660.0,-10.942914596736596,-1.02378,0.0,0.0,1.39872,-0.322235,-13.1541,-1.02378,8127.24,-13.0042,-0.959404,0.0
56670.0,-10.919414596736596,-1.02646,0.0,0.0,2.34826,-0.268818,-13.1306,-1.02646,8134.05,-13.0778,-1.09508,0.0
56680.0,-10.891514596736597,-1.02674,0.0,0.0,2.78967,-0.0271694,-13.1027,-1.02674,8142.6,-13.1546,-1.28104,0.0
56690.0,-10.549214596736597,-1.03691,0.0,0.0,34.2313,-1.0172,-12.7604,-1.03691,8157.04,-12.5775,-1.24749,0.0
56700.0,-8.327014596736596,-1.13574,0.0,0.0,222.215,-9.88338,-10.5382,-1.13574,8186.7,-8.5568,-1.33553,0.0
56710.0,-5.046034596736597,-1.21071,0.0,0.0,328.099,-7.49675,-7.25722,-1.21071,8234.31,-3.08947,-1.12436,0.0
56720.0,-2.847344596736597,-1.15784,0.0,0.0,219.87,5.2866,-5.05853,-1.15784,8281.68,-2.31379,-0.824202,0.0
56730.0,-1.7119845967365968,-1.07238,0.0,0.0,113.536,8.54676,-3.92317,-1.07238,8310.59,-4.15157,-0.767008,0.0
56740.0,-1.1273345967365969,-1.02566,0.0,0.0,58.4654,4.67132,-3.33852,-1.02566,8325.57,-3.15526,-0.796515,0.0
56750.0,-0.8273745967365969,-1.01167,0.0,0.0,29.9955,1.39962,-3.03856,-1.01167,8340.46,-2.87594,-0.908473,0.0
56760.0,-0.8028845967365967,-1.00359,0.0,0.0,2.44869,0.807554,-3.01407,-1.00359,8359.92,-2.72931,-0.884717,0.0
56770.0,-0.7890145967365969,-1.00224,0.0,0.0,1.38723,0.135444,-3.0002,-1.00224,8378.29,-3.00526,-1.0503,0.0
56780.0,-0.7842345967365971,-1.00535,0.0,0.0,0.477778,-0.31176,-2.99542,-1.00535,8390.5,-3.17515,-1.01978,0.0
56790.0,-0.7699645967365969,-1.01358,0.0,0.0,1.42721,-0.822744,-2.98115,-1.01358,8398.81,-2.98875,-0.933671,0.0
56800.0,-0.7686345967365971,-1.02468,0.0,0.0,0.132736,-1.10969,-2.97982,-1.02468,8407.53,-2.96606,-1.00629,0.0
56810.0,-0.7360445967365967,-1.03707,0.0,0.0,3.25952,-1.23953,-2.94723,-1.03707,8417.02,-2.87379,-1.1024,0.0
56820.0,-0.7350145967365971,-1.04325,0.0,0.0,0.103141,-0.617653,-2.9462,-1.04325,8424.69,-2.87508,-0.992321,0.0
56830.0,-0.7351845967365969,-1.04444,0.0,0.0,-0.0176831,-0.119069,-2.94637,-1.04444,8429.15,-3.0365,-0.943717,0.0
56840.0,-0.737504596736597,-1.04745,0.0,0.0,-0.231328,-0.30119,-2.94869,-1.04745,8431.56,-2.94646,-1.18669,0.0
56850.0,-0.737914596736597,-1.0566,0.0,0.0,-0.0415604,-0.914657,-2.9491,-1.0566,8433.67,-3.0175,-1.14559,0.0
56860.0,-0.7311045967365968,-1.0674,0.0,0.0,0.681171,-1.08012,-2.94229,-1.0674,8436.28,-2.98227,-1.13161,0.0
56870.0,-0.726264596736597,-1.07461,0.0,0.0,0.483737,-0.720495,-2.93745,-1.07461,8439.29,-2.86392,-0.957741,0.0
56880.0,-0.6792045967365969,-1.08172,0.0,0.0,4.70638,-0.710947,-2.89039,-1.08172,8442.0,-2.9158,-0.814045,0.0
56890.0,-0.677524596736597,-1.08739,0.0,0.0,0.168026,-0.567343,-2.88871,-1.08739,8443.86,-2.87448,-1.22101,0.0
56900.0,-0.6797745967365971,-1.0953,0.0,0.0,-0.225197,-0.791595,-2.89096,-1.0953,8445.24,-2.85576,-1.0482,0.0
56910.0,-0.7205345967365968,-1.10979,0.0,0.0,-4.07538,-1.44844,-2.93172,-1.10979,8447.02,-2.96809,-1.24695,0.0
56920.0,-0.755004596736597,-1.13464,0.0,0.0,-3.44705,-2.48494,-2.96619,-1.13464,8449.93,-3.00183,-0.873621,0.0
56930.0,-0.787464596736597,-1.15841,0.0,0.0,-3.24657,-2.37714,-2.99865,-1.15841,8453.94,-2.9792,-1.22993,0.0
56940.0,-0.8298845967365969,-1.16995,0.0,0.0,-4.24134,-1.15409,-3.04107,-1.16995,8457.74,-3.0972,-0.995059,0.0
56950.0,-0.8320945967365971,-1.17287,0.0,0.0,-0.221071,-0.291478,-3.04328,-1.17287,8460.06,-3.07239,-1.28306,0.0
56960.0,-0.8371445967365969,-1.17014,0.0,0.0,-0.505076,0.272173,-3.04833,-1.17014,8460.94,-3.0622,-1.18393,0.0
56970.0,-0.8360945967365971,-1.16485,0.0,0.0,0.104247,0.528978,-3.04728,-1.16485,8461.03,-3.02191,-1.22073,0.0
56980.0,-0.8141345967365967,-1.1583,0.0,0.0,2.19692,0.655176,-3.02532,-1.1583,8460.72,-3.02233,-1.00134,0.0
56990.0,-0.7875545967365971,-1.14751,0.0,0.0,2.6577,1.07933,-2.99874,-1.14751,8460.21,-2.74434,-0.947432,0.0
57000.0,-0.7645945967365968,-1.13097,0.0,0.0,2.29634,1.65414,-2.97578,-1.13097,8459.75,-2.92834,-1.15006,0.0
57010.0,-0.752634596736597,-1.11238,0.0,0.0,1.19553,1.8586,-2.96382,-1.11238,8459.23,-3.07369,-1.17223,0.0
57020.0,-0.726794596736597,-1.09832,0.0,0.0,2.58367,1.40592,-2.93798,-1.09832,8458.25,-2.92834,-1.34293,0.0
57030.0,-0.701444596736597,-1.08797,0.0,0.0,2.53532,1.03503,-2.91263,-1.08797,8456.4,-2.95743,-1.0904,0.0
57040.0,-0.6545245967365969,-1.07792,0.0,0.0,4.69191,1.0057,-2.86571,-1.07792,8453.43,-2.73028,-1.10194,0.0
57050.0,-0.635484596736597,-1.0618,0.0,0.0,1.90448,1.61162,-2.84667,-1.0618,8449.53,-2.03281,-1.0566,0.0
57060.0,-0.5452245967365967,-1.04437,0.0,0.0,9.02573,1.74246,-2.75641,-1.04437,8445.37,-2.64994,-0.856006,0.0
57070.0,-0.468804596736597,-1.02829,0.0,0.0,7.64222,1.60882,-2.67999,-1.02829,8441.31,-2.87534,-0.970389,0.0
57080.0,-0.438164596736597,-1.01679,0.0,0.0,3.06345,1.14916,-2.64935,-1.01679,8435.78,-2.61298,-1.00972,0.0
57090.0,-0.4074345967365969,-1.01166,0.0,0.0,3.07304,0.513511,-2.61862,-1.01166,8424.59,-2.4823,-1.01249,0.0
57100.0,-0.40219459673659674,-1.00928,0.0,0.0,0.524104,0.237911,-2.61338,-1.00928,8405.0,-2.58284,-1.01688,0.0
57110.0,-0.380404596736597,-1.00911,0.0,0.0,2.17952,0.0171989,-2.59159,-1.00911,8381.43,-2.54611,-1.04673,0.0
57120.0,-0.3790745967365967,-1.00815,0.0,0.0,0.133033,0.0958707,-2.59026,-1.00815,8362.14,-2.63,-0.998255,0.0
57130.0,-0.3715745967365969,-1.00728,0.0,0.0,0.750015,0.0869193,-2.58276,-1.00728,8349.99,-2.57709,-0.9182,0.0
57140.0,-0.3622945967365969,-1.00672,0.0,0.0,0.927388,0.0561983,-2.57348,-1.00672,8341.82,-2.60888,-0.940214,0.0
57150.0,-0.3614145967365969,-1.00601,0.0,0.0,0.0881354,0.0706616,-2.5726,-1.00601,8334.29,-2.52993,-1.01919,0.0
57160.0,-0.343594596736597,-1.00607,0.0,0.0,1.78155,-0.00582069,-2.55478,-1.00607,8325.9,-2.42266,-1.03602,0.0
57170.0,-0.326654596736597,-1.00629,0.0,0.0,1.69419,-0.0218072,-2.53784,-1.00629,8316.17,-2.56288,-1.00021,0.0
57180.0,-0.3165345967365969,-1.00642,0.0,0.0,1.0118,-0.0133524,-2.52772,-1.00642,8305.08,-2.49204,-0.894101,0.0
57190.0,-0.3230045967365971,-1.00558,0.0,0.0,-0.646859,0.0840079,-2.53419,-1.00558,8292.18,-2.55186,-1.03771,0.0
57200.0,-0.30105459673659674,-1.0046,0.0,0.0,2.1951,0.0981309,-2.51224,-1.0046,8277.59,-2.43562,-0.924342,0.0
57210.0,-0.27455459673659677,-1.00086,0.0,0.0,2.65059,0.373549,-2.48574,-1.00086,8263.27,-2.60497,-1.06997,0.0
57220.0,-0.2595145967365968,-0.99271,0.0,0.0,1.50378,0.815511,-2.4707,-0.99271,8249.8,-2.45523,-0.96737,0.0
57230.0,-0.25831459673659696,-0.981479,0.0,0.0,0.120244,1.12307,-2.4695,-0.981479,8236.73,-2.49119,-1.10365,0.0
57240.0,-0.2618945967365969,-0.971229,0.0,0.0,-0.358217,1.02499,-2.47308,-0.971229,8226.3,-2.35888,-1.01539,0.0
57250.0,-0.25726459673659674,-0.964366,0.0,0.0,0.462416,0.686313,-2.46845,-0.964366,8220.51,-2.56972,-0.942897,0.0
57260.0,-0.262114596736597,-0.957555,0.0,0.0,-0.484859,0.681106,-2.4733,-0.957555,8217.73,-2.48915,-1.1198,0.0
57270.0,-0.284964596736597,-0.946164,0.0,0.0,-2.28427,1.13914,-2.49615,-0.946164,8215.7,-2.30381,-0.976338,0.0
57280.0,-0.291804596736597,-0.930533,0.0,0.0,-0.684671,1.56302,-2.50299,-0.930533,8213.9,-2.55076,-0.85155,0.0
57290.0,-0.2817445967365968,-0.913587,0.0,0.0,1.00577,1.69466,-2.49293,-0.913587,8212.58,-2.56325,-0.821727,0.0
57300.0,-0.28041459673659697,-0.898098,0.0,0.0,0.133095,1.54888,-2.4916,-0.898098,8211.41,-2.48969,-0.905908,0.0
57310.0,-0.28380459673659697,-0.886576,0.0,0.0,-0.338956,1.15218,-2.49499,-0.886576,8210.16,-2.50666,-1.01387,0.0
57320.0,-0.27836459673659686,-0.879072,0.0,0.0,0.544438,0.750459,-2.48955,-0.879072,8209.28,-2.41625,-0.821749,0.0
57330.0,-0.26251459673659694,-0.873778,0.0,0.0,1.58492,0.529407,-2.4737,-0.873778,8209.0,-2.50103,-0.929797,0.0
57340.0,-0.26358459673659684,-0.867367,0.0,0.0,-0.106603,0.641084,-2.47477,-0.867367,8209.26,-2.52979,-0.953898,0.0
57350.0,-0.2660845967365968,-0.855834,0.0,0.0,-0.249987,1.15328,-2.47727,-0.855834,8210.45,-2.4051,-0.807096,0.0
57360.0,-0.28519459673659675,-0.837029,0.0,0.0,-1.91123,1.88049,-2.49638,-0.837029,8213.06,-2.52141,-0.857216,0.0
57370.0,-0.26681459673659713,-0.820788,0.0,0.0,1.83733,1.6241,-2.478,-0.820788,8216.91,-2.4814,-0.80429,0.0
57380.0,-0.2552845967365971,-0.811839,0.0,0.0,1.15307,0.894954,-2.46647,-0.811839,8221.42,-2.59136,-0.805373,0.0
57390.0,-0.25206459673659687,-0.808606,0.0,0.0,0.322703,0.323285,-2.46325,-0.808606,8226.1,-2.3087,-0.685685,0.0
57400.0,-0.19244459673659708,-0.810289,0.0,0.0,5.962,-0.168333,-2.40363,-0.810289,8230.79,-2.42957,-0.77821,0.0
57410.0,-0.14934459673659672,-0.812705,0.0,0.0,4.30924,-0.241576,-2.36053,-0.812705,8235.69,-2.26944,-0.763105,0.0
57420.0,-0.12215459673659712,-0.81755,0.0,0.0,2.71933,-0.4845,-2.33334,-0.81755,8241.0,-2.37947,-0.889211,0.0
57430.0,-0.11827459673659702,-0.828884,0.0,0.0,0.387976,-1.13343,-2.32946,-0.828884,8247.5,-2.31639,-0.866064,0.0
57440.0,-0.09555459673659694,-0.850289,0.0,0.0,2.27239,-2.14047,-2.30674,-0.850289,8255.75,-2.17802,-0.773351,0.0
57450.0,-0.08899459673659704,-0.873285,0.0,0.0,0.656219,-2.29964,-2.30018,-0.873285,8264.65,-2.27746,-0.841378,0.0
57460.0,-0.06447459673659672,-0.891548,0.0,0.0,2.45145,-1.8263,-2.27566,-0.891548,8271.86,-2.2219,-0.896456,0.0
57470.0,-0.04315459673659694,-0.90576,0.0,0.0,2.13206,-1.4212,-2.25434,-0.90576,8276.06,-2.31002,-0.960959,0.0
57480.0,-0.04344459673659706,-0.921903,0.0,0.0,-0.028712,-1.61429,-2.25463,-0.921903,8278.26,-2.23275,-0.925748,0.0
57490.0,-0.04708459673659693,-0.94699,0.0,0.0,-0.364246,-2.50874,-2.25827,-0.94699,8280.44,-2.28968,-1.07147,0.0
57500.0,-0.06933459673659703,-0.982939,0.0,0.0,-2.22552,-3.59484,-2.28052,-0.982939,8284.69,-2.23598,-1.06403,0.0
57510.0,-0.07326459673659702,-1.02487,0.0,0.0,-0.392023,-4.19329,-2.28445,-1.02487,8292.44,-2.31989,-0.95176,0.0
57520.0,-0.07627459673659676,-1.06201,0.0,0.0,-0.301343,-3.71361,-2.28746,-1.06201,8303.69,-2.3283,-0.922629,0.0
57530.0,-0.08528459673659672,-1.09033,0.0,0.0,-0.90124,-2.83262,-2.29647,-1.09033,8317.64,-2.44044,-1.21823,0.0
57540.0,-0.08587459673659703,-1.10989,0.0,0.0,-0.0587236,-1.95542,-2.29706,-1.10989,8332.22,-2.2581,-1.14731,0.0
57550.0,-0.05981459673659684,-1.12165,0.0,0.0,2.60598,-1.17649,-2.271,-1.12165,8344.98,-2.30403,-0.979254,0.0
57560.0,-0.03747459673659703,-1.12793,0.0,0.0,2.23393,-0.627632,-2.24866,-1.12793,8355.56,-2.22748,-1.17344,0.0
57570.0,-0.01842459673659702,-1.13189,0.0,0.0,1.90522,-0.395998,-2.22961,-1.13189,8364.61,-2.12912,-1.1757,0.0
57580.0,-0.017704596736596745,-1.13322,0.0,0.0,0.0712349,-0.133309,-2.22889,-1.13322,8371.33,-2.20659,-1.09451,0.0
57590.0,-0.01746459673659695,-1.13281,0.0,0.0,0.0247701,0.0413782,-2.22865,-1.13281,8374.79,-2.20083,-1.04702,0.0
57600.0,-0.012644596736596903,-1.13206,0.0,0.0,0.48181,0.0745449,-2.22383,-1.13206,8375.95,-2.29858,-1.10565,0.0
57610.0,-0.01654459673659714,-1.13075,0.0,0.0,-0.389857,0.131096,-2.22773,-1.13075,8376.39,-2.45171,-1.19051,0.0
57620.0,-0.018004596736596934,-1.1277,0.0,0.0,-0.146597,0.304917,-2.22919,-1.1277,8376.72,-2.21955,-0.989697,0.0
57630.0,-0.05070459673659711,-1.1196,0.0,0.0,-3.26968,0.810138,-2.26189,-1.1196,8376.79,-2.20488,-1.23423,0.0
57640.0,-0.030374596736597148,-1.11042,0.0,0.0,2.03285,0.918154,-2.24156,-1.11042,8376.66,-2.21129,-0.983226,0.0
57650.0,-0.02924459673659685,-1.09884,0.0,0.0,0.113629,1.15772,-2.24043,-1.09884,8376.51,-2.32416,-1.14252,0.0
57660.0,-0.04290459673659708,-1.08696,0.0,0.0,-1.36632,1.1879,-2.25409,-1.08696,8376.53,-2.27844,-1.01788,0.0
57670.0,-0.042944596736596896,-1.07873,0.0,0.0,-0.00376549,0.823281,-2.25413,-1.07873,8377.02,-2.16905,-1.17642,0.0
57680.0,-0.04089459673659679,-1.07334,0.0,0.0,0.204953,0.539033,-2.25208,-1.07334,8378.04,-2.25799,-1.08305,0.0
57690.0,-0.0008445967365968698,-1.0693,0.0,0.0,4.00485,0.404315,-2.21203,-1.0693,8379.43,-2.17512,-1.0715,0.0
57700.0,0.049505403263403025,-1.0655,0.0,0.0,5.03471,0.379566,-2.16168,-1.0655,8380.84,-2.12112,-1.0665,0.0
57710.0,0.09057540326340296,-1.06357,0.0,0.0,4.10758,0.192892,-2.12061,-1.06357,8381.6,-2.05645,-0.947875,0.0
57720.0,0.12350540326340287,-1.06376,0.0,0.0,3.29286,-0.0187081,-2.08768,-1.06376,8381.58,-1.9826,-1.04752,0.0
57730.0,0.1248654032634029,-1.06403,0.0,0.0,0.135573,-0.0265322,-2.08632,-1.06403,8381.04,-2.08297,-0.909193,0.0
57740.0,0.12456540326340315,-1.06668,0.0,0.0,-0.0296564,-0.265323,-2.08662,-1.06668,8379.49,-2.02478,-0.99115,0.0
57750.0,0.1208454032634032,-1.07511,0.0,0.0,-0.371939,-0.842782,-2.09034,-1.07511,8375.89,-2.20574,-1.13933,0.0
57760.0,0.10117540326340313,-1.0894,0.0,0.0,-1.96706,-1.42981,-2.11001,-1.0894,8369.25,-2.11327,-1.27218,0.0
57770.0,0.08240540326340318,-1.10405,0.0,0.0,-1.87749,-1.465,-2.12878,-1.10405,8360.24,-2.13584,-1.0985,0.0
57780.0,0.0651754032634031,-1.11378,0.0,0.0,-1.72263,-0.97251,-2.14601,-1.11378,8352.16,-2.10763,-1.12015,0.0
57790.0,0.06400540326340298,-1.1203,0.0,0.0,-0.11719,-0.652292,-2.14718,-1.1203,8347.38,-2.17703,-1.12888,0.0
57800.0,0.06328540326340315,-1.12484,0.0,0.0,-0.0721273,-0.454083,-2.1479,-1.12484,8344.81,-2.21128,-1.17754,0.0
57810.0,0.05424540326340299,-1.12745,0.0,0.0,-0.90385,-0.260729,-2.15694,-1.12745,8341.53,-2.18156,-1.1282,0.0
57820.0,0.05411540326340303,-1.13065,0.0,0.0,-0.0127548,-0.319714,-2.15707,-1.13065,8334.1,-1.92207,-0.998402,0.0
57830.0,0.06497540326340312,-1.13903,0.0,0.0,1.08598,-0.838653,-2.14621,-1.13903,8320.54,-2.32611,-1.20713,0.0
57840.0,0.06879540326340328,-1.15701,0.0,0.0,0.381355,-1.79781,-2.14239,-1.15701,8303.68,-2.14158,-1.24569,0.0
57850.0,0.06662540326340327,-1.18275,0.0,0.0,-0.217032,-2.57357,-2.14456,-1.18275,8288.88,-2.121,-1.12737,0.0
57860.0,0.05314540326340289,-1.20657,0.0,0.0,-1.3475,-2.38258,-2.15804,-1.20657,8277.15,-2.18134,-1.59635,0.0
57870.0,0.03772540326340312,-1.22305,0.0,0.0,-1.54193,-1.64765,-2.17346,-1.22305,8265.08,-2.3281,-1.35429,0.0
57880.0,0.01887540326340309,-1.23266,0.0,0.0,-1.8854,-0.960613,-2.19231,-1.23266,8251.17,-2.23508,-1.28398,0.0
57890.0,0.017535403263403193,-1.23747,0.0,0.0,-0.13413,-0.481306,-2.19365,-1.23747,8237.74,-2.0603,-1.18738,0.0
57900.0,0.012525403263403234,-1.23833,0.0,0.0,-0.50107,-0.0855305,-2.19866,-1.23833,8227.2,-2.24411,-1.20045,0.0
57910.0,0.011975403263403184,-1.23922,0.0,0.0,-0.0542098,-0.0899676,-2.19921,-1.23922,8219.72,-2.17579,-1.16835,0.0
57920.0,0.005945403263403204,-1.24117,0.0,0.0,-0.603729,-0.194248,-2.20524,-1.24117,8213.94,-2.21086,-1.32875,0.0
57930.0,0.005985403263403022,-1.24307,0.0,0.0,0.00415233,-0.190347,-2.2052,-1.24307,8208.16,-2.19257,-1.34799,0.0
57940.0,0.01586540326340291,-1.24469,0.0,0.0,0.988293,-0.16229,-2.19532,-1.24469,8201.19,-2.31937,-1.18992,0.0
57950.0,0.01696540326340301,-1.24697,-10.3311,0.0,0.110113,-0.227875,-8.13689,-1.24697,8192.37,-2.22823,-1.14615,0.0
57960.0,0.036955403263402964,-1.25336,-10.3311,0.0,1.99894,-0.638666,-8.15688,-1.25336,8180.9,-1.9447,-1.31773,0.0
57970.0,0.07510540326340287,-1.26306,-10.3311,0.0,3.81454,-0.970146,-8.19502,-1.26306,8167.29,-2.08445,-1.14158,0.0
57980.0,0.10838540326340329,-1.27216,-10.3311,0.0,3.32791,-0.910006,-8.2283,-1.27216,8154.5,-2.12246,-1.29755,0.0
57990.0,0.1285254032634029,-1.2816,-10.3311,0.0,2.01421,-0.944048,-8.24844,-1.2816,8145.48,-2.02606,-1.12702,0.0
58000.0,0.133625403263403,-1.29245,-10.3311,0.0,0.510071,-1.08459,-8.25354,-1.29245,8140.7,-2.09941,-1.30193,0.0
58010.0,0.15747540326340292,-1.30363,-10.3311,0.0,2.38504,-1.11812,-8.27739,-1.30363,8138.46,-2.034,-1.31006,0.0
58020.0,0.1763454032634031,-1.31753,-10.3311,0.0,1.8869,-1.38986,-8.29626,-1.31753,8137.18,-2.08995,-1.29164,0.0
58030.0,0.264625403263403,-1.3492,-10.3311,0.0,8.828,-3.16775,-8.38454,-1.3492,8136.53,-1.88496,-1.32852,0.0
58040.0,0.7898954032634031,-1.42002,-10.3311,0.0,52.5273,-7.0811,-8.90982,-1.42002,8136.48,-1.14351,-1.52327,0.0
58050.0,3.4631054032634028,-1.58204,-10.3311,0.0,267.321,-16.2021,-11.583,-1.58204,8136.73,3.62719,-1.62173,0.0
58060.0,6.575985403263402,-1.74537,-10.3311,0.0,311.288,-16.3335,-14.6959,-1.74537,8136.96,6.85678,-1.83072,0.0
58070.0,8.230305403263403,-1.8641,-10.3311,0.0,165.433,-11.8723,-16.3502,-1.8641,8137.06,7.74351,-2.16263,0.0
58080.0,9.061895403263403,-1.95994,-10.3311,0.0,83.159,-9.58489,-17.1818,-1.95994,8137.08,6.87416,-2.04629,0.0
58090.0,9.361395403263403,-2.02173,-10.3311,0.0,29.9501,-6.17814,-17.4813,-2.02173,8137.09,7.40743,-2.16242,0.0
58100.0,9.667325403263403,-2.05578,-10.3311,0.0,30.5922,-3.40552,-17.7872,-2.05578,8137.09,7.61596,-2.08561,0.0
58110.0,9.771705403263404,-2.0701,-10.3311,0.0,10.438,-1.43212,-17.8916,-2.0701,8137.08,7.60773,-2.06015,0.0
58120.0,9.932595403263402,-2.08226,-10.3311,0.0,16.0899,-1.21603,-18.0525,-2.08226,8136.99,7.91914,-2.11418,0.0
58130.0,10.892395403263404,-2.11006,-10.3311,0.0,95.9795,-2.78022,-19.0123,-2.11006,8136.51,11.1527,-2.11361,0.0
58140.0,12.465785403263403,-2.1471,-10.3311,0.0,157.339,-3.70319,-20.5857,-2.1471,8135.06,12.3156,-2.23152,0.0
58150.0,13.428185403263404,-2.17787,-10.3311,0.0,96.241,-3.07738,-21.5481,-2.17787,8132.14,11.0344,-2.04819,0.0
58160.0,13.831685403263403,-2.20944,-10.3311,0.0,40.3446,-3.15691,-21.9516,-2.20944,8127.93,11.4522,-2.2392,0.0
58170.0,14.023785403263403,-2.23993,-10.3311,0.0,19.2133,-3.04918,-22.1437,-2.23993,8123.29,11.796,-2.26183,0.0
58180.0,14.030685403263403,-2.26014,-10.3311,0.0,0.692779,-2.0209,-22.1506,-2.26014,8119.5,11.8823,-2.28619,0.0
58190.0,14.055185403263403,-2.2707,-10.3311,0.0,2.4462,-1.05614,-22.1751,-2.2707,8117.37,11.9516,-2.27432,0.0
58200.0,14.055885403263403,-2.27476,-10.3311,0.0,0.0704874,-0.406033,-22.1758,-2.27476,8116.58,11.8423,-2.27453,0.0
58210.0,14.055385403263404,-2.27597,-10.3311,0.0,-0.050321,-0.121139,-22.1753,-2.27597,8116.35,11.8579,-2.27812,0.0
58220.0,14.046685403263403,-2.27612,-10.3311,0.0,-0.863598,-0.0152057,-22.1667,-2.27612,8116.19,11.7483,-2.60679,0.0
58230.0,14.046385403263404,-2.27604,-10.3311,0.0,-0.0370087,0.00843523,-22.1663,-2.27604,8115.99,11.7072,-2.37853,0.0
58240.0,14.046685403263403,-2.27507,-10.3311,0.0,0.0279965,0.0971257,-22.1666,-2.27507,8115.86,11.8156,-2.32046,0.0
58250.0,14.052485403263404,-2.27106,-10.3311,0.0,0.58189,0.400478,-22.1724,-2.27106,8115.81,11.8735,-2.13604,0.0
58260.0,14.083685403263404,-2.26108,-10.3311,0.0,3.12376,0.998209,-22.2036,-2.26108,8115.66,11.9003,-2.24452,0.0
58270.0,14.093185403263403,-2.24355,-10.3311,0.0,0.952718,1.75298,-22.2131,-2.24355,8114.79,11.8949,-2.06117,0.0
58280.0,14.095985403263404,-2.22067,-10.3311,0.0,0.274218,2.28873,-22.2159,-2.22067,8111.99,11.9882,-2.21629,0.0
58290.0,14.098385403263404,-2.1946,-10.3311,0.0,0.244745,2.60687,-22.2183,-2.1946,8106.85,11.7007,-2.31668,0.0
58300.0,14.095485403263403,-2.16628,-10.3311,0.0,-0.291256,2.83129,-22.2154,-2.16628,8100.59,11.8969,-2.04607,0.0
58310.0,14.089985403263404,-2.13788,-10.3311,0.0,-0.551664,2.84064,-22.2099,-2.13788,8092.97,11.7349,-2.22849,0.0
58320.0,14.091585403263403,-2.11497,-10.3311,0.0,0.16333,2.29119,-22.2115,-2.11497,8080.71,11.8681,-2.10867,0.0
58330.0,14.084785403263403,-2.101,-10.3311,0.0,-0.686862,1.39678,-22.2047,-2.101,8063.25,11.8742,-2.09362,0.0
58340.0,14.085385403263404,-2.09358,-10.3311,0.0,0.0606547,0.741789,-22.2053,-2.09358,8046.28,11.8954,-2.08801,0.0
58350.0,14.090585403263404,-2.08913,-10.3311,0.0,0.519009,0.445268,-22.2105,-2.08913,8034.63,11.8736,-2.09069,0.0
58360.0,14.091085403263403,-2.08627,-10.3311,0.0,0.0492908,0.285801,-22.211,-2.08627,8026.29,11.8407,-2.02298,0.0
58370.0,14.090685403263404,-2.08482,-10.3311,0.0,-0.03157,0.144406,-22.2106,-2.08482,8015.95,11.9153,-2.01894,0.0
58380.0,14.084985403263403,-2.08421,-10.3311,0.0,-0.578507,0.0611003,-22.2049,-2.08421,8000.95,12.0625,-2.07279,0.0
58390.0,14.083485403263403,-2.08374,-10.3311,0.0,-0.146748,0.0470687,-22.2034,-2.08374,7983.63,11.8527,-1.91518,0.0
58400.0,14.083185403263403,-2.0832,-10.3311,0.0,-0.025388,0.0540953,-22.2031,-2.0832,7968.78,11.9116,-2.00181,0.0
58410.0,14.076585403263403,-2.08401,-10.3311,0.0,-0.660551,-0.0803982,-22.1965,-2.08401,7958.24,11.8254,-2.24366,0.0
58420.0,14.059185403263404,-2.08714,-10.3311,0.0,-1.7425,-0.313014,-22.1791,-2.08714,7948.92,11.862,-2.23873,0.0
58430.0,14.057585403263403,-2.09077,-10.3311,0.0,-0.163903,-0.363346,-22.1775,-2.09077,7937.01,11.7856,-2.25245,0.0
58440.0,14.057585403263403,-2.09251,-10.3311,0.0,0.001456,-0.174381,-22.1775,-2.09251,7922.75,11.7915,-2.13266,0.0
58450.0,14.062585403263403,-2.09206,-10.3311,0.0,0.498912,0.0451886,-22.1825,-2.09206,7908.38,11.8765,-2.07609,0.0
58460.0,14.065185403263403,-2.08905,-10.3311,0.0,0.266678,0.301575,-22.1851,-2.08905,7895.16,11.8496,-2.23956,0.0
58470.0,14.115585403263404,-2.08471,-10.3311,0.0,5.03225,0.433705,-22.2355,-2.08471,7884.56,11.9728,-2.07375,0.0
58480.0,14.145185403263403,-2.08094,-10.3311,0.0,2.96508,0.376932,-22.2651,-2.08094,7877.31,11.9244,-2.08151,0.0
58490.0,14.146785403263404,-2.07934,-10.3311,0.0,0.162412,0.159519,-22.2667,-2.07934,7871.65,11.961,-2.03654,0.0
58500.0,14.152585403263403,-2.08023,-10.3311,0.0,0.573779,-0.0888281,-22.2725,-2.08023,7865.39,11.929,-2.08985,0.0
58510.0,14.145985403263403,-2.08431,-10.3311,0.0,-0.659077,-0.407336,-22.2659,-2.08431,7858.41,11.8596,-1.92406,0.0
58520.0,14.136385403263404,-2.0959,-10.3311,0.0,-0.957469,-1.15983,-22.2563,-2.0959,7851.26,11.9701,-2.03273,0.0
58530.0,14.124985403263404,-2.11992,-10.3311,0.0,-1.14282,-2.4011,-22.2449,-2.11992,7842.33,11.9545,-2.22468,0.0
58540.0,14.097485403263404,-2.15314,-10.3311,0.0,-2.75127,-3.32238,-22.2174,-2.15314,7830.11,11.8568,-2.12951,0.0
58550.0,14.092085403263404,-2.18653,-10.3311,0.0,-0.532188,-3.33942,-22.212,-2.18653,7817.79,11.8714,-2.1833,0.0
58560.0,14.069885403263404,-2.21558,-10.3311,0.0,-2.22241,-2.90488,-22.1898,-2.21558,7809.8,11.7725,-2.13927,0.0
58570.0,14.063085403263404,-2.24233,-10.3311,0.0,-0.678259,-2.67492,-22.183,-2.24233,7806.15,11.8498,-2.29506,0.0
58580.0,14.040085403263404,-2.26379,-10.3311,0.0,-2.30587,-2.14544,-22.16,-2.26379,7804.29,11.8082,-2.40208,0.0
58590.0,14.020085403263403,-2.27532,-10.3311,0.0,-1.99761,-1.15376,-22.14,-2.27532,7802.5,11.777,-2.45567,0.0
58600.0,14.013185403263403,-2.27839,-10.3311,0.0,-0.689881,-0.307142,-22.1331,-2.27839,7800.36,11.7617,-2.40008,0.0
58610.0,14.009985403263403,-2.2749,-10.3311,0.0,-0.317657,0.349247,-22.1299,-2.2749,7798.31,11.6539,-2.39345,0.0
58620.0,14.003685403263404,-2.25898,-10.3311,0.0,-0.62746,1.59201,-22.1237,-2.25898,7796.98,11.8032,-2.20541,0.0
58630.0,14.006785403263404,-2.22231,-10.3311,0.0,0.30294,3.66752,-22.1267,-2.22231,7796.43,11.8314,-1.9887,0.0
58640.0,14.003785403263404,-2.16901,-10.3311,0.0,-0.300726,5.32996,-22.1237,-2.16901,7796.22,11.7475,-2.07022,0.0
58650.0,14.021285403263404,-2.11752,-10.3311,0.0,1.75613,5.14828,-22.1412,-2.11752,7796.12,11.8781,-2.0561,0.0
58660.0,14.024185403263404,-2.0813,-10.3311,0.0,0.291761,3.62284,-22.1442,-2.0813,7796.21,11.7131,-2.29882,0.0
58670.0,14.026285403263403,-2.06058,-10.3311,0.0,0.207028,2.07113,-22.1462,-2.06058,7796.64,11.8129,-2.19091,0.0
58680.0,14.026985403263403,-2.04848,-10.3311,0.0,0.0685899,1.21042,-22.1469,-2.04848,7797.43,11.8051,-2.04893,0.0
58690.0,14.015885403263404,-2.0375,-10.3311,0.0,-1.10995,1.09804,-22.1358,-2.0375,7798.34,11.8566,-1.92695,0.0
58700.0,14.028285403263403,-2.02188,-10.3311,0.0,1.23487,1.56236,-22.1482,-2.02188,7799.16,11.7781,-1.83563,0.0
58710.0,14.029485403263404,-2.00101,-10.3311,0.0,0.1279,2.08714,-22.1494,-2.00101,7799.91,11.7025,-2.02236,0.0
58720.0,14.031385403263403,-1.98246,-10.3311,0.0,0.184817,1.85447,-22.1513,-1.98246,7800.51,11.8391,-1.79866,0.0
58730.0,14.032985403263403,-1.97226,-10.3311,0.0,0.164643,1.02051,-22.1529,-1.97226,7800.92,11.8301,-1.88609,0.0
58740.0,14.047185403263404,-1.96871,-10.3311,0.0,1.41851,0.354639,-22.1671,-1.96871,7801.28,11.8749,-2.02434,0.0
58750.0,14.053485403263403,-1.96819,-10.3311,0.0,0.632969,0.051496,-22.1734,-1.96819,7801.52,11.9453,-1.96312,0.0
58760.0,14.053885403263404,-1.97017,-10.3311,0.0,0.0392369,-0.198063,-22.1738,-1.97017,7801.51,11.754,-1.98928,0.0
58770.0,14.061085403263403,-1.97481,-10.3311,0.0,0.720365,-0.463919,-22.181,-1.97481,7801.73,11.8937,-2.08604,0.0
58780.0,14.055885403263403,-1.98089,-10.3311,0.0,-0.522028,-0.607564,-22.1758,-1.98089,7802.53,11.7755,-1.83804,0.0
58790.0,14.050285403263404,-1.98633,-10.3311,0.0,-0.564019,-0.544101,-22.1702,-1.98633,7803.88,11.8668,-1.96517,0.0
58800.0,14.045285403263403,-1.99019,-10.3311,0.0,-0.497144,-0.385538,-22.1652,-1.99019,7805.6,11.8186,-1.98855,0.0
58810.0,14.017285403263404,-1.99312,-10.3311,0.0,-2.80018,-0.292902,-22.1372,-1.99312,7807.23,11.8528,-2.04801,0.0
58820.0,14.012185403263404,-1.99598,-10.3311,0.0,-0.514394,-0.286832,-22.1321,-1.99598,7808.59,11.7261,-1.97968,0.0
58830.0,13.926985403263403,-1.99764,-10.3311,0.0,-8.5192,-0.165263,-22.0469,-1.99764,7809.81,11.653,-2.00469,0.0
58840.0,13.872785403263403,-2.00014,-10.3311,0.0,-5.42094,-0.250447,-21.9927,-2.00014,7810.87,11.5922,-2.10643,0.0
58850.0,13.870085403263403,-2.00489,-10.3311,0.0,-0.26988,-0.475129,-21.99,-2.00489,7812.23,11.7144,-2.10787,0.0
58860.0,13.869485403263404,-2.01128,-10.3311,0.0,-0.0577279,-0.638916,-21.9894,-2.01128,7814.29,11.6527,-2.08374,0.0
58870.0,13.870585403263403,-2.01817,-10.3311,0.0,0.10827,-0.688736,-21.9905,-2.01817,7816.74,11.7214,-1.94152,0.0
58880.0,13.869985403263403,-2.02473,-10.3311,0.0,-0.0594749,-0.656149,-21.9899,-2.02473,7819.26,11.6425,-2.05386,0.0
58890.0,13.868285403263403,-2.02962,-10.3311,0.0,-0.164884,-0.489032,-21.9882,-2.02962,7821.97,11.6901,-1.71963,0.0
58900.0,13.839885403263404,-2.03183,-10.3311,0.0,-2.84619,-0.221439,-21.9598,-2.03183,7824.84,11.5558,-2.05038,0.0
58910.0,13.788885403263404,-2.03263,-10.3311,0.0,-5.0947,-0.079128,-21.9088,-2.03263,7827.61,11.5224,-1.98312,0.0
58920.0,13.755685403263403,-2.03343,-10.3311,0.0,-3.32448,-0.080806,-21.8756,-2.03343,7830.56,11.4051,-2.06269,0.0
58930.0,13.711785403263404,-2.03351,-10.3311,0.0,-4.38624,-0.00715071,-21.8317,-2.03351,7834.12,11.5466,-2.09125,0.0
58940.0,13.651085403263403,-2.03194,-10.3311,0.0,-6.06973,0.156402,-21.771,-2.03194,7837.58,11.366,-1.94702,0.0
58950.0,13.621585403263403,-2.02824,-10.3311,0.0,-2.94819,0.370417,-21.7415,-2.02824,7840.18,11.4637,-2.04975,0.0
58960.0,13.597885403263403,-2.02174,-10.3311,0.0,-2.37169,0.649274,-21.7178,-2.02174,7842.45,11.5137,-2.01816,0.0
58970.0,13.572785403263403,-2.0127,-10.3311,0.0,-2.51248,0.904729,-21.6927,-2.0127,7845.06,11.249,-2.08706,0.0
58980.0,13.566885403263404,-2.00141,-10.3311,0.0,-0.590205,1.12902,-21.6868,-2.00141,7848.57,11.1888,-1.98385,0.0
58990.0,13.536985403263403,-1.98658,-10.3311,0.0,-2.99036,1.48234,-21.6569,-1.98658,7854.37,11.3381,-1.99599,0.0
59000.0,13.512985403263404,-1.9627,-10.3311,0.0,-2.39508,2.38838,-21.6329,-1.9627,7863.21,11.3479,-2.02588,0.0
59010.0,13.496185403263404,-1.92727,-10.3311,0.0,-1.68282,3.54289,-21.6161,-1.92727,7872.6,11.2771,-1.80713,0.0
59020.0,13.479685403263403,-1.8936,-10.3311,0.0,-1.64815,3.3671,-21.5996,-1.8936,7879.69,11.281,-1.76413,0.0
59030.0,13.469785403263403,-1.87521,-10.3311,0.0,-0.991,1.83908,-21.5897,-1.87521,7885.17,11.226,-1.88958,0.0
59040.0,13.445985403263403,-1.86956,-10.3311,0.0,-2.38036,0.564805,-21.5659,-1.86956,7892.01,11.2282,-1.67831,0.0
59050.0,13.443985403263403,-1.87027,-10.3311,0.0,-0.203326,-0.0713132,-21.5639,-1.87027,7901.65,11.2049,-1.86244,0.0
59060.0,13.422585403263403,-1.87749,-10.3311,0.0,-2.14119,-0.721497,-21.5425,-1.87749,7911.77,11.1385,-1.85181,0.0
59070.0,13.419185403263404,-1.89829,-10.3311,0.0,-0.338139,-2.08032,-21.5391,-1.89829,7918.88,11.3066,-1.8862,0.0
59080.0,13.407085403263403,-1.93461,-10.3311,0.0,-1.208,-3.63166,-21.527,-1.93461,7922.4,11.1859,-2.01699,0.0
59090.0,13.394385403263403,-1.97549,-10.3311,0.0,-1.27455,-4.08854,-21.5143,-1.97549,7923.92,11.2856,-1.92111,0.0
59100.0,13.389785403263403,-2.00489,-10.3311,0.0,-0.455097,-2.93942,-21.5097,-2.00489,7924.7,11.1545,-2.03708,0.0
59110.0,13.360785403263403,-2.01757,-10.3311,0.0,-2.90017,-1.26774,-21.4807,-2.01757,7925.28,11.0696,-2.13154,0.0
59120.0,13.347985403263403,-2.02051,-10.3311,0.0,-1.27835,-0.294859,-21.4679,-2.02051,7925.72,11.0583,-2.14308,0.0
59130.0,13.347585403263404,-2.01953,-10.3311,0.0,-0.0395999,0.0983272,-21.4675,-2.01953,7926.19,11.1681,-2.05628,0.0
59140.0,13.348985403263404,-2.01488,-10.3311,0.0,0.139148,0.465565,-21.4689,-2.01488,7927.25,11.293,-2.07348,0.0
59150.0,13.371685403263404,-2.00292,-10.3311,0.0,2.27302,1.19578,-21.4916,-2.00292,7929.09,11.1422,-1.81079,0.0
59160.0,13.389185403263404,-1.98048,-10.3311,0.0,1.74436,2.24415,-21.5091,-1.98048,7931.7,11.1802,-1.93784,0.0
59170.0,13.392785403263403,-1.95154,-10.3311,0.0,0.357352,2.89403,-21.5127,-1.95154,7936.51,11.2002,-1.85016,0.0
59180.0,13.387085403263404,-1.92325,-10.3311,0.0,-0.570746,2.82857,-21.507,-1.92325,7946.78,11.1972,-1.96052,0.0
59190.0,13.181485403263403,-1.89656,-10.3311,0.0,-20.5595,2.66896,-21.3014,-1.89656,7963.02,9.77721,-2.08297,0.0
59200.0,12.878085403263404,-1.87284,-10.3311,0.0,-30.3342,2.37156,-20.998,-1.87284,7979.37,10.3263,-1.84601,0.0
59210.0,12.704585403263403,-1.85646,-10.3311,0.0,-17.3501,1.63866,-20.8245,-1.85646,7990.29,10.5725,-1.76059,0.0
59220.0,12.639185403263404,-1.84827,-10.3311,0.0,-6.54489,0.819028,-20.7591,-1.84827,7996.39,10.2677,-2.07691,0.0
59230.0,12.636885403263404,-1.8447,-10.3311,0.0,-0.224521,0.356703,-20.7568,-1.8447,8000.32,10.3974,-1.8446,0.0
59240.0,12.636285403263404,-1.84043,-10.3311,0.0,-0.0602079,0.427606,-20.7562,-1.84043,8003.27,10.4361,-1.8349,0.0
59250.0,12.613585403263404,-1.83246,-10.3311,0.0,-2.26913,0.79634,-20.7335,-1.83246,8006.22,10.4941,-1.67533,0.0
59260.0,12.612785403263404,-1.82084,-10.3311,0.0,-0.0811437,1.1625,-20.7327,-1.82084,8010.48,10.3623,-1.91442,0.0
59270.0,12.592585403263403,-1.80358,-10.3311,0.0,-2.01944,1.72563,-20.7125,-1.80358,8016.46,10.3831,-1.85417,0.0
59280.0,12.585685403263403,-1.78134,-10.3311,0.0,-0.692753,2.22361,-20.7056,-1.78134,8023.71,10.3746,-1.75043,0.0
59290.0,12.575285403263404,-1.76121,-10.3311,0.0,-1.04158,2.01308,-20.6952,-1.76121,8033.49,10.3289,-1.67394,0.0
59300.0,12.551185403263403,-1.74948,-10.3311,0.0,-2.40822,1.17314,-20.6711,-1.74948,8047.91,10.3094,-2.00147,0.0
59310.0,12.496885403263404,-1.74414,-10.3311,0.0,-5.43274,0.53448,-20.6168,-1.74414,8065.31,10.2002,-1.87687,0.0
59320.0,12.475685403263403,-1.742,-10.3311,0.0,-2.11502,0.214048,-20.5956,-1.742,8081.12,10.1045,-1.70975,0.0
59330.0,12.473085403263404,-1.74136,-10.3311,0.0,-0.256971,0.0633736,-20.5931,-1.74136,8092.79,10.2407,-1.73526,0.0
59340.0,12.473985403263404,-1.74196,-10.3311,0.0,0.0819206,-0.0598837,-20.5939,-1.74196,8100.84,10.2871,-1.74621,0.0
59350.0,12.495585403263403,-1.74384,-10.3311,0.0,2.16258,-0.187643,-20.6155,-1.74384,8106.33,10.4329,-1.72534,0.0
59360.0,12.496285403263403,-1.74606,-10.3311,0.0,0.0735353,-0.222114,-20.6162,-1.74606,8109.82,10.2885,-1.65426,0.0
59370.0,12.495185403263404,-1.74841,-10.3311,0.0,-0.111985,-0.234974,-20.6151,-1.74841,8112.33,10.2972,-1.77374,0.0
59380.0,12.474585403263404,-1.75002,-10.3311,0.0,-2.06259,-0.16128,-20.5945,-1.75002,8114.96,10.1383,-1.87838,0.0
59390.0,12.465685403263404,-1.75192,-10.3311,0.0,-0.891111,-0.189914,-20.5856,-1.75192,8117.9,10.0494,-1.89704,0.0
59400.0,12.464085403263404,-1.75491,-10.3311,0.0,-0.160705,-0.298418,-20.584,-1.75491,8121.16,10.2299,-1.87926,0.0
59410.0,12.441985403263404,-1.75742,-10.3311,0.0,-2.20443,-0.251762,-20.5619,-1.75742,8125.15,10.3226,-1.75994,0.0
59420.0,12.444785403263403,-1.75788,-10.3311,0.0,0.278968,-0.0452516,-20.5647,-1.75788,8130.32,10.2897,-1.73843,0.0
59430.0,12.463785403263403,-1.75552,-10.3311,0.0,1.89508,0.235468,-20.5837,-1.75552,8137.51,10.2207,-1.72371,0.0
59440.0,12.455685403263404,-1.75027,0.0,0.0,-0.807571,0.524786,10.2445,-1.75027,8148.12,10.2232,-1.76238,0.0
59450.0,12.430885403263403,-1.74269,0.0,0.0,-2.48105,0.758204,10.2197,-1.74269,8161.86,10.324,-1.76387,0.0
59460.0,12.353485403263404,-1.73304,0.0,0.0,-7.73348,0.964792,10.1423,-1.73304,8175.23,10.0497,-1.66734,0.0
59470.0,12.287685403263403,-1.72236,0.0,0.0,-6.58719,1.06866,10.0765,-1.72236,8186.51,10.0902,-1.67774,0.0
59480.0,12.269185403263403,-1.70982,0.0,0.0,-1.84625,1.25383,10.058,-1.70982,8197.71,9.95984,-1.75449,0.0
59490.0,12.261085403263403,-1.69287,0.0,0.0,-0.815073,1.69453,10.0499,-1.69287,8209.02,10.0986,-1.57555,0.0
59500.0,12.272685403263404,-1.67126,0.0,0.0,1.16636,2.16105,10.0615,-1.67126,8218.72,10.1334,-1.54521,0.0
59510.0,12.286185403263403,-1.64978,0.0,0.0,1.34582,2.1485,10.075,-1.64978,8226.65,10.022,-1.6214,0.0
59520.0,12.340285403263403,-1.63605,0.0,0.0,5.41721,1.37316,10.1291,-1.63605,8232.83,10.242,-1.70398,0.0
59530.0,12.399285403263404,-1.63051,0.0,0.0,5.89014,0.553729,10.1881,-1.63051,8237.68,10.0826,-1.62966,0.0
59540.0,12.440185403263403,-1.62884,0.0,0.0,4.09117,0.167011,10.229,-1.62884,8243.92,10.4241,-1.57983,0.0
59550.0,12.440285403263404,-1.62702,0.0,0.0,0.0183045,0.182146,10.2291,-1.62702,8255.39,10.1861,-1.50777,0.0
59560.0,12.382585403263404,-1.62203,0.0,0.0,-5.77287,0.499117,10.1714,-1.62203,8273.18,10.3123,-1.78374,0.0
59570.0,11.909095403263404,-1.60683,0.0,0.0,-47.3504,1.51995,9.69791,-1.60683,8293.12,9.16292,-1.80403,0.0
59580.0,11.422945403263403,-1.58753,0.0,0.0,-48.6152,1.92942,9.21176,-1.58753,8309.94,8.8561,-1.47489,0.0
59590.0,11.403965403263404,-1.5712,0.0,0.0,-1.89763,1.63293,9.19278,-1.5712,8321.78,9.10736,-1.41458,0.0
59600.0,11.404315403263404,-1.54841,0.0,0.0,0.034852,2.2791,9.19313,-1.54841,8329.17,9.21035,-1.46339,0.0
59610.0,11.364505403263404,-1.52318,0.0,0.0,-3.98122,2.52344,9.15332,-1.52318,8334.01,9.23898,-1.45456,0.0
59620.0,11.384065403263403,-1.50407,0.0,0.0,1.95561,1.91041,9.17288,-1.50407,8338.92,9.21035,-1.58533,0.0
59630.0,11.385205403263404,-1.49003,0.0,0.0,0.114304,1.40392,9.17402,-1.49003,8344.69,8.92508,-1.57404,0.0
59640.0,11.356385403263404,-1.47941,0.0,0.0,-2.8818,1.06287,9.1452,-1.47941,8349.84,9.14697,-1.44467,0.0
59650.0,11.355785403263404,-1.47223,0.0,0.0,-0.0605368,0.717972,9.1446,-1.47223,8353.04,9.14367,-1.48283,0.0
59660.0,11.356355403263404,-1.4664,0.0,0.0,0.0573776,0.582514,9.14517,-1.4664,8354.46,9.0277,-1.54695,0.0
59670.0,11.357095403263404,-1.45893,0.0,0.0,0.0736081,0.747109,9.14591,-1.45893,8354.92,9.1975,-1.4014,0.0
59680.0,11.357995403263404,-1.44625,0.0,0.0,0.0903183,1.26751,9.14681,-1.44625,8355.01,9.27164,-1.40952,0.0
59690.0,11.341285403263404,-1.42285,0.0,0.0,-1.67149,2.34027,9.1301,-1.42285,8354.95,9.13217,-1.42579,0.0
59700.0,10.956815403263404,-1.36656,0.0,0.0,-38.4465,5.6288,8.74563,-1.36656,8354.68,8.59167,-1.47455,0.0
59710.0,7.6783654032634026,-1.19725,0.0,0.0,-327.845,16.9316,5.46718,-1.19725,8353.71,2.42406,-1.00778,0.0
59720.0,3.265265403263403,-0.925557,0.0,0.0,-441.311,27.1691,1.05408,-0.925557,8351.05,-3.30744,-0.206057,0.0
59730.0,0.698025403263403,-0.702024,0.0,0.0,-256.724,22.3533,-1.51316,-0.702024,8346.13,-3.76906,-0.533111,0.0
59740.0,-0.578014596736597,-0.574107,0.0,0.0,-127.604,12.7917,-2.7892,-0.574107,8340.79,-2.65208,-0.54371,0.0
59750.0,-0.9996045967365967,-0.522937,0.0,0.0,-42.1586,5.11702,-3.21079,-0.522937,8337.53,-3.22126,-0.4138,0.0
59760.0,-1.234464596736597,-0.497638,0.0,0.0,-23.4864,2.52996,-3.44565,-0.497638,8336.46,-3.73023,-0.361251,0.0
59770.0,-1.2640645967365969,-0.489559,0.0,0.0,-2.96024,0.807846,-3.47525,-0.489559,8336.33,-3.65774,-0.523593,0.0
59780.0,-1.2940945967365969,-0.486066,0.0,0.0,-3.00297,0.349309,-3.50528,-0.486066,8336.49,-3.46541,-0.471765,0.0
59790.0,-1.326434596736597,-0.483711,0.0,0.0,-3.23333,0.235476,-3.53762,-0.483711,8336.75,-3.58722,-0.498967,0.0
59800.0,-1.3432145967365967,-0.481596,0.0,0.0,-1.67802,0.211551,-3.5544,-0.481596,8336.94,-3.50984,-0.546026,0.0
59810.0,-1.3503445967365968,-0.479648,0.0,0.0,-0.713483,0.194809,-3.56153,-0.479648,8337.0,-3.54703,-0.452383,0.0
59820.0,-1.3504845967365968,-0.477533,0.0,0.0,-0.0141925,0.211425,-3.56167,-0.477533,8336.95,-3.6007,-0.483187,0.0
59830.0,-1.3503345967365967,-0.475277,0.0,0.0,0.015802,0.22565,-3.56152,-0.475277,8336.55,-3.70569,-0.571231,0.0
59840.0,-1.349564596736597,-0.474656,0.0,0.0,0.0761432,0.0620542,-3.56075,-0.474656,8335.29,-3.41674,-0.493058,0.0
59850.0,-1.332154596736597,-0.477029,0.0,0.0,1.74135,-0.237272,-3.54334,-0.477029,8333.05,-3.64328,-0.388265,0.0
59860.0,-1.3035745967365968,-0.481584,0.0,0.0,2.85808,-0.455476,-3.51476,-0.481584,8330.35,-3.46923,-0.331583,0.0
59870.0,-1.302644596736597,-0.486013,0.0,0.0,0.092766,-0.442876,-3.51383,-0.486013,8327.14,-3.5292,-0.224464,0.0
59880.0,-1.3024145967365968,-0.490709,0.0,0.0,0.023225,-0.469613,-3.5136,-0.490709,8322.78,-3.44191,-0.494359,0.0
59890.0,-1.288814596736597,-0.495341,0.0,0.0,1.35993,-0.463175,-3.5,-0.495341,8317.52,-3.58479,-0.529393,0.0
59900.0,-1.2619645967365969,-0.49933,0.0,0.0,2.68485,-0.398987,-3.47315,-0.49933,8312.58,-3.4781,-0.3733,0.0
59910.0,-1.247824596736597,-0.502248,0.0,0.0,1.41413,-0.29177,-3.45901,-0.502248,8308.43,-3.37755,-0.532495,0.0
59920.0,-1.246724596736597,-0.504327,0.0,0.0,0.109721,-0.20789,-3.45791,-0.504327,8304.55,-3.43128,-0.524675,0.0
59930.0,-1.2309145967365969,-0.504665,0.0,0.0,1.58142,-0.0338051,-3.4421,-0.504665,8300.66,-3.55784,-0.515473,0.0
59940.0,-1.2109645967365967,-0.499568,0.0,0.0,1.99454,0.509703,-3.42215,-0.499568,8295.84,-3.41667,-0.433858,0.0
59950.0,-1.1635045967365971,-0.489051,0.0,0.0,4.74694,1.0517,-3.37469,-0.489051,8288.38,-3.32341,-0.418502,0.0
59960.0,-1.120904596736597,-0.474653,0.0,0.0,4.25996,1.43979,-3.33209,-0.474653,8278.41,-3.28935,-0.614699,0.0
59970.0,-1.117984596736597,-0.458063,0.0,0.0,0.291446,1.65897,-3.32917,-0.458063,8267.85,-3.32645,-0.519651,0.0
59980.0,-1.1175445967365971,-0.441189,0.0,0.0,0.0437286,1.68749,-3.32873,-0.441189,8257.79,-3.43159,-0.503143,0.0
59990.0,-1.1339545967365967,-0.421807,0.0,0.0,-1.64027,1.93814,-3.34514,-0.421807,8248.29,-3.33667,-0.380202,0.0
60000.0,-1.1462445967365968,-0.400973,0.0,0.0,-1.22889,2.08337,-3.35743,-0.400973,8239.75,-3.38666,-0.338269,0.0
60010.0,-1.145534596736597,-0.38286,0.0,0.0,0.0708584,1.81133,-3.35672,-0.38286,8232.15,-3.39052,-0.535329,0.0
60020.0,-1.144034596736597,-0.369653,0.0,0.0,0.149579,1.32074,-3.35522,-0.369653,8223.03,-3.1863,-0.288478,0.0
60030.0,-1.128924596736597,-0.36039,0.0,0.0,1.5107,0.926307,-3.34011,-0.36039,8208.68,-3.31847,-0.213409,0.0
60040.0,-1.088794596736597,-0.352601,0.0,0.0,4.01329,0.778863,-3.29998,-0.352601,8187.96,-3.20094,-0.372106,0.0
60050.0,-1.055564596736597,-0.342377,0.0,0.0,3.32314,1.02243,-3.26675,-0.342377,8161.34,-3.27872,-0.322562,0.0
60060.0,-1.052454596736597,-0.3287,0.0,0.0,0.310571,1.36765,-3.26364,-0.3287,8128.18,-3.26139,-0.355187,0.0
60070.0,-1.033944596736597,-0.317733,0.0,0.0,1.85167,1.09668,-3.24513,-0.317733,8090.76,-3.22719,-0.278804,0.0
60080.0,-1.0317445967365968,-0.311469,0.0,0.0,0.219759,0.626462,-3.24293,-0.311469,8056.18,-3.34903,-0.374257,0.0
60090.0,-1.008104596736597,-0.309639,0.0,0.0,2.36355,0.182952,-3.21929,-0.309639,8027.26,-3.1579,-0.249051,0.0
60100.0,-0.9742445967365971,-0.308945,0.0,0.0,3.38686,0.0694415,-3.18543,-0.308945,7998.52,-3.25313,-0.245281,0.0
60110.0,-0.927854596736597,-0.310088,0.0,0.0,4.63896,-0.114269,-3.13904,-0.310088,7966.36,-3.08131,-0.283844,0.0
60120.0,-0.9245845967365969,-0.312614,0.0,0.0,0.326983,-0.252656,-3.13577,-0.312614,7935.48,-3.11591,-0.365129,0.0
60130.0,-0.9238945967365968,-0.321241,0.0,0.0,0.0690644,-0.86271,-3.13508,-0.321241,7909.84,-3.22013,-0.507326,0.0
60140.0,-0.8971845967365968,-0.342948,0.0,0.0,2.67036,-2.17065,-3.10837,-0.342948,7885.41,-3.03131,-0.268901,0.0
60150.0,-0.894434596736597,-0.379556,0.0,0.0,0.275414,-3.66083,-3.10562,-0.379556,7857.13,-3.27813,-0.404388,0.0
60160.0,-0.7970745967365969,-0.429043,0.0,0.0,9.73572,-4.94875,-3.00826,-0.429043,7824.81,-2.91052,-0.351204,0.0
60170.0,-0.6310645967365969,-0.476905,0.0,0.0,16.6014,-4.78612,-2.84225,-0.476905,7789.73,-1.92123,-0.590529,0.0
60180.0,-0.47540459673659674,-0.514368,0.0,0.0,15.5653,-3.74631,-2.68659,-0.514368,7751.87,-2.62444,-0.712127,0.0
60190.0,-0.2865545967365968,-0.544713,0.0,0.0,18.885,-3.03448,-2.49774,-0.544713,7711.95,-2.45055,-0.588151,0.0
60200.0,-0.16741459673659698,-0.565132,0.0,0.0,11.914,-2.04192,-2.3786,-0.565132,7674.47,-2.3044,-0.520513,0.0
60210.0,-0.06029459673659687,-0.580767,0.0,0.0,10.7119,-1.56348,-2.27148,-0.580767,7643.42,-2.1102,-0.637398,0.0
60220.0,-0.0007845967365969209,-0.593384,0.0,0.0,5.95136,-1.26177,-2.21197,-0.593384,7618.0,-2.21438,-0.600208,0.0
60230.0,0.00842540326340302,-0.606088,0.0,0.0,0.92085,-1.27041,-2.20276,-0.606088,7596.28,-2.08222,-0.681128,0.0
60240.0,0.005585403263403066,-0.623138,0.0,0.0,-0.28376,-1.70497,-2.2056,-0.623138,7575.83,-2.2575,-0.569014,0.0
60250.0,-0.03981459673659682,-0.642187,0.0,0.0,-4.53999,-1.9049,-2.251,-0.642187,7553.44,-2.24879,-0.456761,0.0
60260.0,-0.04901459673659714,-0.662375,0.0,0.0,-0.919933,-2.01877,-2.2602,-0.662375,7529.75,-2.23721,-0.742496,0.0
60270.0,-0.05010459673659673,-0.677358,0.0,0.0,-0.108961,-1.49837,-2.26129,-0.677358,7509.65,-2.26667,-0.737819,0.0
60280.0,-0.04136459673659676,-0.683682,0.0,0.0,0.873367,-0.632358,-2.25255,-0.683682,7495.0,-2.2774,-0.897009,0.0
60290.0,0.03454540326340316,-0.686847,0.0,0.0,7.59168,-0.316502,-2.17664,-0.686847,7482.02,-1.94542,-0.48325,0.0
60300.0,0.1117154032634029,-0.690274,0.0,0.0,7.71709,-0.342672,-2.09947,-0.690274,7467.29,-2.19619,-0.708568,0.0
60310.0,0.11497540326340294,-0.690336,0.0,0.0,0.325771,-0.00627703,-2.09621,-0.690336,7451.15,-1.99422,-0.769883,0.0
60320.0,0.11555540326340319,-0.682543,0.0,0.0,0.0575038,0.77939,-2.09563,-0.682543,7435.83,-2.09607,-0.626254,0.0
60330.0,0.11846540326340316,-0.663241,0.0,0.0,0.291581,1.93013,-2.09272,-0.663241,7423.65,-2.24204,-0.558415,0.0
60340.0,0.15393540326340327,-0.640075,0.0,0.0,3.54713,2.31657,-2.05725,-0.640075,7415.29,-2.16363,-0.57153,0.0
60350.0,0.152605403263403,-0.61833,0.0,0.0,-0.132915,2.17451,-2.05858,-0.61833,7408.59,-1.81177,-0.693918,0.0
60360.0,0.1598754032634031,-0.602684,0.0,0.0,0.727051,1.56459,-2.05131,-0.602684,7401.1,-1.85552,-0.59033,0.0
60370.0,0.1944454032634031,-0.59353,0.0,0.0,3.45618,0.915411,-2.01674,-0.59353,7393.26,-2.02936,-0.711224,0.0
60380.0,0.20431540326340292,-0.587295,0.0,0.0,0.987354,0.62353,-2.00687,-0.587295,7386.54,-2.07136,-0.434853,0.0
60390.0,0.2145454032634031,-0.584322,0.0,0.0,1.02333,0.297359,-1.99664,-0.584322,7380.97,-1.96555,-0.556367,0.0
60400.0,0.19885540326340312,-0.582929,0.0,0.0,-1.56889,0.139252,-2.01233,-0.582929,7376.13,-1.98155,-0.505746,0.0
60410.0,0.16599540326340323,-0.583107,0.0,0.0,-3.28591,-0.0177975,-2.04519,-0.583107,7372.19,-1.93179,-0.707985,0.0
60420.0,0.07764540326340308,-0.584061,0.0,0.0,-8.83587,-0.095423,-2.13354,-0.584061,7369.7,-2.53278,-0.72979,0.0
60430.0,-0.10492459673659704,-0.58412,0.0,0.0,-18.2565,-0.00590466,-2.31611,-0.58412,7368.27,-2.6246,-0.562519,0.0
60440.0,-0.20430459673659707,-0.588242,0.0,0.0,-9.93793,-0.41214,-2.41549,-0.588242,7366.7,-2.37668,-0.537006,0.0
60450.0,-0.23607459673659692,-0.594091,0.0,0.0,-3.17726,-0.584949,-2.44726,-0.594091,7364.88,-2.37071,-0.392762,0.0
60460.0,-0.23705459673659712,-0.601658,0.0,0.0,-0.097764,-0.756665,-2.44824,-0.601658,7362.73,-2.52189,-0.605128,0.0
60470.0,-0.21902459673659713,-0.61354,0.0,0.0,1.80296,-1.18819,-2.43021,-0.61354,7359.44,-2.44443,-0.585969,0.0
60480.0,-0.1919245967365968,-0.630047,0.0,0.0,2.70958,-1.65077,-2.40311,-0.630047,7354.81,-2.38594,-0.739061,0.0
60490.0,-0.18784459673659715,-0.644407,0.0,0.0,0.408323,-1.43596,-2.39903,-0.644407,7348.94,-2.45859,-0.578999,0.0
60500.0,-0.17061459673659707,-0.652829,0.0,0.0,1.72263,-0.842197,-2.3818,-0.652829,7341.83,-2.39212,-0.735863,0.0
60510.0,-0.16514459673659676,-0.655252,0.0,0.0,0.547721,-0.24229,-2.37633,-0.655252,7334.46,-2.22769,-0.756582,0.0
60520.0,-0.166334596736597,-0.654422,0.0,0.0,-0.119651,0.0829537,-2.37752,-0.654422,7328.5,-2.47874,-0.692063,0.0
60530.0,-0.16664459673659682,-0.649565,0.0,0.0,-0.0302422,0.485722,-2.37783,-0.649565,7324.27,-2.34117,-0.778595,0.0
60540.0,-0.18099459673659712,-0.636791,0.0,0.0,-1.43594,1.27742,-2.39218,-0.636791,7320.33,-2.39647,-0.437725,0.0
60550.0,-0.22252459673659697,-0.616196,0.0,0.0,-4.15299,2.05952,-2.43371,-0.616196,7315.04,-2.46886,-0.399338,0.0
60560.0,-0.25202459673659705,-0.595951,0.0,0.0,-2.94964,2.02443,-2.46321,-0.595951,7307.2,-2.45894,-0.615182,0.0
60570.0,-0.26749459673659715,-0.58258,0.0,0.0,-1.54654,1.33713,-2.47868,-0.58258,7296.68,-2.44615,-0.659742,0.0
60580.0,-0.34982459673659694,-0.574491,0.0,0.0,-8.23298,0.808955,-2.56101,-0.574491,7285.45,-2.86503,-0.711339,0.0
60590.0,-0.47570459673659693,-0.571183,0.0,0.0,-12.5881,0.33072,-2.68689,-0.571183,7276.61,-2.8148,-0.546867,0.0
60600.0,-0.5135245967365969,-0.575272,0.0,0.0,-3.78191,-0.408836,-2.72471,-0.575272,7271.1,-2.56107,-0.425744,0.0
60610.0,-0.5203045967365969,-0.581345,0.0,0.0,-0.678688,-0.607298,-2.73149,-0.581345,7267.47,-2.78195,-0.529228,0.0
60620.0,-0.5203045967365969,-0.589354,0.0,0.0,0.000415134,-0.800958,-2.73149,-0.589354,7264.85,-2.71386,-0.682815,0.0
60630.0,-0.502824596736597,-0.602392,0.0,0.0,1.74806,-1.30381,-2.71401,-0.602392,7263.13,-2.72626,-0.556619,0.0
60640.0,-0.49794459673659697,-0.617299,0.0,0.0,0.487705,-1.49063,-2.70913,-0.617299,7261.99,-2.71007,-0.636551,0.0
60650.0,-0.4990045967365968,-0.632158,0.0,0.0,-0.106328,-1.48596,-2.71019,-0.632158,7261.25,-2.5637,-0.619457,0.0
60660.0,-0.5051845967365969,-0.648277,0.0,0.0,-0.617528,-1.61182,-2.71637,-0.648277,7260.87,-2.64207,-0.791446,0.0
60670.0,-0.5087645967365968,-0.664612,0.0,0.0,-0.358276,-1.63351,-2.71995,-0.664612,7260.77,-2.73295,-0.750851,0.0
60680.0,-0.523774596736597,-0.677379,0.0,0.0,-1.50087,-1.27672,-2.73496,-0.677379,7260.78,-2.91198,-0.690213,0.0
60690.0,-0.5282245967365968,-0.686866,0.0,0.0,-0.444781,-0.94871,-2.73941,-0.686866,7260.98,-2.86408,-0.545187,0.0
60700.0,-0.5301145967365968,-0.692707,0.0,0.0,-0.189453,-0.584126,-2.7413,-0.692707,7261.83,-2.74439,-0.693692,0.0
60710.0,-0.5603245967365971,-0.694219,0.0,0.0,-3.02107,-0.151167,-2.77151,-0.694219,7264.37,-2.68393,-0.680215,0.0
60720.0,-0.5554545967365971,-0.697075,0.0,0.0,0.487236,-0.285566,-2.76664,-0.697075,7269.39,-2.72242,-0.630144,0.0
60730.0,-0.5555545967365969,-0.704719,0.0,0.0,-0.00929243,-0.764436,-2.76674,-0.704719,7275.87,-3.00977,-0.766922,0.0
60740.0,-0.553934596736597,-0.723201,0.0,0.0,0.161189,-1.84817,-2.76512,-0.723201,7281.67,-2.84731,-0.840496,0.0
60750.0,-0.5796045967365968,-0.749345,0.0,0.0,-2.56698,-2.61448,-2.79079,-0.749345,7286.05,-2.74837,-0.825344,0.0
60760.0,-0.5825045967365967,-0.775018,0.0,0.0,-0.2897,-2.56724,-2.79369,-0.775018,7290.15,-2.71337,-0.650582,0.0
60770.0,-0.5835845967365971,-0.791551,0.0,0.0,-0.108113,-1.6533,-2.79477,-0.791551,7294.98,-2.81565,-0.84531,0.0
60780.0,-0.581124596736597,-0.797196,0.0,0.0,0.246422,-0.564537,-2.79231,-0.797196,7300.57,-2.76722,-0.71858,0.0
60790.0,-0.5711345967365968,-0.792715,0.0,0.0,0.998373,0.448107,-2.78232,-0.792715,7306.22,-2.9153,-0.896489,0.0
60800.0,-0.5866345967365971,-0.779193,0.0,0.0,-1.54965,1.35216,-2.79782,-0.779193,7310.71,-2.80628,-0.784729,0.0
60810.0,-0.5867945967365968,-0.7649,0.0,0.0,-0.0164863,1.42932,-2.79798,-0.7649,7313.36,-2.61337,-0.8376,0.0
60820.0,-0.5958845967365969,-0.755001,0.0,0.0,-0.908616,0.989948,-2.80707,-0.755001,7315.4,-2.90768,-0.655715,0.0
60830.0,-0.5855445967365971,-0.751651,0.0,0.0,1.03362,0.334961,-2.79673,-0.751651,7319.3,-2.92819,-0.731496,0.0
60840.0,-0.5509445967365969,-0.752482,0.0,0.0,3.46025,-0.0830568,-2.76213,-0.752482,7326.67,-2.55544,-0.770809,0.0
60850.0,-0.549404596736597,-0.752034,0.0,0.0,0.153785,0.0447438,-2.76059,-0.752034,7336.87,-2.70302,-0.748257,0.0
60860.0,-0.5492945967365968,-0.750492,0.0,0.0,0.0111102,0.154282,-2.76048,-0.750492,7349.0,-2.71407,-0.653972,0.0
60870.0,-0.5499945967365969,-0.748301,0.0,0.0,-0.0692271,0.219022,-2.76118,-0.748301,7363.08,-2.62648,-0.72132,0.0
60880.0,-0.572034596736597,-0.745633,0.0,0.0,-2.204,0.266792,-2.78322,-0.745633,7377.14,-2.87246,-0.930074,0.0
60890.0,-0.6387245967365969,-0.743976,0.0,0.0,-6.66924,0.165746,-2.84991,-0.743976,7387.67,-2.86057,-0.885265,0.0
60900.0,-0.646344596736597,-0.752624,0.0,0.0,-0.762719,-0.864811,-2.85753,-0.752624,7393.8,-2.74463,-0.716152,0.0
60910.0,-0.6517745967365971,-0.776397,0.0,0.0,-0.5422,-2.37732,-2.86296,-0.776397,7397.32,-2.99385,-0.876903,0.0
60920.0,-0.6718745967365969,-0.815281,0.0,0.0,-2.01068,-3.88842,-2.88306,-0.815281,7399.8,-2.86955,-0.717,0.0
60930.0,-0.7021745967365969,-0.854015,-20.031,0.0,-3.03009,-3.87341,-17.1176,-0.854015,7402.66,-2.93182,-0.955212,0.0
60940.0,-0.7332045967365968,-0.878946,-20.031,0.0,-3.10267,-2.49309,-17.0866,-0.878946,7408.49,-2.97113,-0.936406,0.0
60950.0,-0.754114596736597,-0.893258,-20.031,0.0,-2.09066,-1.43119,-17.0657,-0.893258,7419.04,-3.15924,-0.736801,0.0
60960.0,-0.7556345967365967,-0.903109,-20.031,0.0,-0.152287,-0.985037,-17.0642,-0.903109,7432.86,-2.96488,-0.957636,0.0
60970.0,-0.7555745967365968,-0.908018,-20.031,0.0,0.00560461,-0.490977,-17.0642,-0.908018,7447.89,-3.15006,-0.974661,0.0
60980.0,-0.7442045967365969,-0.908735,-20.031,0.0,1.13775,-0.071633,-17.0756,-0.908735,7463.51,-2.94736,-0.884825,0.0
60990.0,-0.6915345967365969,-0.90746,-20.031,0.0,5.2665,0.12745,-17.1283,-0.90746,7477.84,-2.8512,-0.831055,0.0
61000.0,-0.6362145967365969,-0.90391,-20.031,0.0,5.53271,0.354989,-17.1836,-0.90391,7487.78,-2.83325,-0.982486,0.0
61010.0,-0.619554596736597,-0.896772,-20.031,0.0,1.66585,0.713885,-17.2003,-0.896772,7492.98,-2.78476,-0.950036,0.0
61020.0,-0.603554596736597,-0.885938,-20.031,0.0,1.59943,1.08337,-17.2163,-0.885938,7496.32,-2.83938,-0.863772,0.0
61030.0,-0.5868345967365971,-0.872297,-20.031,0.0,1.67209,1.36409,-17.233,-0.872297,7501.11,-2.71327,-0.706292,0.0
61040.0,-0.585184596736597,-0.858535,-20.031,0.0,0.165193,1.3762,-17.2346,-0.858535,7509.09,-2.77828,-0.656045,0.0
61050.0,-0.584234596736597,-0.848112,-20.031,0.0,0.0946294,1.04225,-17.2356,-0.848112,7519.22,-2.79274,-0.895578,0.0
61060.0,-0.579774596736597,-0.842275,-20.031,0.0,0.446628,0.583709,-17.2401,-0.842275,7529.44,-2.83143,-0.746518,0.0
61070.0,-0.590544596736597,-0.838799,-20.031,0.0,-1.07686,0.347612,-17.2293,-0.838799,7539.02,-2.83978,-0.82473,0.0
61080.0,-0.6021845967365969,-0.836353,-20.031,0.0,-1.16432,0.244613,-17.2176,-0.836353,7547.43,-2.74633,-0.841534,0.0
61090.0,-0.6033845967365967,-0.834656,-20.031,0.0,-0.119862,0.169742,-17.2164,-0.834656,7554.27,-2.87479,-0.905112,0.0
61100.0,-0.6216445967365969,-0.832542,-20.031,0.0,-1.82638,0.211388,-17.1982,-0.832542,7561.33,-2.85537,-0.838188,0.0
61110.0,-0.6159345967365968,-0.832265,-20.031,0.0,0.5712,0.0276823,-17.2039,-0.832265,7570.73,-2.79418,-0.883811,0.0
61120.0,-0.6145045967365967,-0.833156,-20.031,0.0,0.143169,-0.0891168,-17.2053,-0.833156,7581.79,-2.90977,-0.819191,0.0
61130.0,-0.587294596736597,-0.83786,-20.031,0.0,2.72049,-0.470418,-17.2325,-0.83786,7591.84,-2.79743,-0.814401,0.0
61140.0,-0.586544596736597,-0.847578,-20.031,0.0,0.0753768,-0.971732,-17.2333,-0.847578,7599.34,-2.77944,-0.812266,0.0
61150.0,-0.5895045967365968,-0.866654,-20.031,0.0,-0.296166,-1.90764,-17.2303,-0.866654,7604.48,-2.7865,-0.764122,0.0
61160.0,-0.5893745967365969,-0.892056,-20.031,0.0,0.0131992,-2.54017,-17.2305,-0.892056,7607.63,-2.81336,-0.953646,0.0
61170.0,-0.5830745967365969,-0.91602,-20.031,0.0,0.630005,-2.39645,-17.2368,-0.91602,7609.14,-2.86223,-1.02357,0.0
61180.0,-0.5825745967365967,-0.933581,-20.031,0.0,0.049825,-1.75607,-17.2373,-0.933581,7609.59,-2.74907,-0.955996,0.0
61190.0,-0.5856945967365967,-0.944692,-20.031,0.0,-0.311738,-1.1111,-17.2341,-0.944692,7609.31,-2.71615,-0.917964,0.0
61200.0,-0.6134245967365968,-0.951432,-20.031,0.0,-2.77357,-0.674037,-17.2064,-0.951432,7607.95,-2.82252,-0.934722,0.0
61210.0,-0.7946745967365971,-0.957334,-20.031,0.0,-18.1243,-0.59013,-17.0252,-0.957334,7603.12,-3.05472,-0.962388,0.0
61220.0,-2.9519245967365966,-0.893825,-20.031,0.0,-215.725,6.35086,-14.8679,-0.893825,7588.24,-7.15361,-0.935163,0.0
61230.0,-6.256354596736596,-0.793982,-20.031,0.0,-330.443,9.98427,-11.5635,-0.793982,7553.09,-12.3098,-0.395512,0.0
61240.0,-9.604214596736597,-0.703877,-20.031,0.0,-334.785,9.01053,-8.21563,-0.703877,7492.65,-15.2077,-0.538314,0.0
61250.0,-13.199814596736596,-0.594055,-20.031,0.0,-359.565,10.9823,-4.61997,-0.594055,7421.0,-17.1726,-0.619819,0.0
61260.0,-14.895514596736597,-0.625082,-20.031,0.0,-169.568,-3.10276,-2.92429,-0.625082,7365.6,-17.8918,-0.860013,0.0
61270.0,-15.131814596736596,-0.7401,-20.031,0.0,-23.6272,-11.5017,-2.68802,-0.7401,7339.12,-17.1566,-0.875182,0.0
61280.0,-15.409114596736597,-0.780072,-20.031,0.0,-27.7314,-3.99725,-2.4107,-0.780072,7331.79,-17.8234,-0.800654,0.0
61290.0,-15.538814596736596,-0.78632,-20.031,0.0,-12.9654,-0.624809,-2.28105,-0.78632,7331.21,-17.7568,-0.924296,0.0
61300.0,-15.546914596736595,-0.787965,-20.031,0.0,-0.81183,-0.164484,-2.27293,-0.787965,7333.22,-17.75,-0.715907,0.0
61310.0,-15.559514596736598,-0.785614,-20.031,0.0,-1.26008,0.235125,-2.26033,-0.785614,7337.82,-17.762,-0.782113,0.0
61320.0,-15.561014596736598,-0.783452,-20.031,0.0,-0.154498,0.216229,-2.25878,-0.783452,7344.31,-17.8064,-0.737809,0.0
61330.0,-15.584914596736596,-0.779686,-20.031,0.0,-2.38382,0.376593,-2.23495,-0.779686,7350.69,-17.808,-0.725714,0.0
61340.0,-15.587214596736597,-0.778817,-20.031,0.0,-0.229006,0.086886,-2.23266,-0.778817,7355.73,-17.8905,-0.770426,0.0
61350.0,-15.616614596736596,-0.775843,-20.031,0.0,-2.94053,0.297422,-2.20325,-0.775843,7359.84,-17.847,-0.773119,0.0
61360.0,-15.635314596736595,-0.774038,-20.031,0.0,-1.87246,0.1805,-2.18453,-0.774038,7363.85,-17.779,-0.714122,0.0
61370.0,-15.636114596736597,-0.774011,-20.031,0.0,-0.0768698,0.00269148,-2.18376,-0.774011,7367.92,-17.8653,-0.852037,0.0
61380.0,-15.636414596736596,-0.774245,-20.031,0.0,-0.0331564,-0.0233985,-2.18343,-0.774245,7371.74,-17.8474,-0.770701,0.0
61390.0,-15.645214596736597,-0.774521,-20.031,0.0,-0.882343,-0.0276229,-2.1746,-0.774521,7375.33,-17.8172,-0.786927,0.0
61400.0,-15.678814596736597,-0.774474,-20.031,0.0,-3.36298,0.00473465,-2.14097,-0.774474,7379.58,-17.9603,-0.813895,0.0
61410.0,-15.705314596736596,-0.778358,-20.031,0.0,-2.64974,-0.388396,-2.11447,-0.778358,7385.58,-17.9556,-0.92926,0.0
61420.0,-15.706714596736596,-0.78647,-20.031,0.0,-0.13148,-0.81128,-2.11316,-0.78647,7392.78,-17.883,-0.754428,0.0
61430.0,-15.706914596736596,-0.793842,-20.031,0.0,-0.0197574,-0.737121,-2.11296,-0.793842,7398.77,-17.957,-0.763625,0.0
61440.0,-15.707814596736597,-0.802279,-20.031,0.0,-0.0970574,-0.843717,-2.11199,-0.802279,7401.87,-17.7715,-0.828945,0.0
61450.0,-15.733314596736598,-0.812983,-20.031,0.0,-2.54944,-1.07043,-2.0865,-0.812983,7401.69,-17.8573,-0.820347,0.0
61460.0,-15.993114596736596,-0.806992,-20.031,0.0,-25.9823,0.599134,-1.82667,-0.806992,7393.69,-18.3631,-0.808518,0.0
61470.0,-17.696414596736595,-0.666483,-20.031,0.0,-170.325,14.0509,-0.123419,-0.666483,7364.75,-21.3685,-0.692583,0.0
61480.0,-19.923214596736596,-0.465739,-20.031,0.0,-222.682,20.0744,2.1034,-0.465739,7306.24,-24.459,0.0550414,0.0
61490.0,-21.565214596736595,-0.312072,-20.031,0.0,-164.199,15.3667,3.74539,-0.312072,7236.32,-25.3329,-0.201047,0.0
61500.0,-22.591314596736595,-0.209095,-20.031,0.0,-102.609,10.2976,4.77148,-0.209095,7185.48,-24.8341,-0.287058,0.0
61510.0,-22.891014596736596,-0.182742,-20.031,0.0,-29.9705,2.63532,5.07119,-0.182742,7162.2,-25.1991,-0.150428,0.0
61520.0,-23.020714596736596,-0.16955,-20.031,0.0,-12.9666,1.31922,5.20085,-0.16955,7155.3,-25.3518,-0.123417,0.0
61530.0,-23.043714596736596,-0.166545,-20.031,0.0,-2.30346,0.300533,5.22389,-0.166545,7154.44,-25.2228,-0.221315,0.0
61540.0,-23.044514596736597,-0.164096,-20.031,0.0,-0.0774914,0.244869,5.22466,-0.164096,7156.18,-25.3241,-0.213111,0.0
61550.0,-23.044514596736597,-0.160684,-20.031,0.0,0.0014999,0.341238,5.22465,-0.160684,7160.62,-25.2539,-0.198194,0.0
61560.0,-23.043814596736595,-0.159097,-20.031,0.0,0.0678142,0.158663,5.22397,-0.159097,7168.42,-25.2163,0.000295462,0.0
61570.0,-23.028514596736596,-0.162857,-20.031,0.0,1.52607,-0.375986,5.20871,-0.162857,7180.27,-25.2198,-0.180654,0.0
61580.0,-23.028614596736595,-0.166409,-20.031,0.0,-0.00989039,-0.35526,5.20881,-0.166409,7195.06,-25.2905,-0.126143,0.0
61590.0,-23.046814596736596,-0.167336,-20.031,0.0,-1.81947,-0.0926218,5.227,-0.167336,7208.2,-25.2601,-0.134556,0.0
61600.0,-23.071214596736596,-0.168373,-20.031,0.0,-2.43813,-0.103735,5.25138,-0.168373,7216.38,-25.2172,0.163241,0.0
61610.0,-23.079314596736598,-0.175736,-20.031,0.0,-0.814322,-0.736337,5.25953,-0.175736,7221.04,-25.2986,-0.249156,0.0
61620.0,-23.072714596736596,-0.192544,-20.031,0.0,0.660511,-1.68072,5.25292,-0.192544,7224.76,-25.2916,-0.296322,0.0
61630.0,-23.072914596736595,-0.216928,-20.031,0.0,-0.0121217,-2.43844,5.25304,-0.216928,7228.37,-25.2921,-0.18163,0.0
61640.0,-23.079414596736598,-0.243615,-20.031,0.0,-0.650449,-2.6687,5.25955,-0.243615,7231.56,-25.1921,-0.252869,0.0
61650.0,-23.055014596736598,-0.271341,-20.031,0.0,2.43891,-2.77265,5.23516,-0.271341,7234.12,-25.1549,-0.23245,0.0
61660.0,-23.006414596736597,-0.298821,-20.031,0.0,4.85421,-2.74797,5.18662,-0.298821,7237.11,-25.3091,-0.476181,0.0
61670.0,-22.964214596736596,-0.324776,-20.031,0.0,4.22615,-2.59547,5.14435,-0.324776,7242.54,-25.1379,-0.337585,0.0
61680.0,-22.955114596736596,-0.347412,-20.031,0.0,0.907078,-2.2636,5.13528,-0.347412,7251.49,-25.0339,-0.301705,0.0
61690.0,-22.954814596736597,-0.372541,-20.031,0.0,0.0315762,-2.51294,5.13497,-0.372541,7262.65,-25.1735,-0.399647,0.0
61700.0,-22.952814596736598,-0.403429,-20.031,0.0,0.197507,-3.0888,5.13299,-0.403429,7273.65,-25.1769,-0.465583,0.0
61710.0,-22.956914596736596,-0.432529,-20.031,0.0,-0.404513,-2.90998,5.13704,-0.432529,7284.05,-25.2439,-0.52934,0.0
61720.0,-22.957114596736595,-0.452366,-20.031,0.0,-0.0261176,-1.98373,5.1373,-0.452366,7294.86,-25.1669,-0.46788,0.0
61730.0,-22.957014596736595,-0.462176,-20.031,0.0,0.0069204,-0.980933,5.13723,-0.462176,7305.39,-25.1349,-0.358261,0.0
61740.0,-22.954514596736598,-0.466189,-20.031,0.0,0.250509,-0.401332,5.13472,-0.466189,7314.65,-25.1622,-0.330972,0.0
61750.0,-22.954414596736598,-0.466055,-20.031,0.0,0.0111383,0.0134038,5.13461,-0.466055,7323.96,-25.2116,-0.507418,0.0
61760.0,-22.954414596736598,-0.461964,-20.031,0.0,0.00173488,0.409123,5.1346,-0.461964,7334.99,-25.1281,-0.53529,0.0
61770.0,-22.954114596736595,-0.453532,-20.031,0.0,0.0354426,0.843193,5.13424,-0.453532,7348.13,-25.1705,-0.593457,0.0
61780.0,-22.946714596736598,-0.444034,-20.031,0.0,0.735513,0.949755,5.12689,-0.444034,7364.03,-25.2835,-0.409091,0.0
61790.0,-22.945414596736597,-0.431847,-20.031,0.0,0.129836,1.21876,5.12559,-0.431847,7382.08,-25.0161,-0.395109,0.0
61800.0,-22.957314596736598,-0.407395,-20.031,0.0,-1.18751,2.44519,5.13746,-0.407395,7397.82,-25.0413,-0.260133,0.0
61810.0,-22.976914596736595,-0.368005,-20.031,0.0,-1.96312,3.939,5.15709,-0.368005,7407.71,-25.2481,-0.133834,0.0
61820.0,-22.977614596736597,-0.332594,-20.031,0.0,-0.0694657,3.54106,5.15779,-0.332594,7413.87,-25.2978,-0.490897,0.0
61830.0,-22.977714596736597,-0.313378,-20.031,0.0,-0.00820998,1.92164,5.15787,-0.313378,7419.9,-25.2314,-0.155002,0.0
61840.0,-22.981414596736595,-0.307152,-20.031,0.0,-0.375559,0.62254,5.16163,-0.307152,7426.74,-25.3741,-0.506738,0.0
61850.0,-22.979914596736595,-0.306604,-20.031,0.0,0.156754,0.0548076,5.16006,-0.306604,7435.28,-25.1376,-0.199879,0.0
61860.0,-22.940214596736595,-0.312176,-20.031,0.0,3.97096,-0.557172,5.12035,-0.312176,7446.86,-25.1604,-0.240663,0.0
61870.0,-22.931314596736595,-0.313357,-20.031,0.0,0.882742,-0.118136,5.11152,-0.313357,7459.59,-25.1466,-0.376925,0.0
61880.0,-22.931314596736595,-0.31236,-20.031,0.0,0.000467806,0.099749,5.11152,-0.31236,7470.04,-25.0976,-0.32184,0.0
61890.0,-22.938514596736596,-0.308191,-20.031,0.0,-0.720579,0.416865,5.11872,-0.308191,7477.17,-25.1172,-0.314941,0.0
61900.0,-22.942314596736598,-0.302235,-20.031,0.0,-0.376234,0.59562,5.12249,-0.302235,7482.65,-25.2756,-0.330558,0.0
61910.0,-22.958014596736597,-0.293382,-20.031,0.0,-1.57049,0.88534,5.13819,-0.293382,7489.08,-25.2019,-0.227467,0.0
61920.0,-22.984614596736595,-0.282371,-20.031,0.0,-2.65554,1.10109,5.16475,-0.282371,7498.19,-25.3916,-0.441757,0.0
61930.0,-23.003014596736598,-0.272752,-20.031,0.0,-1.84193,0.961846,5.18317,-0.272752,7510.43,-25.1777,-0.260017,0.0
61940.0,-23.014414596736597,-0.265852,-20.031,0.0,-1.14047,0.690066,5.19457,-0.265852,7524.58,-25.2337,-0.140989,0.0
61950.0,-23.002914596736595,-0.265318,-20.031,0.0,1.14371,0.0533313,5.18313,-0.265318,7538.31,-25.1941,-0.169532,0.0
61960.0,-22.9847145967366,-0.269453,-20.031,0.0,1.82361,-0.41349,5.1649,-0.269453,7550.95,-25.287,-0.418974,0.0
61970.0,-22.961614596736595,-0.27693,-20.031,0.0,2.30605,-0.747644,5.14184,-0.27693,7563.71,-25.1335,-0.354209,0.0
61980.0,-22.917814596736598,-0.28948,-20.031,0.0,4.38377,-1.25508,5.098,-0.28948,7577.14,-25.029,-0.087497,0.0
61990.0,-22.899814596736597,-0.303108,-20.031,0.0,1.79778,-1.36275,5.08002,-0.303108,7590.75,-25.0629,-0.317592,0.0
62000.0,-22.898614596736596,-0.320332,-20.031,0.0,0.123481,-1.7224,5.07879,-0.320332,7604.02,-25.1226,-0.300057,0.0
62010.0,-22.885014596736596,-0.341694,-20.031,0.0,1.35667,-2.13625,5.06522,-0.341694,7616.24,-25.0702,-0.418406,0.0
62020.0,-22.886314596736597,-0.359256,-20.031,0.0,-0.131626,-1.75615,5.06654,-0.359256,7627.95,-25.2211,-0.552222,0.0
62030.0,-22.890614596736597,-0.373953,-20.031,0.0,-0.424598,-1.46973,5.07078,-0.373953,7640.52,-25.0858,-0.357866,0.0
62040.0,-22.890814596736597,-0.386062,-20.031,0.0,-0.0235691,-1.21082,5.07102,-0.386062,7652.97,-25.0941,-0.377943,0.0
62050.0,-22.890914596736597,-0.39237,-20.031,0.0,-0.00287428,-0.630871,5.07105,-0.39237,7664.15,-25.1106,-0.546605,0.0
62060.0,-22.890914596736597,-0.391871,-20.031,0.0,0.000227176,0.0499381,5.07104,-0.391871,7674.79,-25.1239,-0.436547,0.0
62070.0,-22.890814596736597,-0.387275,-20.031,0.0,0.00209231,0.459538,5.07102,-0.387275,7685.26,-25.0279,-0.477369,0.0
62080.0,-22.891114596736596,-0.382751,-20.031,0.0,-0.0284612,0.452407,5.07131,-0.382751,7695.42,-25.1496,-0.508834,0.0
62090.0,-22.897514596736595,-0.377881,-20.031,0.0,-0.636275,0.48702,5.07767,-0.377881,7705.67,-25.117,-0.363985,0.0
62100.0,-22.885914596736598,-0.37317,-20.031,0.0,1.15726,0.471094,5.0661,-0.37317,7715.58,-24.9975,-0.400917,0.0
62110.0,-22.906714596736595,-0.36071,-20.031,0.0,-2.0821,1.24601,5.08692,-0.36071,7723.91,-25.1304,-0.346621,0.0
62120.0,-22.913014596736595,-0.347052,-20.031,0.0,-0.625166,1.36578,5.09317,-0.347052,7730.5,-25.0164,-0.107638,0.0
62130.0,-22.931314596736595,-0.328316,-20.031,0.0,-1.83647,1.87363,5.11154,-0.328316,7737.17,-25.1751,-0.295743,0.0
62140.0,-22.973914596736595,-0.306607,-20.031,0.0,-4.25898,2.17087,5.15412,-0.306607,7745.96,-25.3017,-0.521408,0.0
62150.0,-23.023014596736598,-0.290969,-20.031,0.0,-4.90154,1.56383,5.20314,-0.290969,7756.1,-25.2563,-0.458951,0.0
62160.0,-23.035414596736597,-0.289638,-20.031,0.0,-1.24451,0.133157,5.21559,-0.289638,7765.52,-25.178,-0.24677,0.0
62170.0,-23.035914596736596,-0.300249,-20.031,0.0,-0.0501714,-1.06113,5.21609,-0.300249,7774.43,-25.2544,-0.236343,0.0
62180.0,-23.036314596736595,-0.320749,-20.031,0.0,-0.0401174,-2.05001,5.21649,-0.320749,7783.84,-25.2439,-0.118819,0.0
62190.0,-23.043314596736597,-0.344691,-20.031,0.0,-0.699546,-2.3942,5.22348,-0.344691,7792.93,-25.235,-0.435511,0.0
62200.0,-23.038214596736598,-0.366857,-20.031,0.0,0.505166,-2.21655,5.21843,-0.366857,7801.35,-25.3273,-0.42849,0.0
62210.0,-23.052014596736598,-0.377861,-20.031,0.0,-1.37152,-1.10043,5.23215,-0.377861,7810.47,-25.3815,-0.470444,0.0
62220.0,-23.058214596736597,-0.382814,-20.031,0.0,-0.620658,-0.4953,5.23835,-0.382814,7820.14,-25.2423,-0.392595,0.0
62230.0,-23.057614596736595,-0.385709,-20.031,0.0,0.0599985,-0.289506,5.23775,-0.385709,7829.55,-25.3555,-0.298852,0.0
62240.0,-23.038114596736598,-0.390005,-20.031,0.0,1.94939,-0.429636,5.21826,-0.390005,7839.94,-25.1377,-0.375784,0.0
62250.0,-23.037514596736596,-0.390902,-20.031,0.0,0.0608305,-0.089714,5.21765,-0.390902,7851.44,-25.2663,-0.317221,0.0
62260.0,-23.042514596736595,-0.390667,-20.031,0.0,-0.504992,0.0235246,5.2227,-0.390667,7862.2,-25.1892,-0.39373,0.0
62270.0,-23.030214596736595,-0.39313,-20.031,0.0,1.23465,-0.246295,5.21036,-0.39313,7871.63,-25.2424,-0.396831,0.0
62280.0,-23.020414596736597,-0.39592,-20.031,0.0,0.976153,-0.27897,5.20059,-0.39592,7880.84,-25.2783,-0.387203,0.0
62290.0,-23.019414596736596,-0.398282,-20.031,0.0,0.102472,-0.236174,5.19957,-0.398282,7890.55,-25.2266,-0.406517,0.0
62300.0,-23.019114596736596,-0.401637,-20.031,0.0,0.0235203,-0.33554,5.19933,-0.401637,7900.36,-25.2428,-0.505504,0.0
62310.0,-23.014114596736597,-0.407391,-20.031,0.0,0.50146,-0.575365,5.19432,-0.407391,7909.08,-25.1532,-0.545041,0.0
62320.0,-23.014114596736597,-0.414024,-20.031,0.0,0.00348591,-0.663307,5.19428,-0.414024,7915.73,-25.2203,-0.365931,0.0
62330.0,-23.017514596736596,-0.419521,-20.031,0.0,-0.336026,-0.549741,5.19764,-0.419521,7920.96,-25.1245,-0.487788,0.0
62340.0,-23.010914596736598,-0.423648,-20.031,0.0,0.657681,-0.412694,5.19107,-0.423648,7926.63,-25.3255,-0.388257,0.0
62350.0,-23.003614596736597,-0.425624,-20.031,0.0,0.728204,-0.197605,5.18379,-0.425624,7933.61,-25.3032,-0.368714,0.0
62360.0,-22.998814596736597,-0.426445,-20.031,0.0,0.48393,-0.0820751,5.17895,-0.426445,7941.18,-25.2006,-0.410074,0.0
62370.0,-23.016914596736598,-0.423972,-20.031,0.0,-1.81785,0.247289,5.19712,-0.423972,7948.46,-25.1054,-0.458363,0.0
62380.0,-23.016914596736598,-0.424063,-20.031,0.0,-3.54199e-05,-0.00912097,5.19713,-0.424063,7955.82,-25.2173,-0.473231,0.0
62390.0,-22.998514596736598,-0.427228,-20.031,0.0,1.84108,-0.316459,5.17871,-0.427228,7963.85,-25.2492,-0.490977,0.0
62400.0,-22.996614596736595,-0.42995,-20.031,0.0,0.191251,-0.272203,5.1768,-0.42995,7971.68,-25.2559,-0.347876,0.0
62410.0,-22.968514596736597,-0.439841,-20.031,0.0,2.81281,-0.989118,5.14867,-0.439841,7978.56,-25.1537,-0.4226,0.0
62420.0,-22.902014596736596,-0.460413,0.0,0.0,6.64574,-2.0572,-25.1132,-0.460413,7985.64,-25.0634,-0.423575,0.0
62430.0,-22.863514596736596,-0.484722,0.0,0.0,3.84872,-2.43092,-25.0747,-0.484722,7993.72,-24.9491,-0.498373,0.0
62440.0,-22.856114596736596,-0.513218,0.0,0.0,0.743574,-2.84956,-25.0673,-0.513218,8000.78,-25.1053,-0.669087,0.0
62450.0,-22.854514596736596,-0.54627,0.0,0.0,0.16365,-3.30525,-25.0657,-0.54627,8005.05,-25.0772,-0.604292,0.0
62460.0,-22.820014596736595,-0.580269,0.0,0.0,3.44483,-3.39988,-25.0312,-0.580269,8008.27,-24.9889,-0.600764,0.0
62470.0,-22.815414596736595,-0.598601,0.0,0.0,0.465372,-1.8332,-25.0266,-0.598601,8013.62,-25.1022,-0.338197,0.0
62480.0,-22.740214596736596,-0.615845,0.0,0.0,7.51185,-1.72439,-24.9514,-0.615845,8023.13,-24.8736,-0.7033,0.0
62490.0,-22.691614596736596,-0.624187,0.0,0.0,4.86967,-0.83419,-24.9028,-0.624187,8038.12,-24.9135,-0.761804,0.0
62500.0,-22.626014596736596,-0.628031,0.0,0.0,6.55864,-0.384463,-24.8372,-0.628031,8063.03,-24.9097,-0.544173,0.0
62510.0,-21.519014596736596,-0.733626,0.0,0.0,110.699,-10.5594,-23.7302,-0.733626,8111.75,-22.5646,-1.27176,0.0
62520.0,-20.283514596736598,-0.735259,0.0,0.0,123.545,-0.163354,-22.4947,-0.735259,8210.9,-22.5646,-1.27176,2.0
62530.0,-17.369114596736598,-0.714171,0.0,0.0,291.439,2.10884,-19.5803,-0.714171,8365.43,-10.4252,-1.38895,0.0
62540.0,-10.835514596736596,-0.809599,0.0,0.0,653.361,-9.54278,-13.0467,-0.809599,8519.41,-8.85997,0.00327188,0.0
62550.0,-6.824084596736597,-0.673574,0.0,0.0,401.146,13.6025,-9.03527,-0.673574,8613.13,-8.33277,-0.388404,0.0
62560.0,-6.486554596736596,-0.487383,0.0,0.0,33.7524,18.6191,-8.69774,-0.487383,8650.4,-8.79883,-0.47825,0.0
62570.0,-6.123874596736597,-0.448144,0.0,0.0,36.2685,3.92391,-8.33506,-0.448144,8664.24,-7.86226,-0.433372,0.0
62580.0,-5.795134596736597,-0.458693,0.0,0.0,32.874,-1.05488,-8.00632,-0.458693,8671.62,-7.82436,-0.451618,0.0
62590.0,-5.6525045967365966,-0.473841,0.0,0.0,14.2628,-1.51482,-7.86369,-0.473841,8676.37,-7.7178,-0.378845,0.0
62600.0,-5.574064596736596,-0.496582,0.0,0.0,7.84431,-2.27416,-7.78525,-0.496582,8679.93,-7.9015,-0.55322,0.0
62610.0,-5.524984596736598,-0.527026,0.0,0.0,4.90749,-3.04436,-7.73617,-0.527026,8682.71,-7.7571,-0.482737,0.0
62620.0,-5.509404596736596,-0.558643,0.0,0.0,1.55807,-3.16168,-7.72059,-0.558643,8684.92,-7.71527,-0.608671,0.0
62630.0,-5.501284596736596,-0.587301,0.0,0.0,0.812395,-2.86584,-7.71247,-0.587301,8687.74,-7.7168,-0.7873,0.0
62640.0,-5.496844596736597,-0.613291,0.0,0.0,0.443552,-2.59898,-7.70803,-0.613291,8691.91,-7.70942,-0.56914,0.0
62650.0,-5.4644645967365975,-0.640588,0.0,0.0,3.2386,-2.72967,-7.67565,-0.640588,8696.85,-7.5711,-0.62906,0.0
62660.0,-5.461514596736597,-0.663503,0.0,0.0,0.294428,-2.29149,-7.6727,-0.663503,8702.45,-7.46037,-0.301827,0.0
62670.0,-5.397444596736596,-0.681244,0.0,0.0,6.40692,-1.77413,-7.60863,-0.681244,8709.31,-7.57846,-0.822881,0.0
62680.0,-5.360994596736598,-0.686623,0.0,0.0,3.64498,-0.537907,-7.57218,-0.686623,8716.65,-7.77098,-0.813289,0.0
62690.0,-5.339424596736597,-0.684329,0.0,0.0,2.15727,0.22941,-7.55061,-0.684329,8724.12,-7.53605,-0.704425,0.0
62700.0,-5.266444596736598,-0.680667,0.0,0.0,7.29828,0.366146,-7.47763,-0.680667,8733.3,-7.43415,-0.691746,0.0
62710.0,-5.0025645967365975,-0.676887,0.0,0.0,26.3877,0.378078,-7.21375,-0.676887,8744.8,-6.72802,-0.805334,0.0
62720.0,-3.7589145967365973,-0.707121,0.0,0.0,124.365,-3.02343,-5.9701,-0.707121,8756.94,-3.05286,-0.749867,0.0
62730.0,-2.000754596736597,-0.746582,0.0,0.0,175.816,-3.9461,-4.21194,-0.746582,8767.23,-2.83728,-0.859963,0.0
62740.0,-1.1917945967365968,-0.739071,0.0,0.0,80.896,0.751086,-3.40298,-0.739071,8774.5,-3.81115,-0.602,0.0
62750.0,-1.0503145967365968,-0.709523,0.0,0.0,14.1479,2.95476,-3.2615,-0.709523,8779.76,-3.3084,-0.658294,0.0
62760.0,-0.9820445967365967,-0.687791,0.0,0.0,6.82762,2.17324,-3.19323,-0.687791,8784.23,-3.21045,-0.757434,0.0
62770.0,-0.9328345967365967,-0.676929,0.0,0.0,4.92059,1.08617,-3.14402,-0.676929,8788.13,-3.05315,-0.651205,0.0
62780.0,-0.8908545967365971,-0.673408,0.0,0.0,4.19801,0.352135,-3.10204,-0.673408,8791.16,-3.04807,-0.586427,0.0
62790.0,-0.8758845967365971,-0.672178,0.0,0.0,1.49724,0.122997,-3.08707,-0.672178,8792.19,-3.10864,-0.673639,0.0
62800.0,-0.8570745967365969,-0.673176,0.0,0.0,1.88092,-0.0997556,-3.06826,-0.673176,8790.17,-3.09524,-0.703543,0.0
62810.0,-0.8378645967365967,-0.676533,0.0,0.0,1.9214,-0.335735,-3.04905,-0.676533,8785.64,-2.87587,-0.843622,0.0
62820.0,-0.7741345967365971,-0.684626,0.0,0.0,6.37256,-0.809342,-2.98532,-0.684626,8780.9,-2.93978,-0.574124,0.0
62830.0,-0.734114596736597,-0.692311,0.0,0.0,4.00219,-0.768436,-2.9453,-0.692311,8777.4,-2.84711,-0.703827,0.0
62840.0,-0.7268945967365967,-0.695469,0.0,0.0,0.722317,-0.315817,-2.93808,-0.695469,8774.51,-2.95826,-0.775072,0.0
62850.0,-0.7218245967365968,-0.693135,0.0,0.0,0.506147,0.233384,-2.93301,-0.693135,8771.41,-2.92452,-0.603648,0.0
62860.0,-0.6818045967365971,-0.685693,0.0,0.0,4.00287,0.744185,-2.89299,-0.685693,8768.08,-2.94256,-0.785531,0.0
62870.0,-0.7199845967365968,-0.67008,0.0,0.0,-3.81809,1.56134,-2.93117,-0.67008,8763.93,-2.84339,-0.728411,0.0
62880.0,-0.7190345967365968,-0.655405,0.0,0.0,0.0944797,1.46744,-2.93022,-0.655405,8757.5,-2.84028,-0.685077,0.0
62890.0,-0.7156445967365967,-0.642182,0.0,0.0,0.339178,1.32235,-2.92683,-0.642182,8747.71,-2.99312,-0.72568,0.0
62900.0,-0.6731645967365969,-0.636218,0.0,0.0,4.2478,0.596387,-2.88435,-0.636218,8735.04,-2.86443,-0.562781,0.0
62910.0,-0.6705245967365969,-0.635968,0.0,0.0,0.264496,0.0249683,-2.88171,-0.635968,8722.74,-3.05722,-0.573796,0.0
62920.0,-0.6503045967365968,-0.638878,0.0,0.0,2.02153,-0.290959,-2.86149,-0.638878,8713.94,-2.76956,-0.522431,0.0
62930.0,-0.5886245967365968,-0.641129,0.0,0.0,6.16771,-0.225139,-2.79981,-0.641129,8708.2,-2.75035,-0.592249,0.0
62940.0,-0.5758545967365971,-0.636893,0.0,0.0,1.27744,0.423604,-2.78704,-0.636893,8703.63,-2.95704,-0.63007,0.0
62950.0,-0.5641945967365971,-0.629103,0.0,0.0,1.16599,0.778987,-2.77538,-0.629103,8699.7,-2.8233,-0.703412,0.0
62960.0,-0.5517345967365967,-0.622424,0.0,0.0,1.24625,0.66798,-2.76292,-0.622424,8696.68,-2.78513,-0.789566,0.0
62970.0,-0.541544596736597,-0.619817,0.0,0.0,1.01848,0.260672,-2.75273,-0.619817,8694.24,-2.69723,-0.674258,0.0
62980.0,-0.5257845967365968,-0.619741,0.0,0.0,1.57651,0.00756992,-2.73697,-0.619741,8690.75,-2.73586,-0.759513,0.0
62990.0,-0.524594596736597,-0.618428,0.0,0.0,0.118994,0.131275,-2.73578,-0.618428,8684.25,-2.735,-0.544495,0.0
63000.0,-0.5243645967365969,-0.615538,0.0,0.0,0.0226992,0.289037,-2.73555,-0.615538,8675.01,-2.88862,-0.581277,0.0
63010.0,-0.5240745967365967,-0.611449,0.0,0.0,0.0294937,0.408931,-2.73526,-0.611449,8665.46,-2.73894,-0.624531,0.0
63020.0,-0.5227745967365971,-0.606903,0.0,0.0,0.129824,0.4546,-2.73396,-0.606903,8656.71,-2.86353,-0.671348,0.0
63030.0,-0.49928459673659686,-0.604134,0.0,0.0,2.34875,0.27688,-2.71047,-0.604134,8647.96,-2.68201,-0.57763,0.0
63040.0,-0.4706445967365971,-0.603086,0.0,0.0,2.86351,0.104839,-2.68183,-0.603086,8639.1,-2.63681,-0.541438,0.0
63050.0,-0.4630045967365968,-0.601039,0.0,0.0,0.764266,0.204663,-2.67419,-0.601039,8630.9,-2.67645,-0.665392,0.0
63060.0,-0.44333459673659714,-0.596694,0.0,0.0,1.96693,0.43452,-2.65452,-0.596694,8623.71,-2.60121,-0.739028,0.0
63070.0,-0.4331845967365968,-0.589937,0.0,0.0,1.01497,0.675651,-2.64437,-0.589937,8617.96,-2.69364,-0.510578,0.0
63080.0,-0.43247459673659705,-0.585475,0.0,0.0,0.0711397,0.446199,-2.64366,-0.585475,8614.32,-2.60352,-0.619195,0.0
63090.0,-0.4339145967365967,-0.586034,0.0,0.0,-0.14412,-0.055922,-2.6451,-0.586034,8612.48,-2.64638,-0.515574,0.0
63100.0,-0.4679545967365968,-0.587718,0.0,0.0,-3.40337,-0.168355,-2.67914,-0.587718,8611.21,-2.81055,-0.634098,0.0
63110.0,-0.5155945967365971,-0.587172,0.0,0.0,-4.76431,0.0546174,-2.72678,-0.587172,8609.58,-2.76298,-0.640587,0.0
63120.0,-0.5177045967365967,-0.588303,0.0,0.0,-0.211499,-0.113103,-2.72889,-0.588303,8606.98,-2.85226,-0.508033,0.0
63130.0,-0.5179745967365967,-0.592147,0.0,0.0,-0.0268358,-0.384451,-2.72916,-0.592147,8602.22,-2.74206,-0.445797,0.0
63140.0,-0.517134596736597,-0.596064,0.0,0.0,0.0842688,-0.391636,-2.72832,-0.596064,8595.01,-2.65463,-0.737187,0.0
63150.0,-0.4952745967365968,-0.598361,0.0,0.0,2.18608,-0.229707,-2.70646,-0.598361,8587.89,-2.63862,-0.680238,0.0
63160.0,-0.46598459673659676,-0.598325,0.0,0.0,2.92907,0.00353422,-2.67717,-0.598325,8583.07,-2.83633,-0.534668,0.0
63170.0,-0.43618459673659693,-0.594498,0.0,0.0,2.97998,0.382795,-2.64737,-0.594498,8579.91,-2.76733,-0.605686,0.0
63180.0,-0.4278945967365968,-0.585828,0.0,0.0,0.829024,0.866975,-2.63908,-0.585828,8577.56,-2.65522,-0.68831,0.0
63190.0,-0.403994596736597,-0.577792,0.0,0.0,2.38991,0.803536,-2.61518,-0.577792,8575.74,-2.58624,-0.620923,0.0
63200.0,-0.3732545967365968,-0.573468,0.0,0.0,3.07387,0.432454,-2.58444,-0.573468,8573.17,-2.46984,-0.538388,0.0
63210.0,-0.37128459673659675,-0.571433,0.0,0.0,0.196976,0.20348,-2.58247,-0.571433,8567.13,-2.57933,-0.506737,0.0
63220.0,-0.359324596736597,-0.571819,0.0,0.0,1.19573,-0.0385828,-2.57051,-0.571819,8555.32,-2.52677,-0.502157,0.0
63230.0,-0.35923459673659686,-0.571277,0.0,0.0,0.0098152,0.0541656,-2.57042,-0.571277,8538.07,-2.65609,-0.554789,0.0
63240.0,-0.3622945967365969,-0.569462,0.0,0.0,-0.30642,0.181526,-2.57348,-0.569462,8517.15,-2.54517,-0.64813,0.0
63250.0,-0.35562459673659674,-0.56681,0.0,0.0,0.667125,0.265194,-2.56681,-0.56681,8493.71,-2.54646,-0.577651,0.0
63260.0,-0.3457845967365971,-0.556426,0.0,0.0,0.984235,1.03839,-2.55697,-0.556426,8467.27,-2.64406,-0.685865,0.0
63270.0,-0.13102459673659705,-0.531831,0.0,0.0,21.4761,2.45952,-2.34221,-0.531831,8438.44,-2.16718,-0.738146,0.0
63280.0,0.17921540326340324,-0.484138,0.0,0.0,31.0236,4.76932,-2.03197,-0.484138,8412.36,-1.66253,-0.370899,0.0
63290.0,0.42608540326340316,-0.432649,0.0,0.0,24.6867,5.14889,-1.7851,-0.432649,8390.15,-1.50746,-0.280023,0.0
63300.0,0.550275403263403,-0.401858,0.0,0.0,12.4192,3.07904,-1.66091,-0.401858,8363.09,-1.65078,-0.563535,0.0
63310.0,0.5680554032634031,-0.390105,0.0,0.0,1.77829,1.17537,-1.64313,-0.390105,8326.96,-1.52234,-0.355025,0.0
63320.0,0.607465403263403,-0.388698,0.0,0.0,3.94072,0.140652,-1.60372,-0.388698,8290.34,-1.66078,-0.396481,0.0
63330.0,0.646335403263403,-0.389749,0.0,0.0,3.88738,-0.105085,-1.56485,-0.389749,8259.51,-1.49305,-0.381731,0.0
63340.0,0.657115403263403,-0.390424,0.0,0.0,1.07739,-0.0675358,-1.55407,-0.390424,8228.95,-1.59728,-0.488317,0.0
63350.0,0.6594354032634031,-0.391407,0.0,0.0,0.232427,-0.0982121,-1.55175,-0.391407,8191.99,-1.55409,-0.446449,0.0
63360.0,0.7066254032634032,-0.394757,0.0,0.0,4.7186,-0.335032,-1.50456,-0.394757,8151.27,-1.39359,-0.315068,0.0
63370.0,0.755205403263403,-0.398567,0.0,0.0,4.85817,-0.381021,-1.45598,-0.398567,8115.31,-1.34076,-0.468815,0.0
63380.0,0.759435403263403,-0.401937,0.0,0.0,0.423416,-0.336954,-1.45175,-0.401937,8086.43,-1.44626,-0.226001,0.0
63390.0,0.7589554032634032,-0.4069,0.0,0.0,-0.0482357,-0.49635,-1.45223,-0.4069,8059.82,-1.4453,-0.353238,0.0
63400.0,0.7536554032634031,-0.41265,0.0,0.0,-0.530266,-0.574956,-1.45753,-0.41265,8033.74,-1.62444,-0.506809,0.0
63410.0,0.753205403263403,-0.418528,0.0,0.0,-0.0444639,-0.587788,-1.45798,-0.418528,8009.54,-1.33973,-0.29759,0.0
63420.0,0.758995403263403,-0.423314,0.0,0.0,0.578864,-0.478612,-1.45219,-0.423314,7987.14,-1.50845,-0.469879,0.0
63430.0,0.7898254032634031,-0.427379,0.0,0.0,3.08243,-0.406484,-1.42136,-0.427379,7966.05,-1.43653,-0.578152,0.0
63440.0,0.8314054032634031,-0.430438,0.0,0.0,4.15808,-0.305973,-1.37978,-0.430438,7945.25,-1.31816,-0.431961,0.0
63450.0,0.870065403263403,-0.43211,0.0,0.0,3.86588,-0.167183,-1.34112,-0.43211,7922.15,-1.24687,-0.439722,0.0
63460.0,0.896405403263403,-0.430824,0.0,0.0,2.63465,0.128629,-1.31478,-0.430824,7896.23,-1.24241,-0.314743,0.0
63470.0,0.898165403263403,-0.421965,0.0,0.0,0.17573,0.885835,-1.31302,-0.421965,7872.13,-1.30947,-0.4328,0.0
63480.0,0.8983154032634031,-0.402914,0.0,0.0,0.0150535,1.90518,-1.31287,-0.402914,7853.4,-1.30796,-0.297881,0.0
63490.0,0.8707354032634032,-0.377093,0.0,0.0,-2.75774,2.5821,-1.34045,-0.377093,7837.88,-1.37916,-0.331361,0.0
63500.0,0.870955403263403,-0.357203,0.0,0.0,0.0213523,1.98894,-1.34023,-0.357203,7822.68,-1.50937,-0.457585,0.0
63510.0,0.871905403263403,-0.346668,0.0,0.0,0.0949514,1.05354,-1.33928,-0.346668,7806.79,-1.35417,-0.348075,0.0
63520.0,0.877155403263403,-0.340871,0.0,0.0,0.525262,0.579723,-1.33403,-0.340871,7790.3,-1.29306,-0.199219,0.0
63530.0,0.911185403263403,-0.335935,0.0,0.0,3.40354,0.493562,-1.3,-0.335935,7774.75,-1.17535,-0.197512,0.0
63540.0,0.939145403263403,-0.331051,0.0,0.0,2.79561,0.488388,-1.27204,-0.331051,7761.11,-1.28425,-0.283112,0.0
63550.0,0.9634554032634031,-0.328136,0.0,0.0,2.43095,0.291555,-1.24773,-0.328136,7748.87,-1.32916,-0.473695,0.0
63560.0,0.9937354032634031,-0.327101,0.0,0.0,3.0275,0.103415,-1.21745,-0.327101,7738.96,-1.20707,-0.310749,0.0
63570.0,1.007915403263403,-0.325355,0.0,0.0,1.41811,0.174639,-1.20327,-0.325355,7732.83,-1.10393,-0.409104,0.0
63580.0,1.0903954032634031,-0.322576,0.0,0.0,8.24804,0.277947,-1.12079,-0.322576,7729.26,-1.16541,-0.344816,0.0
63590.0,1.4274264032634032,-0.319432,0.0,0.0,33.7034,0.314402,-0.783759,-0.319432,7725.5,0.0229044,-0.48022,0.0
63600.0,2.488579403263403,-0.328966,0.0,0.0,106.115,-0.953468,0.277394,-0.328966,7720.42,2.08902,-0.134937,0.0
63610.0,3.966525403263403,-0.342583,0.0,0.0,147.795,-1.36172,1.75534,-0.342583,7715.41,2.94578,-0.333653,0.0
63620.0,4.766175403263404,-0.334789,0.0,0.0,79.9646,0.779432,2.55499,-0.334789,7712.17,2.452,-0.334279,0.0
63630.0,4.887085403263403,-0.31212,0.0,0.0,12.0914,2.2669,2.6759,-0.31212,7710.64,2.59414,-0.267711,0.0
63640.0,4.929805403263403,-0.289493,0.0,0.0,4.27237,2.26271,2.71862,-0.289493,7709.78,2.70053,-0.390257,0.0
63650.0,4.9338554032634026,-0.266523,0.0,0.0,0.404913,2.29696,2.72267,-0.266523,7708.89,2.76091,-0.202777,0.0
63660.0,4.946905403263403,-0.24344,0.0,0.0,1.30453,2.30832,2.73572,-0.24344,7707.37,2.79756,-0.285779,0.0
63670.0,4.970245403263403,-0.217987,0.0,0.0,2.33395,2.54527,2.75906,-0.217987,7705.07,2.61799,-0.157932,0.0
63680.0,4.9849754032634035,-0.194413,0.0,0.0,1.47295,2.3575,2.77379,-0.194413,7702.54,2.89873,-0.150183,0.0
63690.0,5.015085403263403,-0.180321,0.0,0.0,3.01098,1.40912,2.8039,-0.180321,7700.28,2.90161,0.0286216,0.0
63700.0,5.038615403263403,-0.175142,0.0,0.0,2.35343,0.517903,2.82743,-0.175142,7698.46,2.7629,-0.190499,0.0
63710.0,5.0669954032634035,-0.175794,0.0,0.0,2.8376,-0.065177,2.85581,-0.175794,7697.27,2.91401,0.0317122,0.0
63720.0,5.066595403263403,-0.180335,0.0,0.0,-0.0392057,-0.454145,2.85541,-0.180335,7696.6,2.6852,-0.167398,0.0
63730.0,5.038825403263403,-0.189482,0.0,0.0,-2.77764,-0.914644,2.82764,-0.189482,7695.95,2.92645,0.0407373,0.0
63740.0,5.049485403263403,-0.202661,0.0,0.0,1.0662,-1.31793,2.8383,-0.202661,7694.96,2.89651,-0.251293,0.0
63750.0,5.067675403263403,-0.213553,0.0,0.0,1.81875,-1.08917,2.85649,-0.213553,7693.91,2.71557,-0.383329,0.0
63760.0,5.0764254032634035,-0.219044,0.0,0.0,0.875443,-0.54911,2.86524,-0.219044,7693.21,2.93808,-0.212578,0.0
63770.0,5.068635403263404,-0.22073,0.0,0.0,-0.779137,-0.168582,2.85745,-0.22073,7692.89,2.79364,-0.228444,0.0
63780.0,5.0682154032634035,-0.221486,0.0,0.0,-0.0418133,-0.0756272,2.85703,-0.221486,7692.72,3.02494,-0.248242,0.0
63790.0,5.068595403263403,-0.221152,0.0,0.0,0.0381731,0.0334516,2.85741,-0.221152,7692.6,2.77339,-0.133554,0.0
63800.0,5.077595403263404,-0.218551,0.0,0.0,0.899493,0.260029,2.86641,-0.218551,7692.59,2.90245,-0.220388,0.0
63810.0,5.095095403263404,-0.210592,0.0,0.0,1.7501,0.795938,2.88391,-0.210592,7692.82,2.94352,-0.112019,0.0
63820.0,5.089015403263403,-0.193259,0.0,0.0,-0.608317,1.73331,2.87783,-0.193259,7693.24,2.72562,-0.25005,0.0
63830.0,5.082485403263403,-0.168201,0.0,0.0,-0.652835,2.50575,2.8713,-0.168201,7693.67,2.94066,-0.268901,0.0
63840.0,5.044655403263404,-0.139477,0.0,0.0,-3.78286,2.87241,2.83347,-0.139477,7693.97,2.72684,-0.284609,0.0
63850.0,5.068285403263403,-0.115246,0.0,0.0,2.36302,2.42316,2.8571,-0.115246,7693.97,2.84587,-0.00678833,0.0
63860.0,5.0292954032634025,-0.0905291,0.0,0.0,-3.89881,2.47165,2.81811,-0.0905291,7693.68,2.82155,0.0463623,0.0
63870.0,5.014785403263403,-0.0594072,0.0,0.0,-1.45148,3.11218,2.8036,-0.0594072,7693.01,2.92239,0.166072,0.0
63880.0,5.011505403263403,-0.0199197,0.0,0.0,-0.327284,3.94875,2.80032,-0.0199197,7691.38,2.75583,-0.0940035,0.0
63890.0,4.960765403263403,0.0176355,0.0,0.0,-5.07451,3.75552,2.74958,0.0176355,7687.94,2.65069,0.0436364,0.0
63900.0,4.9069454032634034,0.0420414,0.0,0.0,-5.38191,2.44059,2.69576,0.0420414,7683.1,2.61299,0.0225388,0.0
63910.0,4.8714254032634035,0.0558986,-20.031,0.0,-3.55252,1.38572,-22.6912,0.0558986,7677.93,2.582,-0.0506476,0.0
63920.0,4.857765403263404,0.0663733,-20.031,0.0,-1.36553,1.04747,-22.6776,0.0663733,7672.28,2.69461,0.201653,0.0
63930.0,4.859145403263403,0.0789793,-20.031,0.0,0.138129,1.2606,-22.679,0.0789793,7666.01,2.58828,0.0712655,0.0
63940.0,4.881205403263403,0.0982688,-20.031,0.0,2.20546,1.92894,-22.701,0.0982688,7659.8,2.72355,-0.0683206,0.0
63950.0,4.896745403263403,0.123536,-20.031,0.0,1.55448,2.52676,-22.7166,0.123536,7653.73,2.62869,0.0967412,0.0
63960.0,4.886305403263403,0.14572,-20.031,0.0,-1.04443,2.21839,-22.7061,0.14572,7646.35,2.76191,0.181787,0.0
63970.0,4.889915403263403,0.156985,-20.031,0.0,0.361107,1.12645,-22.7097,0.156985,7636.79,2.80981,0.158556,0.0
63980.0,4.889795403263403,0.161013,-20.031,0.0,-0.0114155,0.402867,-22.7096,0.161013,7627.17,2.64812,0.15999,0.0
63990.0,4.876275403263403,0.164531,-20.031,0.0,-1.35205,0.351776,-22.6961,0.164531,7620.19,2.68473,0.335748,0.0
64000.0,4.873365403263403,0.170122,-20.031,0.0,-0.291015,0.559103,-22.6932,0.170122,7615.98,2.78893,0.273116,0.0
64010.0,4.8668254032634035,0.177468,-20.031,0.0,-0.654402,0.734603,-22.6867,0.177468,7613.19,2.58614,-0.0295274,0.0
64020.0,4.874415403263403,0.183582,-20.031,0.0,0.759556,0.611336,-22.6942,0.183582,7611.23,2.69883,0.185679,0.0
64030.0,4.8779454032634035,0.188345,-20.031,0.0,0.352257,0.476322,-22.6978,0.188345,7610.16,2.63406,0.186164,0.0
64040.0,4.945905403263403,0.189568,-20.031,0.0,6.79666,0.122305,-22.7657,0.189568,7609.69,2.80212,0.220692,0.0
64050.0,5.0512754032634035,0.185957,-20.031,0.0,10.5368,-0.36113,-22.8711,0.185957,7609.35,2.9064,0.427812,0.0
64060.0,5.107285403263403,0.17689,-20.031,0.0,5.60045,-0.906606,-22.9271,0.17689,7609.0,2.95847,0.441653,0.0
64070.0,5.132245403263403,0.150376,-20.031,0.0,2.49667,-2.6514,-22.9521,0.150376,7608.22,2.75615,0.109687,0.0
64080.0,5.187875403263403,0.0753243,-20.031,0.0,5.56248,-7.50522,-23.0077,0.0753243,7605.41,2.99809,0.253486,0.0
64090.0,5.7950354032634035,-0.097707,-20.031,0.0,60.7167,-17.3031,-23.6149,-0.097707,7597.49,4.07129,-0.259034,0.0
64100.0,7.814045403263403,-0.385971,-20.031,0.0,201.901,-28.8264,-25.6339,-0.385971,7582.74,9.8065,-0.714868,0.0
64110.0,12.121655403263404,-0.734683,-20.031,0.0,430.761,-34.8712,-29.9415,-0.734683,7564.27,15.5005,-0.887708,0.0
64120.0,18.496185403263404,-1.03611,-20.031,0.0,637.456,-30.1426,-36.316,-1.03611,7547.27,19.9463,-1.40395,0.0
64130.0,22.719485403263402,-1.23506,-20.031,0.0,422.323,-19.8953,-40.5393,-1.23506,7533.53,21.3434,-1.70036,0.0
64140.0,23.471985403263403,-1.38601,-20.031,0.0,75.2509,-15.0946,-41.2918,-1.38601,7522.09,21.1859,-1.99745,0.0
64150.0,23.517885403263403,-1.4801,-20.031,0.0,4.59224,-9.40918,-41.3377,-1.4801,7513.27,21.8465,-2.06791,0.0
64160.0,23.545085403263403,-1.53516,-20.031,0.0,2.72017,-5.50617,-41.3649,-1.53516,7508.1,21.2383,-1.52281,0.0
64170.0,23.633785403263403,-1.57041,-20.031,0.0,8.87378,-3.52466,-41.4536,-1.57041,7505.79,21.5247,-1.35854,0.0
64180.0,23.761085403263404,-1.5923,-20.031,0.0,12.7263,-2.18949,-41.5809,-1.5923,7504.97,21.7294,-1.71282,0.0
64190.0,23.768085403263402,-1.60678,-20.031,0.0,0.696175,-1.44726,-41.5879,-1.60678,7505.08,21.5897,-1.5713,0.0
64200.0,23.775185403263404,-1.61526,-20.031,0.0,0.71648,-0.847988,-41.595,-1.61526,7506.1,21.5197,-1.71103,0.0
64210.0,23.775185403263404,-1.61897,-20.031,0.0,-0.00337274,-0.371553,-41.595,-1.61897,7507.64,21.5552,-1.53477,0.0
64220.0,23.775885403263402,-1.62007,-20.031,0.0,0.0715054,-0.110072,-41.5957,-1.62007,7508.92,21.5601,-1.64408,0.0
64230.0,23.774885403263404,-1.62086,-20.031,0.0,-0.104698,-0.0790625,-41.5947,-1.62086,7509.88,21.5837,-1.59749,0.0
64240.0,23.772085403263404,-1.6226,-20.031,0.0,-0.275895,-0.173339,-41.5919,-1.6226,7511.0,21.5653,-1.6322,0.0
64250.0,23.774185403263402,-1.62622,-20.031,0.0,0.214676,-0.362605,-41.5941,-1.62622,7513.06,21.5594,-1.54951,0.0
64260.0,23.774485403263405,-1.63336,-20.031,0.0,0.024821,-0.714181,-41.5943,-1.63336,7517.59,21.4935,-1.62028,0.0
64270.0,23.774285403263402,-1.6478,-20.031,0.0,-0.0162678,-1.44343,-41.5941,-1.6478,7524.7,21.5982,-1.62341,0.0
64280.0,23.768685403263405,-1.67453,-20.031,0.0,-0.562231,-2.67286,-41.5885,-1.67453,7530.92,21.5721,-1.73301,0.0
64290.0,23.765085403263402,-1.71073,-20.031,0.0,-0.358956,-3.62025,-41.5849,-1.71073,7534.7,21.5924,-1.75194,0.0
64300.0,23.777285403263402,-1.74284,-20.031,0.0,1.21713,-3.21143,-41.5971,-1.74284,7538.41,21.4341,-1.86448,0.0
64310.0,23.794385403263405,-1.76107,-20.031,0.0,1.70698,-1.82236,-41.6142,-1.76107,7542.44,21.5243,-1.78622,0.0
64320.0,23.804185403263403,-1.76822,-20.031,0.0,0.988212,-0.715137,-41.624,-1.76822,7545.63,21.6182,-1.67141,0.0
64330.0,23.812385403263402,-1.77211,-20.031,0.0,0.81201,-0.389206,-41.6322,-1.77211,7547.72,21.6526,-1.82789,0.0
64340.0,23.825085403263405,-1.77751,-20.031,0.0,1.27818,-0.540287,-41.645,-1.77751,7548.81,21.5311,-1.80925,0.0
64350.0,23.849185403263405,-1.7844,-20.031,0.0,2.41011,-0.688741,-41.6691,-1.7844,7549.26,21.5859,-1.75301,0.0
64360.0,23.857285403263404,-1.79239,-20.031,0.0,0.801303,-0.798885,-41.6771,-1.79239,7549.43,21.7167,-1.90912,0.0
64370.0,23.856185403263403,-1.80345,-20.031,0.0,-0.105397,-1.10608,-41.676,-1.80345,7549.46,21.6901,-1.64835,0.0
64380.0,23.869385403263404,-1.81933,-20.031,0.0,1.31661,-1.58757,-41.6892,-1.81933,7549.32,21.6509,-1.66411,0.0
64390.0,23.876285403263402,-1.83935,-20.031,0.0,0.694107,-2.00215,-41.6961,-1.83935,7548.75,21.5443,-1.74172,0.0
64400.0,23.877285403263404,-1.8581,-20.031,0.0,0.0994761,-1.87537,-41.6971,-1.8581,7547.37,21.6863,-1.91147,0.0
64410.0,23.940885403263405,-1.86792,-20.031,0.0,6.3575,-0.982244,-41.7607,-1.86792,7544.85,21.8065,-1.8839,0.0
64420.0,23.986685403263404,-1.86966,-20.031,0.0,4.58516,-0.173217,-41.8065,-1.86966,7541.1,21.8034,-1.85201,0.0
64430.0,23.993585403263403,-1.86868,-20.031,0.0,0.687555,0.0975427,-41.8134,-1.86868,7536.75,21.7135,-1.77746,0.0
64440.0,23.993285403263403,-1.86678,-20.031,0.0,-0.033067,0.18987,-41.8131,-1.86678,7533.16,21.8115,-1.96633,0.0
64450.0,23.976285403263404,-1.86173,-20.031,0.0,-1.69802,0.505515,-41.7961,-1.86173,7530.92,21.6987,-1.92163,0.0
64460.0,23.971685403263404,-1.85032,-20.031,0.0,-0.459613,1.14064,-41.7915,-1.85032,7528.73,21.8306,-1.83248,0.0
64470.0,23.967585403263403,-1.83291,-20.031,0.0,-0.405222,1.74088,-41.7875,-1.83291,7524.55,21.689,-1.99587,0.0
64480.0,23.974785403263404,-1.81078,-20.031,0.0,0.713809,2.21326,-41.7946,-1.81078,7517.04,21.7411,-1.81103,0.0
64490.0,23.979685403263403,-1.78492,-20.031,0.0,0.489193,2.58566,-41.7995,-1.78492,7506.57,21.7676,-1.7202,0.0
64500.0,24.024985403263404,-1.75956,-20.031,0.0,4.53153,2.53613,-41.8448,-1.75956,7495.78,21.9808,-1.64107,0.0
64510.0,24.104685403263403,-1.74004,-20.031,0.0,7.97304,1.95191,-41.9245,-1.74004,7487.28,21.875,-1.64101,0.0
64520.0,24.154785403263404,-1.72688,-20.031,0.0,5.00595,1.3161,-41.9746,-1.72688,7481.48,21.9985,-1.71959,0.0
64530.0,24.169585403263405,-1.71842,-20.031,0.0,1.47738,0.846292,-41.9894,-1.71842,7477.76,21.9367,-1.64561,0.0
64540.0,24.154585403263404,-1.71245,-20.031,0.0,-1.49124,0.59726,-41.9745,-1.71245,7475.62,21.9986,-1.78944,0.0
64550.0,24.153885403263402,-1.70779,-20.031,0.0,-0.0754032,0.465218,-41.9737,-1.70779,7474.62,21.7282,-1.89424,0.0
64560.0,24.140985403263404,-1.70765,-20.031,0.0,-1.2922,0.0138509,-41.9608,-1.70765,7474.4,21.9906,-1.65177,0.0
64570.0,24.144285403263403,-1.7108,-20.031,0.0,0.331615,-0.314615,-41.9641,-1.7108,7474.41,21.8643,-1.77845,0.0
64580.0,24.138585403263402,-1.71308,-20.031,0.0,-0.568753,-0.227468,-41.9584,-1.71308,7474.41,21.9396,-1.60912,0.0
64590.0,24.124885403263402,-1.71355,-20.031,0.0,-1.37324,-0.0472355,-41.9447,-1.71355,7474.66,21.9516,-1.60058,0.0
64600.0,24.110885403263403,-1.71368,-20.031,0.0,-1.39324,-0.0132628,-41.9307,-1.71368,7475.93,21.8571,-1.80117,0.0
64610.0,24.121485403263403,-1.71387,-20.031,0.0,1.05804,-0.0187308,-41.9413,-1.71387,7479.49,21.7266,-1.72958,0.0
64620.0,24.083285403263403,-1.71511,-20.031,0.0,-3.82108,-0.123804,-41.9031,-1.71511,7485.99,21.799,-1.58291,0.0
64630.0,24.048585403263402,-1.71556,-20.031,0.0,-3.46982,-0.0456658,-41.8684,-1.71556,7494.52,21.9799,-1.81182,0.0
64640.0,24.048385403263403,-1.71351,-20.031,0.0,-0.0215159,0.204829,-41.8682,-1.71351,7504.01,21.9115,-1.69567,0.0
64650.0,24.072285403263404,-1.70885,-20.031,0.0,2.38955,0.466714,-41.8921,-1.70885,7513.57,21.7378,-1.82484,0.0
64660.0,24.087185403263405,-1.70153,-20.031,0.0,1.48856,0.731984,-41.907,-1.70153,7521.1,21.8581,-1.64025,0.0
64670.0,24.088985403263404,-1.69175,-20.031,0.0,0.182435,0.977477,-41.9088,-1.69175,7525.31,21.898,-1.73571,0.0
64680.0,24.093285403263405,-1.68145,-20.031,0.0,0.433843,1.03049,-41.9131,-1.68145,7527.93,21.9398,-1.6815,0.0
64690.0,24.097585403263402,-1.67357,-20.031,0.0,0.424709,0.78808,-41.9174,-1.67357,7531.06,21.9459,-1.63563,0.0
64700.0,24.098185403263404,-1.66909,-20.031,0.0,0.0653177,0.447439,-41.918,-1.66909,7534.65,21.7002,-1.70827,0.0
64710.0,24.097385403263402,-1.66627,-20.031,0.0,-0.0827964,0.281956,-41.9172,-1.66627,7537.52,21.8338,-1.65633,0.0
64720.0,24.071085403263403,-1.66333,-20.031,0.0,-2.63218,0.294275,-41.8909,-1.66333,7539.31,21.9842,-1.62674,0.0
64730.0,24.059685403263405,-1.65987,-20.031,0.0,-1.13711,0.345658,-41.8795,-1.65987,7541.03,21.6938,-1.56013,0.0
64740.0,24.059385403263402,-1.65831,-20.031,0.0,-0.0287749,0.156277,-41.8792,-1.65831,7544.35,21.825,-1.71453,0.0
64750.0,24.061685403263404,-1.66074,-20.031,0.0,0.228146,-0.242548,-41.8815,-1.66074,7550.36,21.8643,-1.66381,0.0
64760.0,24.119485403263404,-1.66765,-20.031,0.0,5.78425,-0.690951,-41.9394,-1.66765,7558.35,21.967,-1.58855,0.0
64770.0,24.129585403263402,-1.6834,-20.031,0.0,1.00972,-1.57524,-41.9495,-1.6834,7566.45,22.0414,-1.61463,0.0
64780.0,24.126785403263405,-1.71181,-20.031,0.0,-0.284087,-2.84107,-41.9466,-1.71181,7573.9,21.9725,-1.52539,0.0
64790.0,24.120485403263405,-1.74923,-20.031,0.0,-0.627546,-3.74254,-41.9403,-1.74923,7580.82,21.8661,-1.82612,0.0
64800.0,24.070585403263404,-1.78215,-20.031,0.0,-4.98783,-3.29164,-41.8905,-1.78215,7586.37,21.8419,-1.81169,0.0
64810.0,24.049485403263404,-1.79973,-20.031,0.0,-2.11423,-1.7582,-41.8693,-1.79973,7589.79,21.7997,-1.69862,0.0
64820.0,24.048085403263403,-1.80526,-20.031,0.0,-0.138511,-0.552429,-41.8679,-1.80526,7592.06,21.7279,-1.79301,0.0
64830.0,24.049885403263403,-1.80592,-20.031,0.0,0.175535,-0.0662952,-41.8697,-1.80592,7595.09,21.8747,-1.80634,0.0
64840.0,24.091785403263405,-1.80396,-20.031,0.0,4.1893,0.195924,-41.9116,-1.80396,7600.17,21.9221,-1.90252,0.0
64850.0,24.097485403263402,-1.7997,-20.031,0.0,0.571306,0.42583,-41.9173,-1.7997,7607.89,22.0523,-1.80346,0.0
64860.0,24.175785403263404,-1.79025,-20.031,0.0,7.83278,0.94495,-41.9956,-1.79025,7618.65,22.0317,-1.54774,0.0
64870.0,24.179485403263403,-1.77903,-20.031,0.0,0.370293,1.12223,-41.9993,-1.77903,7632.77,21.7518,-1.69875,0.0
64880.0,24.154985403263403,-1.77042,-20.031,0.0,-2.44704,0.861341,-41.9749,-1.77042,7648.78,21.9987,-1.81058,0.0
64890.0,24.079385403263405,-1.76727,-20.031,0.0,-7.56289,0.315148,-41.8992,-1.76727,7662.65,21.8125,-1.59456,0.0
64900.0,24.070785403263404,-1.76663,-20.031,0.0,-0.856583,0.0634364,-41.8907,-1.76663,7671.99,21.9014,-1.66233,0.0
64910.0,24.091585403263405,-1.76852,-20.031,0.0,2.07268,-0.188863,-41.9114,-1.76852,7678.18,21.8071,-1.63403,0.0
64920.0,24.070185403263405,-1.77637,-20.031,0.0,-2.13234,-0.784753,-41.8901,-1.77637,7682.84,21.8603,-1.78047,0.0
64930.0,24.085285403263402,-1.79012,-20.031,0.0,1.5037,-1.37562,-41.9051,-1.79012,7685.87,21.95,-1.85105,0.0
64940.0,24.072785403263403,-1.80681,-20.031,0.0,-1.24686,-1.66887,-41.8926,-1.80681,7686.97,21.7816,-1.72395,0.0
64950.0,24.082485403263405,-1.82268,-20.031,0.0,0.963824,-1.58634,-41.9023,-1.82268,7686.5,21.8862,-1.82045,0.0
64960.0,24.083385403263403,-1.83861,-20.031,0.0,0.0937692,-1.59331,-41.9032,-1.83861,7685.06,21.8625,-1.82076,0.0
64970.0,24.102085403263402,-1.85294,-20.031,0.0,1.87104,-1.43348,-41.9219,-1.85294,7682.71,21.8285,-1.8733,0.0
64980.0,24.586785403263402,-1.85697,-20.031,0.0,48.4689,-0.402829,-42.4066,-1.85697,7677.89,22.8638,-1.88924,0.0
64990.0,25.189685403263404,-1.85568,-20.031,0.0,60.2954,0.129049,-43.0096,-1.85568,7668.68,23.3721,-2.18255,0.0
65000.0,25.333585403263402,-1.8618,-20.031,0.0,14.3884,-0.61212,-43.1534,-1.8618,7655.64,23.1286,-1.8618,0.0
65010.0,25.341485403263402,-1.87471,-20.031,0.0,0.785181,-1.29101,-43.1613,-1.87471,7642.9,23.0525,-1.96133,0.0
65020.0,25.343285403263405,-1.89424,-20.031,0.0,0.185698,-1.95318,-43.1632,-1.89424,7634.54,23.1526,-1.8024,0.0
65030.0,25.341585403263405,-1.91892,-20.031,0.0,-0.171585,-2.46757,-43.1614,-1.91892,7630.77,23.1035,-2.04,0.0
65040.0,25.360585403263403,-1.94779,-20.031,0.0,1.89596,-2.88705,-43.1804,-1.94779,7629.49,23.1898,-1.79439,0.0
65050.0,25.371985403263402,-1.97798,-20.031,0.0,1.13778,-3.01882,-43.1918,-1.97798,7629.12,23.3184,-2.1325,0.0
65060.0,25.369485403263404,-2.00424,-20.031,0.0,-0.241346,-2.62651,-43.1894,-2.00424,7628.96,23.2098,-1.87076,0.0
65070.0,25.366185403263405,-2.02417,-20.031,0.0,-0.337284,-1.99289,-43.186,-2.02417,7628.86,23.0998,-2.07244,0.0
65080.0,25.338885403263404,-2.03515,-20.031,0.0,-2.7249,-1.09759,-43.1587,-2.03515,7628.89,23.0712,-2.07439,0.0
65090.0,25.304485403263403,-2.0345,-20.031,0.0,-3.44725,0.0644194,-43.1243,-2.0345,7629.25,23.1098,-2.02518,0.0
65100.0,25.289585403263402,-2.0191,-20.031,0.0,-1.48271,1.54084,-43.1094,-2.0191,7630.34,23.0985,-1.84068,0.0
65110.0,25.292585403263402,-1.98933,-20.031,0.0,0.29417,2.97706,-43.1124,-1.98933,7632.51,23.0235,-2.20555,0.0
65120.0,25.300385403263405,-1.95727,-20.031,0.0,0.781517,3.20509,-43.1202,-1.95727,7635.21,23.1413,-1.90435,0.0
65130.0,25.305185403263405,-1.93613,-20.031,0.0,0.482418,2.11434,-43.125,-1.93613,7637.33,22.9961,-1.93574,0.0
65140.0,25.358085403263402,-1.92669,-20.031,0.0,5.29332,0.94382,-43.178,-1.92669,7638.57,23.1943,-1.95798,0.0
65150.0,25.396585403263405,-1.92505,-20.031,0.0,3.84426,0.164196,-43.2164,-1.92505,7638.99,23.22,-1.81797,0.0
65160.0,25.397885403263402,-1.92716,-20.031,0.0,0.134057,-0.211013,-43.2177,-1.92716,7638.47,23.2265,-1.80557,0.0
65170.0,25.395885403263403,-1.93093,-20.031,0.0,-0.205531,-0.377003,-43.2157,-1.93093,7637.27,23.1522,-1.85305,0.0
65180.0,25.355585403263404,-1.94071,-20.031,0.0,-4.03056,-0.977902,-43.1754,-1.94071,7635.96,23.0864,-1.97108,0.0
65190.0,25.298685403263402,-1.96229,-20.031,0.0,-5.6909,-2.15842,-43.1185,-1.96229,7635.14,22.8175,-2.2299,0.0
65200.0,25.267385403263404,-1.99482,-20.031,0.0,-3.12581,-3.25275,-43.0872,-1.99482,7634.88,23.0571,-1.89592,0.0
65210.0,25.254785403263405,-2.02819,-20.031,0.0,-1.26119,-3.33647,-43.0746,-2.02819,7635.07,23.0578,-2.05646,0.0
65220.0,25.177485403263404,-2.05359,-20.031,0.0,-7.72541,-2.54004,-42.9973,-2.05359,7635.96,23.0951,-1.96799,0.0
65230.0,25.169885403263404,-2.06638,-20.031,0.0,-0.765198,-1.27949,-42.9897,-2.06638,7637.95,22.8354,-2.09928,0.0
65240.0,25.103085403263403,-2.06903,-20.031,0.0,-6.68192,-0.264652,-42.9229,-2.06903,7640.67,22.8802,-2.11426,0.0
65250.0,25.100785403263405,-2.06314,-20.031,0.0,-0.224643,0.588908,-42.9206,-2.06314,7643.71,22.846,-2.16724,0.0
65260.0,25.1021854032634,-2.05419,-20.031,0.0,0.141803,0.89531,-42.922,-2.05419,7647.71,22.9036,-2.03443,0.0
65270.0,25.114985403263404,-2.03829,-20.031,0.0,1.28157,1.58913,-42.9349,-2.03829,7652.72,22.8987,-2.12083,0.0
65280.0,25.169085403263402,-2.00956,-20.031,0.0,5.40406,2.87381,-42.9889,-2.00956,7657.07,23.0378,-1.95421,0.0
65290.0,25.212185403263405,-1.97225,-20.031,0.0,4.31311,3.73039,-43.032,-1.97225,7659.57,23.0817,-1.93973,0.0
65300.0,25.218385403263404,-1.93279,-20.031,0.0,0.615348,3.94667,-43.0382,-1.93279,7661.17,23.0071,-1.76743,0.0
65310.0,25.222785403263405,-1.89093,-20.031,0.0,0.441127,4.18553,-43.0426,-1.89093,7664.19,23.0053,-1.88842,0.0
65320.0,25.218085403263405,-1.84789,-20.031,0.0,-0.465685,4.30438,-43.0379,-1.84789,7671.39,23.0439,-1.78896,0.0
65330.0,25.212485403263404,-1.81256,-20.031,0.0,-0.564735,3.53265,-43.0323,-1.81256,7683.68,22.9999,-1.68092,0.0
65340.0,25.203285403263404,-1.7898,-20.031,0.0,-0.921126,2.27649,-43.0231,-1.7898,7697.46,22.9098,-1.7946,0.0
65350.0,25.185985403263402,-1.76873,-20.031,0.0,-1.72818,2.10685,-43.0058,-1.76873,7708.41,23.0173,-1.70427,0.0
65360.0,25.144985403263405,-1.73271,-20.031,0.0,-4.10126,3.60148,-42.9648,-1.73271,7716.93,23.0328,-1.78373,0.0
65370.0,24.879785403263405,-1.6687,-20.031,0.0,-26.5183,6.40083,-42.6996,-1.6687,7725.84,22.0021,-1.89555,0.0
65380.0,23.270085403263405,-1.57358,-20.031,0.0,-160.973,9.51249,-41.0899,-1.57358,7735.27,17.1609,-1.42535,0.0
65390.0,20.911285403263403,-1.43955,-20.031,0.0,-235.873,13.4027,-38.7311,-1.43955,7743.13,17.0789,-0.79308,0.0
65400.0,19.871685403263402,-1.30932,0.0,0.0,-103.959,13.0229,17.6605,-1.30932,7748.54,17.6267,-1.03706,0.0
65410.0,19.708085403263404,-1.23284,0.0,0.0,-16.3608,7.64795,17.4969,-1.23284,7752.65,17.6568,-1.26371,0.0
65420.0,19.526585403263404,-1.19771,0.0,0.0,-18.1525,3.51345,17.3154,-1.19771,7756.6,17.0899,-1.21638,0.0
65430.0,19.476085403263404,-1.17533,0.0,0.0,-5.0472,2.23788,17.2649,-1.17533,7759.91,17.1796,-1.199,0.0
65440.0,19.476185403263404,-1.15719,0.0,0.0,0.0021576,1.81372,17.265,-1.15719,7762.25,17.2638,-1.19147,0.0
65450.0,19.479585403263403,-1.14244,0.0,0.0,0.347475,1.47527,17.2684,-1.14244,7764.55,17.4309,-1.10325,0.0
65460.0,19.523885403263403,-1.12837,0.0,0.0,4.42521,1.40697,17.3127,-1.12837,7767.84,17.3597,-0.982255,0.0
65470.0,19.5457854032634,-1.11649,0.0,0.0,2.18704,1.18823,17.3346,-1.11649,7772.86,17.4539,-1.10715,0.0
65480.0,19.594385403263402,-1.10991,0.0,0.0,4.86308,0.657802,17.3832,-1.10991,7779.87,17.3046,-1.27184,0.0
65490.0,19.628385403263405,-1.10759,0.0,0.0,3.40285,0.232077,17.4172,-1.10759,7788.03,17.4286,-1.05185,0.0
65500.0,19.647685403263402,-1.10697,0.0,0.0,1.9326,0.0618921,17.4365,-1.10697,7796.07,17.4706,-1.07648,0.0
65510.0,19.629785403263405,-1.10757,0.0,0.0,-1.79641,-0.059563,17.4186,-1.10757,7803.92,17.4129,-1.10921,0.0
65520.0,19.627885403263402,-1.10969,0.0,0.0,-0.190293,-0.212649,17.4167,-1.10969,7811.78,17.5094,-1.13322,0.0
65530.0,19.607485403263404,-1.11295,0.0,0.0,-2.04067,-0.325465,17.3963,-1.11295,7818.65,17.341,-1.1706,0.0
65540.0,19.587685403263404,-1.1163,0.0,0.0,-1.97398,-0.335539,17.3765,-1.1163,7823.75,17.2597,-1.00865,0.0
65550.0,19.585285403263402,-1.11846,0.0,0.0,-0.244403,-0.216142,17.3741,-1.11846,7827.34,17.3919,-1.15915,0.0
65560.0,19.552685403263403,-1.11578,0.0,0.0,-3.26143,0.268889,17.3415,-1.11578,7829.85,17.288,-0.992773,0.0
65570.0,19.523985403263403,-1.09781,0.0,0.0,-2.8649,1.79651,17.3128,-1.09781,7831.65,17.3864,-1.23716,0.0
65580.0,19.500685403263404,-1.04462,0.0,0.0,-2.33741,5.31879,17.2895,-1.04462,7832.86,17.3512,-1.06238,0.0
65590.0,19.149285403263402,-0.930513,0.0,0.0,-35.1367,11.4109,16.9381,-0.930513,7833.35,16.1329,-1.27457,0.0
65600.0,16.406185403263404,-0.749471,0.0,0.0,-274.306,18.1042,14.195,-0.749471,7833.2,7.75387,-0.356971,0.0
65610.0,8.578205403263404,-0.466793,0.0,0.0,-782.8,28.2678,6.36702,-0.466793,7832.79,0.653172,0.310892,0.0
65620.0,1.705758403263403,-0.149052,0.0,0.0,-687.245,31.7741,-0.505427,-0.149052,7832.0,-2.05559,-0.0490852,0.0
65630.0,-0.010084596736597007,-0.0161379,0.0,0.0,-171.584,13.2915,-2.22127,-0.0161379,7829.97,-4.02259,-0.040786,0.0
65640.0,-0.6132445967365969,0.068286,0.0,0.0,-60.3162,8.44239,-2.82443,0.068286,7826.63,-2.88492,-0.0721294,0.0
65650.0,-1.150334596736597,0.144787,0.0,0.0,-53.7085,7.65007,-3.36152,0.144787,7823.46,-3.49201,0.192413,0.0
65660.0,-1.3492445967365971,0.183001,0.0,0.0,-19.8913,3.82139,-3.56043,0.183001,7821.78,-3.64135,0.178519,0.0
65670.0,-1.389154596736597,0.192672,0.0,0.0,-3.9907,0.967136,-3.60034,0.192672,7821.56,-3.65165,0.23953,0.0
65680.0,-1.4251045967365967,0.193158,0.0,0.0,-3.59493,0.0485855,-3.63629,0.193158,7822.41,-3.61972,0.310475,0.0
65690.0,-1.4272245967365969,0.184581,0.0,0.0,-0.212503,-0.8577,-3.63841,0.184581,7824.06,-3.55645,0.230281,0.0
65700.0,-1.4257745967365971,0.157935,0.0,0.0,0.145367,-2.66453,-3.63696,0.157935,7826.2,-3.6767,0.240179,0.0
65710.0,-1.353614596736597,0.107993,0.0,0.0,7.21543,-4.99422,-3.5648,0.107993,7828.47,-3.40956,-0.0812145,0.0
65720.0,-1.3571845967365967,0.0621737,0.0,0.0,-0.356637,-4.58195,-3.56837,0.0621737,7830.32,-3.49705,-0.098366,0.0
65730.0,-1.3637745967365968,0.0370483,0.0,0.0,-0.659064,-2.51254,-3.57496,0.0370483,7831.68,-3.46701,-0.0673223,0.0
65740.0,-1.311204596736597,0.0269759,0.0,0.0,5.25737,-1.00724,-3.52239,0.0269759,7832.75,-3.68637,-0.229039,0.0
65750.0,-1.308624596736597,0.0261177,0.0,0.0,0.257553,-0.0858189,-3.51981,0.0261177,7833.76,-3.67635,0.0311207,0.0
65760.0,-1.303934596736597,0.0282951,0.0,0.0,0.469528,0.217731,-3.51512,0.0282951,7835.09,-3.40462,0.110728,0.0
65770.0,-1.344124596736597,0.0370114,0.0,0.0,-4.01931,0.871635,-3.55531,0.0370114,7837.25,-3.43529,0.0260621,0.0
65780.0,-1.3171345967365968,0.0471598,0.0,0.0,2.69863,1.01484,-3.52832,0.0471598,7840.3,-3.44069,0.0336785,0.0
65790.0,-1.285444596736597,0.0567934,0.0,0.0,3.16935,0.963362,-3.49663,0.0567934,7843.3,-3.55332,0.209955,0.0
65800.0,-1.2661645967365969,0.0621005,0.0,0.0,1.92792,0.530711,-3.47735,0.0621005,7845.08,-3.50346,0.0886309,0.0
65810.0,-1.2652645967365967,0.063858,0.0,0.0,0.0899015,0.17575,-3.47645,0.063858,7845.53,-3.24753,0.0835206,0.0
65820.0,-1.264834596736597,0.0631894,0.0,0.0,0.0427587,-0.0668631,-3.47602,0.0631894,7844.83,-3.47397,-0.0365568,0.0
65830.0,-1.2543445967365972,0.0587504,0.0,0.0,1.04935,-0.443901,-3.46553,0.0587504,7842.25,-3.28885,0.0809402,0.0
65840.0,-1.254384596736597,0.0491768,0.0,0.0,-0.00369976,-0.957356,-3.46557,0.0491768,7837.35,-3.57273,0.0514588,0.0
65850.0,-1.251594596736597,0.0352036,0.0,0.0,0.278825,-1.39732,-3.46278,0.0352036,7830.75,-3.3748,0.0095743,0.0
65860.0,-1.2523245967365968,0.0225261,0.0,0.0,-0.073142,-1.26775,-3.46351,0.0225261,7822.71,-3.54897,0.135942,0.0
65870.0,-1.253184596736597,0.0125765,0.0,0.0,-0.0860885,-0.994959,-3.46437,0.0125765,7813.67,-3.45409,0.0185558,0.0
65880.0,-1.257904596736597,-0.000830639,0.0,0.0,-0.471407,-1.34071,-3.46909,-0.000830639,7804.67,-3.48626,-0.217102,0.0
65890.0,-1.2641845967365968,-0.0276352,0.0,0.0,-0.628695,-2.68046,-3.47537,-0.0276352,7795.78,-3.3384,-0.0181074,0.0
65900.0,-1.2586345967365968,-0.0713633,0.0,0.0,0.554921,-4.37281,-3.46982,-0.0713633,7786.51,-3.48851,-0.165006,0.0
65910.0,-1.1967345967365968,-0.121699,0.0,0.0,6.19002,-5.03359,-3.40792,-0.121699,7776.59,-3.53328,-0.211039,0.0
65920.0,-1.014554596736597,-0.16673,0.0,0.0,18.2183,-4.50309,-3.22574,-0.16673,7764.91,-3.11983,-0.132,0.0
65930.0,-0.6057545967365972,-0.213731,0.0,0.0,40.8796,-4.70007,-2.81694,-0.213731,7750.5,-1.56923,-0.250501,0.0
65940.0,-0.29708459673659693,-0.258665,0.0,0.0,30.8677,-4.49341,-2.50827,-0.258665,7733.84,-2.54277,-0.634055,0.0
65950.0,-0.272624596736597,-0.299333,0.0,0.0,2.44542,-4.06679,-2.48381,-0.299333,7716.23,-2.4998,-0.402418,0.0
65960.0,-0.2072445967365968,-0.3473,0.0,0.0,6.53876,-4.79677,-2.41843,-0.3473,7700.18,-2.47571,-0.399044,0.0
65970.0,-0.20482459673659692,-0.385043,0.0,0.0,0.241887,-3.77422,-2.41601,-0.385043,7688.25,-2.22272,-0.414253,0.0
65980.0,-0.154334596736597,-0.414532,0.0,0.0,5.04854,-2.94894,-2.36552,-0.414532,7679.87,-2.23804,-0.566416,0.0
65990.0,-0.08277459673659715,-0.45087,0.0,0.0,7.15608,-3.63382,-2.29396,-0.45087,7671.37,-2.17264,-0.214726,0.0
66000.0,-0.054314596736596776,-0.500232,0.0,0.0,2.84611,-4.93622,-2.2655,-0.500232,7658.79,-2.38229,-0.431962,0.0
66010.0,-0.026074596736596956,-0.550932,0.0,0.0,2.8236,-5.06995,-2.23726,-0.550932,7641.52,-2.22068,-0.604833,0.0
66020.0,-0.028824596736596764,-0.584618,0.0,0.0,-0.274407,-3.36857,-2.24001,-0.584618,7624.91,-2.39665,-0.684847,0.0
66030.0,-0.047724596736597125,-0.600306,0.0,0.0,-1.88981,-1.56887,-2.25891,-0.600306,7614.01,-2.1133,-0.592255,0.0
66040.0,-0.049034596736596825,-0.607596,0.0,0.0,-0.131301,-0.728951,-2.26022,-0.607596,7607.63,-2.25582,-0.783713,0.0
66050.0,-0.048424596736596826,-0.611847,0.0,0.0,0.0609525,-0.42515,-2.25961,-0.611847,7602.79,-2.35874,-0.661543,0.0
66060.0,-0.027254596736597136,-0.61714,0.0,0.0,2.11663,-0.529261,-2.23844,-0.61714,7598.37,-2.31503,-0.64679,0.0
66070.0,-0.012754596736596735,-0.623117,0.0,0.0,1.45024,-0.597673,-2.22394,-0.623117,7593.9,-2.19696,-0.550539,0.0
66080.0,0.00811540326340321,-0.628855,0.0,0.0,2.08679,-0.573832,-2.20307,-0.628855,7587.65,-2.20467,-0.599153,0.0
66090.0,0.04312540326340297,-0.635875,0.0,0.0,3.50142,-0.702018,-2.16806,-0.635875,7578.33,-2.12682,-0.59511,0.0
66100.0,0.04544540326340307,-0.646454,0.0,0.0,0.23161,-1.05791,-2.16574,-0.646454,7567.63,-2.11633,-0.571082,0.0
66110.0,0.07947540326340308,-0.669691,0.0,0.0,3.40348,-2.32366,-2.13171,-0.669691,7556.27,-2.12497,-0.750685,0.0
66120.0,0.07856540326340289,-0.704564,0.0,0.0,-0.0909792,-3.48732,-2.13262,-0.704564,7542.58,-2.27843,-0.867203,0.0
66130.0,0.07758540326340313,-0.74635,0.0,0.0,-0.0984506,-4.17856,-2.1336,-0.74635,7527.79,-2.12352,-0.668626,0.0
66140.0,0.07725540326340319,-0.787206,0.0,0.0,-0.0326564,-4.08562,-2.13393,-0.787206,7515.04,-2.16451,-0.85791,0.0
66150.0,0.08940540326340285,-0.818939,0.0,0.0,1.21472,-3.17329,-2.12178,-0.818939,7505.76,-2.01436,-0.837415,0.0
66160.0,0.11209540326340317,-0.836366,0.0,0.0,2.2692,-1.7427,-2.09909,-0.836366,7500.17,-2.09173,-0.909797,0.0
66170.0,0.12449540326340314,-0.839102,0.0,0.0,1.24008,-0.273604,-2.08669,-0.839102,7497.48,-2.05068,-0.682947,0.0
66180.0,0.12577540326340308,-0.828718,0.0,0.0,0.127429,1.03839,-2.08541,-0.828718,7496.2,-2.19214,-0.790822,0.0
66190.0,0.12244540326340303,-0.803317,0.0,0.0,-0.33268,2.54012,-2.08874,-0.803317,7494.83,-2.09991,-1.02745,0.0
66200.0,0.0025554032634032,-0.759614,0.0,0.0,-11.9888,4.37027,-2.20863,-0.759614,7491.78,-2.36919,-0.855012,0.0
66210.0,-0.10960459673659706,-0.719195,0.0,0.0,-11.2162,4.04188,-2.32079,-0.719195,7484.39,-2.55703,-0.470981,0.0
66220.0,-0.11613459673659676,-0.700709,0.0,0.0,-0.652675,1.84864,-2.32732,-0.700709,7471.51,-2.30401,-0.640415,0.0
66230.0,-0.11552459673659676,-0.695604,0.0,0.0,0.0604305,0.510455,-2.32671,-0.695604,7457.27,-2.23419,-0.720147,0.0
66240.0,-0.10515459673659677,-0.693893,0.0,0.0,1.03736,0.171158,-2.31634,-0.693893,7446.7,-2.31955,-0.671044,0.0
66250.0,-0.05829459673659709,-0.693916,0.0,0.0,4.68583,-0.00230804,-2.26948,-0.693916,7439.21,-2.1817,-0.679852,0.0
66260.0,0.005085403263402899,-0.695431,0.0,0.0,6.33838,-0.151523,-2.2061,-0.695431,7431.12,-2.17224,-0.713495,0.0
66270.0,0.02975540326340287,-0.695761,0.0,0.0,2.46705,-0.033036,-2.18143,-0.695761,7420.35,-2.27387,-0.760962,0.0
66280.0,0.03093540326340305,-0.694545,0.0,0.0,0.117812,0.121625,-2.18025,-0.694545,7405.43,-2.12277,-0.683327,0.0
66290.0,0.03393540326340316,-0.691039,0.0,0.0,0.299881,0.350596,-2.17725,-0.691039,7385.95,-2.16908,-0.80157,0.0
66300.0,0.03427540326340317,-0.683079,0.0,0.0,0.0344496,0.796067,-2.17691,-0.683079,7365.59,-2.1957,-0.7081,0.0
66310.0,0.026965403263403243,-0.6707,0.0,0.0,-0.731289,1.23785,-2.18422,-0.6707,7346.28,-2.09665,-0.590511,0.0
66320.0,0.026885403263403163,-0.658792,0.0,0.0,-0.0078568,1.19082,-2.1843,-0.658792,7325.22,-2.27795,-0.610223,0.0
66330.0,0.01347540326340324,-0.65088,0.0,0.0,-1.3413,0.791205,-2.19771,-0.65088,7302.05,-2.24669,-0.727922,0.0
66340.0,0.0017954032634031059,-0.646854,0.0,0.0,-1.16824,0.402538,-2.20939,-0.646854,7276.67,-1.96639,-0.586195,0.0
66350.0,0.001755403263403288,-0.643707,0.0,0.0,-0.00328111,0.314692,-2.20943,-0.643707,7245.73,-2.16476,-0.617969,0.0
66360.0,0.007355403263403115,-0.640716,0.0,0.0,0.559629,0.299192,-2.20383,-0.640716,7211.41,-2.25251,-0.682218,0.0
66370.0,0.007195403263402955,-0.637093,0.0,0.0,-0.0159844,0.362284,-2.20399,-0.637093,7181.8,-2.16928,-0.735613,0.0
66380.0,-0.008184596736596994,-0.629826,0.0,0.0,-1.53794,0.726665,-2.21937,-0.629826,7159.93,-2.10123,-0.683748,0.0
66390.0,-0.02730459673659702,-0.621324,0.0,0.0,-1.91177,0.850232,-2.23849,-0.621324,7141.75,-2.22489,-0.362684,0.0
66400.0,-0.027804596736596743,-0.616785,0.0,0.0,-0.0505074,0.453852,-2.23899,-0.616785,7120.88,-2.23341,-0.603313,0.0
66410.0,-0.027664596736596714,-0.61482,0.0,0.0,0.0144248,0.19653,-2.23885,-0.61482,7093.42,-2.32938,-0.686267,0.0
66420.0,-0.028204596736597143,-0.612336,0.0,0.0,-0.0540095,0.248402,-2.23939,-0.612336,7060.86,-2.44271,-0.58115,0.0
66430.0,-0.04466459673659706,-0.607733,0.0,0.0,-1.64578,0.460305,-2.25585,-0.607733,7027.35,-2.11112,-0.61877,0.0
66440.0,-0.052214596736596786,-0.603127,0.0,0.0,-0.755224,0.460608,-2.2634,-0.603127,6996.49,-1.92545,-0.746379,0.0
66450.0,-0.0323545967365968,-0.598559,0.0,0.0,1.98576,0.456783,-2.24354,-0.598559,6969.09,-2.42636,-0.53928,0.0
66460.0,-0.014184596736596777,-0.587162,0.0,0.0,1.81658,1.13973,-2.22537,-0.587162,6942.76,-2.26876,-0.653656,0.0
66470.0,0.006175403263402934,-0.560502,0.0,0.0,2.03634,2.66594,-2.20501,-0.560502,6917.12,-2.23776,-0.618783,0.0
66480.0,0.011425403263403133,-0.517776,0.0,0.0,0.524808,4.27264,-2.19976,-0.517776,6894.01,-2.09615,-0.378903,0.0
66490.0,0.04473540326340286,-0.477057,0.0,0.0,3.33077,4.07192,-2.16645,-0.477057,6871.05,-2.15952,-0.329151,0.0
66500.0,0.051375403263403285,-0.449305,0.0,0.0,0.664279,2.77515,-2.15981,-0.449305,6845.51,-2.1578,-0.349335,0.0
66510.0,0.052665403263402855,-0.431736,0.0,0.0,0.129676,1.75693,-2.15852,-0.431736,6821.84,-2.0907,-0.454133,0.0
66520.0,0.05029540326340287,-0.418789,0.0,0.0,-0.237493,1.29469,-2.16089,-0.418789,6803.81,-2.14551,-0.332194,0.0
66530.0,0.04916540326340302,-0.410699,0.0,0.0,-0.113114,0.80904,-2.16202,-0.410699,6788.48,-2.23825,-0.444469,0.0
66540.0,0.044555403263403015,-0.40642,0.0,0.0,-0.460654,0.427901,-2.16663,-0.40642,6774.22,-2.23108,-0.521675,0.0
66550.0,0.043785403263402856,-0.403556,0.0,0.0,-0.0769093,0.286327,-2.1674,-0.403556,6763.21,-2.16786,-0.423436,0.0
66560.0,0.03193540326340294,-0.399978,0.0,0.0,-1.18483,0.357835,-2.17925,-0.399978,6756.36,-2.1609,-0.316828,0.0
66570.0,0.04423540326340314,-0.397378,0.0,0.0,1.22951,0.260032,-2.16695,-0.397378,6752.2,-2.15431,-0.333295,0.0
66580.0,0.043695403263403154,-0.395028,0.0,0.0,-0.0540448,0.234938,-2.16749,-0.395028,6748.92,-2.23561,-0.37743,0.0
66590.0,0.013545403263403255,-0.392596,0.0,0.0,-3.01529,0.243188,-2.19764,-0.392596,6745.68,-2.06635,-0.410554,0.0
66600.0,-0.020494596736596815,-0.390729,0.0,0.0,-3.40362,0.186784,-2.23168,-0.390729,6742.34,-2.21371,-0.292028,0.0
66610.0,-0.033284596736597116,-0.389788,0.0,0.0,-1.2787,0.0940112,-2.24447,-0.389788,6739.12,-2.27916,-0.407937,0.0
66620.0,-0.07937459673659708,-0.386765,0.0,0.0,-4.609,0.302397,-2.29056,-0.386765,6737.06,-2.35139,-0.55473,0.0
66630.0,-0.1224445967365968,-0.382729,0.0,0.0,-4.3071,0.403558,-2.33363,-0.382729,6736.74,-2.33702,-0.452515,0.0
66640.0,-0.1263545967365971,-0.37965,0.0,0.0,-0.390913,0.307912,-2.33754,-0.37965,6737.68,-2.36692,-0.372335,0.0
66650.0,-0.126134596736597,-0.377224,0.0,0.0,0.0214944,0.242595,-2.33732,-0.377224,6739.62,-2.34202,-0.301794,0.0
66660.0,-0.12254459673659701,-0.37611,0.0,0.0,0.358719,0.111409,-2.33373,-0.37611,6743.03,-2.30522,-0.400456,0.0
66670.0,-0.11285459673659703,-0.375982,0.0,0.0,0.969148,0.0127672,-2.32404,-0.375982,6748.23,-2.32584,-0.381441,0.0
66680.0,-0.07049459673659708,-0.377152,0.0,0.0,4.23661,-0.116989,-2.28168,-0.377152,6754.63,-2.19104,-0.29593,0.0
66690.0,-0.012744596736597114,-0.378485,0.0,0.0,5.775,-0.13327,-2.22393,-0.378485,6760.88,-2.18755,-0.37309,0.0
66700.0,-0.008834596736596811,-0.376993,0.0,0.0,0.390561,0.149197,-2.22002,-0.376993,6766.0,-2.09465,-0.364745,0.0
66710.0,0.021545403263403262,-0.375574,0.0,0.0,3.03792,0.141874,-2.18964,-0.375574,6770.54,-2.18242,-0.396841,0.0
66720.0,0.023035403263403254,-0.371591,0.0,0.0,0.148973,0.398291,-2.18815,-0.371591,6775.72,-2.26848,-0.443675,0.0
66730.0,0.019335403263402995,-0.367587,0.0,0.0,-0.369542,0.400417,-2.19185,-0.367587,6782.24,-2.09011,-0.421321,0.0
66740.0,-0.0021045967365971308,-0.365046,0.0,0.0,-2.14469,0.254126,-2.21329,-0.365046,6790.78,-2.20668,-0.0540664,0.0
66750.0,-0.009204596736597015,-0.365731,0.0,0.0,-0.709801,-0.0685245,-2.22039,-0.365731,6801.48,-2.16529,-0.345095,0.0
66760.0,0.004085403263403009,-0.368751,0.0,0.0,1.32969,-0.301995,-2.2071,-0.368751,6812.93,-2.35016,-0.269063,0.0
66770.0,-0.009284596736597095,-0.371309,0.0,0.0,-1.33698,-0.255788,-2.22047,-0.371309,6823.89,-2.26079,-0.389109,0.0
66780.0,0.004405403263402885,-0.377497,0.0,0.0,1.36889,-0.618876,-2.20678,-0.377497,6835.35,-2.15643,-0.262543,0.0
66790.0,0.01276540326340303,-0.387732,0.0,0.0,0.835679,-1.02349,-2.19842,-0.387732,6849.16,-2.25165,-0.458109,0.0
66800.0,0.03619540326340287,-0.400281,0.0,0.0,2.34301,-1.25481,-2.17499,-0.400281,6864.26,-2.18306,-0.380635,0.0
66810.0,0.07215540326340308,-0.412061,0.0,0.0,3.59552,-1.17809,-2.13903,-0.412061,6877.91,-2.1074,-0.400495,0.0
66820.0,0.081835403263403,-0.422075,0.0,0.0,0.968064,-1.00131,-2.12935,-0.422075,6889.38,-2.07589,-0.520889,0.0
66830.0,0.08202540326340291,-0.430364,0.0,0.0,0.0194243,-0.828916,-2.12916,-0.430364,6899.78,-2.02775,-0.447465,0.0
66840.0,0.09034540326340323,-0.435352,0.0,0.0,0.83207,-0.498804,-2.12084,-0.435352,6911.18,-2.15893,-0.557534,0.0
66850.0,0.07179540326340295,-0.436004,0.0,0.0,-1.85547,-0.0652298,-2.13939,-0.436004,6925.3,-2.19706,-0.315302,0.0
66860.0,0.05701540326340293,-0.435539,0.0,0.0,-1.4774,0.0465153,-2.15417,-0.435539,6941.9,-2.00127,-0.524022,0.0
66870.0,0.027905403263403183,-0.433689,0.0,0.0,-2.91161,0.184965,-2.18328,-0.433689,6960.63,-2.11213,-0.483118,0.0
66880.0,-0.04069459673659681,-0.428437,0.0,0.0,-6.85988,0.525245,-2.25188,-0.428437,6980.52,-2.31766,-0.370022,0.0
66890.0,-0.060924596736597,-0.422474,-10.3311,0.0,-2.02231,0.596274,-8.059,-0.422474,6997.73,-2.30452,-0.453411,0.0
66900.0,-0.0629045967365971,-0.417822,-10.3311,0.0,-0.198388,0.465215,-8.05702,-0.417822,7011.41,-2.35487,-0.308115,0.0
66910.0,-0.09649459673659688,-0.416748,-10.3311,0.0,-3.35889,0.107428,-8.02343,-0.416748,7028.05,-2.17743,-0.322999,0.0
66920.0,-0.060564596736596865,-0.421478,-10.3311,0.0,3.59282,-0.473082,-8.05935,-0.421478,7052.39,-2.05162,-0.323382,0.0
66930.0,0.0013554032634028879,-0.427342,-10.3311,0.0,6.19196,-0.586347,-8.12127,-0.427342,7078.34,-2.32461,-0.483414,0.0
66940.0,0.03623540326340313,-0.431683,-10.3311,0.0,3.48821,-0.434128,-8.15616,-0.431683,7097.33,-2.14468,-0.395493,0.0
66950.0,0.03700540326340329,-0.433457,-10.3311,0.0,0.0768542,-0.177339,-8.15692,-0.433457,7109.65,-2.06603,-0.480649,0.0
66960.0,0.024855403263403186,-0.433699,-10.3311,0.0,-1.21484,-0.0242609,-8.14478,-0.433699,7120.09,-2.18608,-0.241166,0.0
66970.0,0.022455403263403007,-0.434407,-10.3311,0.0,-0.240187,-0.0707988,-8.14237,-0.434407,7130.75,-2.20248,-0.475872,0.0
66980.0,-0.020844596736596888,-0.435009,-10.3311,0.0,-4.33019,-0.060149,-8.09907,-0.435009,7142.92,-2.40267,-0.698274,0.0
66990.0,-0.0681245967365971,-0.440525,-10.3311,0.0,-4.72815,-0.551676,-8.05179,-0.440525,7159.08,-2.3219,-0.359055,0.0
67000.0,-0.10540459673659708,-0.454042,-10.3311,0.0,-3.72737,-1.35163,-8.01452,-0.454042,7180.29,-2.25815,-0.384319,0.0
67010.0,-0.10921459673659673,-0.473326,-10.3311,0.0,-0.381397,-1.92845,-8.0107,-0.473326,7205.58,-2.35377,-0.487066,0.0
67020.0,-0.13060459673659697,-0.489029,-10.3311,0.0,-2.13879,-1.57025,-7.98932,-0.489029,7231.92,-2.43363,-0.36899,0.0
67030.0,-0.13079459673659688,-0.499422,-10.3311,0.0,-0.0192021,-1.03936,-7.98912,-0.499422,7253.58,-2.26224,-0.614806,0.0
67040.0,-0.09950459673659706,-0.509361,-10.3311,0.0,3.12902,-0.993879,-8.02041,-0.509361,7267.89,-2.48395,-0.612636,0.0
67050.0,-0.1250645967365971,-0.519413,-10.3311,0.0,-2.55611,-1.00517,-7.99485,-0.519413,7279.39,-2.1923,-0.561995,0.0
67060.0,-0.11510459673659712,-0.53201,-10.3311,0.0,0.996451,-1.25968,-8.00482,-0.53201,7292.78,-2.28504,-0.688163,0.0
67070.0,-0.14685459673659684,-0.540419,-10.3311,0.0,-3.175,-0.840954,-7.97307,-0.540419,7306.44,-2.38194,-0.226969,0.0
67080.0,-0.13514459673659696,-0.546861,-10.3311,0.0,1.17076,-0.644143,-7.98477,-0.546861,7316.55,-2.38479,-0.666781,0.0
67090.0,-0.14998459673659692,-0.550424,-10.3311,0.0,-1.4838,-0.35635,-7.96994,-0.550424,7323.29,-2.31535,-0.563611,0.0
67100.0,-0.17272459673659712,-0.554392,-10.3311,0.0,-2.2739,-0.396835,-7.9472,-0.554392,7330.57,-2.29957,-0.46097,0.0
67110.0,-0.16427459673659683,-0.560856,-10.3311,0.0,0.844691,-0.646396,-7.95564,-0.560856,7342.56,-2.48535,-0.606707,0.0
67120.0,-0.15131459673659675,-0.570326,-10.3311,0.0,1.29615,-0.946999,-7.96861,-0.570326,7358.52,-2.47326,-0.440798,0.0
67130.0,-0.1762145967365969,-0.585716,-10.3311,0.0,-2.49055,-1.53893,-7.9437,-0.585716,7372.02,-2.26363,-0.521271,0.0
67140.0,-0.23721459673659684,-0.625056,-10.3311,0.0,-6.09955,-3.93408,-7.88271,-0.625056,7378.82,-2.22792,-0.522299,0.0
67150.0,-0.540724596736597,-0.725309,-10.3311,0.0,-30.3515,-10.0253,-7.57919,-0.725309,7380.2,-2.8682,-0.672608,0.0
67160.0,-3.4810445967365973,-0.817548,-10.3311,0.0,-294.031,-9.22383,-4.63888,-0.817548,7375.65,-8.28481,-1.11631,0.0
67170.0,-8.474614596736597,-0.862514,-10.3311,0.0,-499.359,-4.4966,0.354709,-0.862514,7355.68,-13.1755,-0.914789,0.0
67180.0,-11.829814596736597,-0.985128,-10.3311,0.0,-335.516,-12.2614,3.70987,-0.985128,7306.95,-16.6739,-1.0426,0.0
67190.0,-14.452514596736595,-1.07968,-10.3311,0.0,-262.277,-9.45506,6.33264,-1.07968,7232.02,-19.8114,-1.2133,0.0
67200.0,-17.722414596736595,-1.00199,-10.3311,0.0,-326.984,7.76886,9.60248,-1.00199,7157.92,-21.8015,-1.34684,0.0
67210.0,-19.460214596736595,-0.98405,-10.3311,0.0,-173.777,1.79398,11.3402,-0.98405,7110.87,-21.8676,-1.17251,0.0
67220.0,-19.602414596736597,-1.08115,-10.3311,0.0,-14.2277,-9.70966,11.4825,-1.08115,7092.06,-21.5601,-0.936951,0.0
67230.0,-19.647714596736595,-1.14274,-10.3311,0.0,-4.52316,-6.15933,11.5278,-1.14274,7087.57,-21.8858,-1.16427,0.0
67240.0,-19.682814596736595,-1.18806,-10.3311,0.0,-3.51594,-4.53192,11.5629,-1.18806,7087.41,-21.9474,-1.1505,0.0
67250.0,-19.702214596736596,-1.24695,-10.3311,0.0,-1.93774,-5.88921,11.5823,-1.24695,7088.87,-21.9593,-1.38678,0.0
67260.0,-19.709214596736597,-1.31992,-10.3311,0.0,-0.695644,-7.29659,11.5893,-1.31992,7091.82,-21.9032,-1.18391,0.0
67270.0,-19.726314596736596,-1.38367,-10.3311,0.0,-1.71503,-6.37569,11.6064,-1.38367,7096.64,-21.9271,-1.49483,0.0
67280.0,-19.731114596736596,-1.42971,-10.3311,0.0,-0.482833,-4.60402,11.6112,-1.42971,7105.62,-21.8199,-1.46316,0.0
67290.0,-19.731714596736598,-1.45896,-10.3311,0.0,-0.0535465,-2.9247,11.6118,-1.45896,7119.84,-22.0912,-1.5516,0.0
67300.0,-19.731714596736598,-1.47517,-10.3311,0.0,-0.00111617,-1.6204,11.6118,-1.47517,7134.46,-22.0228,-1.53196,0.0
67310.0,-19.726314596736596,-1.4866,-10.3311,0.0,0.533488,-1.1438,11.6064,-1.4866,7143.93,-21.8954,-1.39282,0.0
67320.0,-19.702514596736595,-1.4988,-10.3311,0.0,2.38815,-1.21945,11.5826,-1.4988,7149.15,-21.8716,-1.61204,0.0
67330.0,-19.650014596736597,-1.5056,-10.3311,0.0,5.25039,-0.680269,11.5301,-1.5056,7154.89,-21.8519,-1.52895,0.0
67340.0,-19.601914596736595,-1.48638,-10.3311,0.0,4.80218,1.92169,11.482,-1.48638,7164.95,-21.7396,-1.43018,0.0
67350.0,-19.552214596736597,-1.41182,-10.3311,0.0,4.97516,7.45615,11.4323,-1.41182,7179.98,-21.7856,-1.25784,0.0
67360.0,-19.492214596736595,-1.24233,-10.3311,0.0,5.99459,16.949,11.3723,-1.24233,7198.76,-21.7638,-1.64849,0.0
67370.0,-18.514414596736597,-1.06021,-10.3311,0.0,97.7859,18.2118,10.3945,-1.06021,7223.84,-19.7394,-0.584971,0.0
67380.0,-16.931814596736597,-0.873569,-10.3311,0.0,158.26,18.6645,8.81187,-0.873569,7260.69,-18.4328,-0.155121,0.0
67390.0,-16.256714596736597,-0.641644,-10.3311,0.0,67.5095,23.1926,8.13678,-0.641644,7306.24,-18.2742,-0.237107,0.0
67400.0,-16.181814596736597,-0.47215,-10.3311,0.0,7.48458,16.9494,8.06193,-0.47215,7347.55,-18.4308,-0.423177,0.0
67410.0,-16.057614596736595,-0.401345,-10.3311,0.0,12.4199,7.08041,7.93773,-0.401345,7377.1,-18.0677,-0.44473,0.0
67420.0,-15.927114596736597,-0.370532,-10.3311,0.0,13.0554,3.08133,7.80718,-0.370532,7399.7,-18.0878,-0.363777,0.0
67430.0,-15.861414596736598,-0.344709,-10.3311,0.0,6.56492,2.5823,7.74153,-0.344709,7421.44,-18.0312,-0.430964,0.0
67440.0,-15.826114596736595,-0.301016,-10.3311,0.0,3.53312,4.36934,7.7062,-0.301016,7442.41,-18.0545,-0.32094,0.0
67450.0,-15.667914596736598,-0.181924,-10.3311,0.0,15.816,11.9092,7.54804,-0.181924,7466.17,-17.6093,-0.305806,0.0
67460.0,-14.496414596736596,0.0351686,-10.3311,0.0,117.154,21.7093,6.3765,0.0351686,7505.37,-13.8059,-0.332164,0.0
67470.0,-11.710714596736597,0.301651,-10.3311,0.0,278.57,26.6483,3.5908,0.301651,7565.69,-10.4126,0.831951,0.0
67480.0,-8.428614596736596,0.528745,-10.3311,0.0,328.21,22.7094,0.308703,0.528745,7631.28,-8.86961,0.804426,0.0
67490.0,-6.789904596736596,0.682439,-10.3311,0.0,163.872,15.3695,-1.33002,0.682439,7680.77,-8.98135,0.733462,0.0
67500.0,-6.666884596736596,0.766288,-10.3311,0.0,12.3013,8.38488,-1.45303,0.766288,7709.71,-8.89475,0.850188,0.0
67510.0,-6.594104596736596,0.78898,-10.3311,0.0,7.27861,2.26913,-1.52582,0.78898,7726.08,-8.43019,0.778477,0.0
67520.0,-6.459274596736597,0.790894,-10.3311,0.0,13.4822,0.191409,-1.66064,0.790894,7735.88,-8.59314,0.785082,0.0
67530.0,-6.352944596736597,0.791145,-10.3311,0.0,10.6337,0.0251375,-1.76698,0.791145,7741.69,-8.52808,0.827005,0.0
67540.0,-6.307744596736596,0.794901,-10.3311,0.0,4.52028,0.375634,-1.81218,0.794901,7745.95,-8.48425,0.851994,0.0
67550.0,-6.255444596736597,0.795922,-10.3311,0.0,5.22933,0.10209,-1.86447,0.795922,7750.58,-8.3661,0.817051,0.0
67560.0,-6.188184596736596,0.79222,-10.3311,0.0,6.72668,-0.370223,-1.93174,0.79222,7755.96,-8.27399,0.796451,0.0
67570.0,-6.175784596736596,0.787392,-10.3311,0.0,1.23909,-0.482842,-1.94413,0.787392,7761.59,-8.4974,0.577005,0.0
67580.0,-6.168294596736596,0.777483,-10.3311,0.0,0.749928,-0.990911,-1.95163,0.777483,7767.14,-8.33562,0.869913,0.0
67590.0,-6.186134596736597,0.766241,-10.3311,0.0,-1.78473,-1.12413,-1.93378,0.766241,7773.34,-8.42578,0.762973,0.0
67600.0,-6.187814596736596,0.756972,-10.3311,0.0,-0.167754,-0.926952,-1.9321,0.756972,7781.29,-8.38359,0.858425,0.0
67610.0,-6.197164596736597,0.752879,-10.3311,0.0,-0.934595,-0.40922,-1.92276,0.752879,7791.05,-8.30002,0.713852,0.0
67620.0,-6.213334596736596,0.751797,-10.3311,0.0,-1.61747,-0.108272,-1.90658,0.751797,7801.44,-8.49397,0.75221,0.0
67630.0,-6.2200745967365965,0.750517,-10.3311,0.0,-0.674025,-0.128016,-1.89984,0.750517,7811.69,-8.62441,0.754964,0.0
67640.0,-6.249184596736596,0.750034,-10.3311,0.0,-2.91054,-0.0482379,-1.87074,0.750034,7822.72,-8.471,0.882721,0.0
67650.0,-6.279864596736596,0.749204,-10.3311,0.0,-3.06841,-0.0829983,-1.84005,0.749204,7835.11,-8.42196,0.69146,0.0
67660.0,-6.296994596736596,0.746104,-10.3311,0.0,-1.7128,-0.310059,-1.82293,0.746104,7847.22,-8.51916,0.94364,0.0
67670.0,-6.288114596736596,0.738236,-10.3311,0.0,0.888179,-0.78678,-1.83181,0.738236,7856.89,-8.67559,0.707853,0.0
67680.0,-6.288254596736596,0.728083,-10.3311,0.0,-0.0142028,-1.01525,-1.83167,0.728083,7863.28,-8.49688,0.755331,0.0
67690.0,-6.289004596736596,0.718264,-10.3311,0.0,-0.0751094,-0.981915,-1.83092,0.718264,7867.21,-8.50086,0.501136,0.0
67700.0,-6.2932245967365965,0.710501,-10.3311,0.0,-0.422463,-0.776313,-1.82669,0.710501,7870.56,-8.43169,0.714149,0.0
67710.0,-6.282804596736597,0.70236,-10.3311,0.0,1.04251,-0.814138,-1.83712,0.70236,7875.02,-8.48985,0.808529,0.0
67720.0,-6.279114596736596,0.694854,-10.3311,0.0,0.368835,-0.750616,-1.8408,0.694854,7881.26,-8.58318,0.527086,0.0
67730.0,-6.262034596736596,0.687776,-10.3311,0.0,1.70793,-0.707744,-1.85788,0.687776,7888.94,-8.45663,0.641403,0.0
67740.0,-6.279084596736597,0.683599,-10.3311,0.0,-1.70436,-0.417682,-1.84084,0.683599,7896.99,-8.51816,0.799858,0.0
67750.0,-6.266874596736596,0.676851,-10.3311,0.0,1.2208,-0.674795,-1.85305,0.676851,7904.71,-8.40204,0.653931,0.0
67760.0,-6.251284596736596,0.668388,-10.3311,0.0,1.55899,-0.846327,-1.86864,0.668388,7911.96,-8.5116,0.767996,0.0
67770.0,-6.267664596736596,0.662795,-10.3311,0.0,-1.63839,-0.55931,-1.85225,0.662795,7918.46,-8.57554,0.560497,0.0
67780.0,-6.283134596736597,0.660473,-10.3311,0.0,-1.54676,-0.232235,-1.83679,0.660473,7925.28,-8.41538,0.690585,0.0
67790.0,-6.336224596736596,0.663358,-10.3311,0.0,-5.30901,0.288561,-1.7837,0.663358,7934.88,-8.60197,0.576293,0.0
67800.0,-6.376284596736596,0.667646,-10.3311,0.0,-4.00583,0.428817,-1.74364,0.667646,7947.37,-8.56671,0.545252,0.0
67810.0,-6.414924596736597,0.672649,-10.3311,0.0,-3.86419,0.500268,-1.705,0.672649,7959.7,-8.64904,0.786903,0.0
67820.0,-6.455134596736597,0.676046,-10.3311,0.0,-4.02126,0.339649,-1.66478,0.676046,7969.47,-8.7897,0.676307,0.0
67830.0,-6.484044596736597,0.676082,-10.3311,0.0,-2.89077,0.00365507,-1.63588,0.676082,7977.3,-8.77181,0.642336,0.0
67840.0,-6.506734596736596,0.676226,-10.3311,0.0,-2.26873,0.0144308,-1.61319,0.676226,7984.58,-8.671,0.803937,0.0
67850.0,-6.519034596736596,0.680609,-10.3311,0.0,-1.23029,0.43822,-1.60089,0.680609,7991.66,-8.79925,0.717652,0.0
67860.0,-6.5348245967365965,0.689011,-10.3311,0.0,-1.57937,0.840232,-1.58509,0.689011,7999.01,-8.73254,0.744648,0.0
67870.0,-6.535114596736596,0.696108,-10.3311,0.0,-0.0291484,0.709668,-1.5848,0.696108,8007.24,-8.88774,0.583973,0.0
67880.0,-6.533614596736596,0.701456,-10.3311,0.0,0.150384,0.534836,-1.5863,0.701456,8016.35,-8.7622,0.60985,0.0
67890.0,-6.503714596736597,0.704219,-10.3311,0.0,2.98989,0.276279,-1.6162,0.704219,8025.41,-8.70466,0.575995,0.0
67900.0,-6.445224596736596,0.70601,-10.3311,0.0,5.84954,0.179164,-1.6747,0.70601,8033.26,-8.53514,0.673033,0.0
67910.0,-6.389424596736596,0.712336,-10.3311,0.0,5.57919,0.632518,-1.73049,0.712336,8039.58,-8.52656,0.745763,0.0
67920.0,-6.373974596736597,0.726054,-10.3311,0.0,1.54585,1.37187,-1.74595,0.726054,8045.25,-8.58292,0.709261,0.0
67930.0,-6.367944596736596,0.73952,-10.3311,0.0,0.602129,1.34656,-1.75197,0.73952,8052.5,-8.47451,0.745169,0.0
67940.0,-6.3660945967365965,0.747724,-10.3311,0.0,0.185531,0.820441,-1.75383,0.747724,8062.31,-8.58325,0.803681,0.0
67950.0,-6.366624596736596,0.751658,-10.3311,0.0,-0.053236,0.393413,-1.75329,0.751658,8072.36,-8.57547,0.762405,0.0
67960.0,-6.366554596736597,0.753588,-10.3311,0.0,0.00748429,0.192999,-1.75337,0.753588,8081.08,-8.47116,0.78038,0.0
67970.0,-6.366504596736597,0.754396,-10.3311,0.0,0.0046248,0.0808003,-1.75341,0.754396,8090.38,-8.57994,0.745951,0.0
67980.0,-6.368244596736597,0.753823,-10.3311,0.0,-0.17432,-0.0573271,-1.75167,0.753823,8101.95,-8.65066,0.959243,0.0
67990.0,-6.407614596736597,0.751707,-10.3311,0.0,-3.93627,-0.211576,-1.71231,0.751707,8115.27,-8.50188,0.6529,0.0
68000.0,-6.417854596736596,0.740128,-10.3311,0.0,-1.02456,-1.15791,-1.70206,0.740128,8128.96,-8.71361,0.767613,0.0
68010.0,-6.431664596736596,0.720432,-10.3311,0.0,-1.38055,-1.9696,-1.68826,0.720432,8141.26,-8.66815,0.706921,0.0
68020.0,-6.416084596736596,0.695689,-10.3311,0.0,1.5577,-2.47435,-1.70383,0.695689,8151.69,-8.60267,0.594989,0.0
68030.0,-6.436484596736596,0.671957,-10.3311,0.0,-2.03984,-2.37319,-1.68344,0.671957,8161.02,-8.61143,0.526303,0.0
68040.0,-6.438884596736596,0.645389,-10.3311,0.0,-0.240247,-2.65673,-1.68103,0.645389,8168.44,-8.65052,0.675906,0.0
68050.0,-6.443674596736596,0.622804,-10.3311,0.0,-0.478729,-2.25852,-1.67625,0.622804,8172.88,-8.66808,0.723626,0.0
68060.0,-6.515584596736597,0.614262,-10.3311,0.0,-7.19105,-0.854255,-1.60434,0.614262,8175.79,-8.8666,0.451265,0.0
68070.0,-6.540294596736597,0.611485,-10.3311,0.0,-2.47058,-0.27771,-1.57963,0.611485,8179.42,-8.82151,0.46327,0.0
68080.0,-6.541244596736597,0.611187,-10.3311,0.0,-0.0959603,-0.0297515,-1.57867,0.611187,8184.02,-8.78924,0.51283,0.0
68090.0,-6.541154596736597,0.611886,-10.3311,0.0,0.00927881,0.0698495,-1.57876,0.611886,8188.84,-8.6344,0.610613,0.0
68100.0,-6.539914596736596,0.612401,-10.3311,0.0,0.124338,0.0515138,-1.58001,0.612401,8194.29,-8.65912,0.602256,0.0
68110.0,-6.539844596736597,0.612702,-10.3311,0.0,0.00704081,0.0301475,-1.58008,0.612702,8201.05,-8.64568,0.799491,0.0
68120.0,-6.541134596736596,0.61305,-10.3311,0.0,-0.129627,0.0347922,-1.57878,0.61305,8209.77,-8.777,0.682919,0.0
68130.0,-6.571194596736596,0.614864,-10.3311,0.0,-3.00579,0.18134,-1.54872,0.614864,8219.82,-8.92106,0.6326,0.0
68140.0,-6.5778545967365964,0.613906,-10.3311,0.0,-0.666073,-0.0957928,-1.54206,0.613906,8228.52,-8.80628,0.350637,0.0
68150.0,-6.588224596736596,0.609721,-10.3311,0.0,-1.03621,-0.418428,-1.5317,0.609721,8234.2,-8.88238,0.491431,0.0
68160.0,-6.589294596736597,0.598398,-10.3311,0.0,-0.107448,-1.13231,-1.53062,0.598398,8237.78,-8.8271,0.574946,0.0
68170.0,-6.590084596736597,0.578464,-10.3311,0.0,-0.079128,-1.99346,-1.52983,0.578464,8240.8,-8.78828,0.654612,0.0
68180.0,-6.582664596736597,0.55398,-10.3311,0.0,0.741732,-2.44839,-1.53725,0.55398,8243.94,-8.77458,0.343353,0.0
68190.0,-6.554624596736597,0.533266,-10.3311,0.0,2.80435,-2.07139,-1.56529,0.533266,8247.39,-8.61387,0.460227,0.0
68200.0,-6.524744596736596,0.520317,-10.3311,0.0,2.98789,-1.29485,-1.59517,0.520317,8250.96,-8.73799,0.578466,0.0
68210.0,-6.511114596736597,0.511722,-10.3311,0.0,1.36314,-0.859581,-1.6088,0.511722,8254.15,-8.64572,0.48124,0.0
68220.0,-6.510324596736597,0.50403,-10.3311,0.0,0.0787764,-0.769143,-1.60959,0.50403,8257.34,-8.71875,0.498329,0.0
68230.0,-6.496334596736597,0.496751,-10.3311,0.0,1.39912,-0.727916,-1.62358,0.496751,8262.68,-8.83643,0.534289,0.0
68240.0,-6.508904596736597,0.493777,-10.3311,0.0,-1.2564,-0.297421,-1.61102,0.493777,8271.09,-8.729,0.581858,0.0
68250.0,-6.509724596736596,0.491917,-10.3311,0.0,-0.0829775,-0.186015,-1.61019,0.491917,8279.36,-8.64015,0.486305,0.0
68260.0,-6.513174596736597,0.490624,-10.3311,0.0,-0.344664,-0.129243,-1.60674,0.490624,8284.02,-8.82176,0.427502,0.0
68270.0,-6.511884596736596,0.489293,-10.3311,0.0,0.129133,-0.133119,-1.60803,0.489293,8285.49,-8.71591,0.400599,0.0
68280.0,-6.511864596736597,0.488425,-10.3311,0.0,0.00176254,-0.0867662,-1.60805,0.488425,8285.75,-8.71344,0.475454,0.0
68290.0,-6.511914596736597,0.488138,-10.3311,0.0,-0.00518243,-0.0287743,-1.608,0.488138,8285.77,-8.81605,0.48991,0.0
68300.0,-6.512664596736597,0.489269,-10.3311,0.0,-0.07455,0.113138,-1.60725,0.489269,8285.77,-8.73032,0.55838,0.0
68310.0,-6.512364596736596,0.493835,-10.3311,0.0,0.029811,0.456587,-1.60755,0.493835,8285.77,-8.71464,0.594258,0.0
68320.0,-6.5100045967365965,0.503934,-10.3311,0.0,0.236674,1.00995,-1.60992,0.503934,8285.77,-8.72838,0.483699,0.0
68330.0,-6.506114596736596,0.518612,-10.3311,0.0,0.388869,1.46774,-1.61381,0.518612,8285.77,-8.57883,0.464039,0.0
68340.0,-6.474724596736596,0.532276,-10.3311,0.0,3.13852,1.36642,-1.64519,0.532276,8285.79,-8.5947,0.502745,0.0
68350.0,-6.431434596736597,0.542182,-10.3311,0.0,4.32907,0.990575,-1.68848,0.542182,8285.92,-8.71648,0.54627,0.0
68360.0,-6.414154596736596,0.54917,-10.3311,0.0,1.72807,0.698798,-1.70577,0.54917,8286.5,-8.43964,0.591292,0.0
68370.0,-6.413504596736596,0.553572,-10.3311,0.0,0.0651092,0.440264,-1.70642,0.553572,8288.01,-8.64785,0.614355,0.0
68380.0,-6.419314596736596,0.556438,0.0,0.0,-0.58127,0.286546,-8.6305,0.556438,8290.62,-8.59491,0.700138,0.0
68390.0,-6.420284596736597,0.557713,0.0,0.0,-0.0968759,0.127549,-8.63147,0.557713,8293.83,-8.66724,0.529117,0.0
68400.0,-6.438624596736597,0.558758,0.0,0.0,-1.83397,0.104423,-8.64981,0.558758,8296.81,-8.58733,0.554813,0.0
68410.0,-6.456014596736596,0.556942,0.0,0.0,-1.73894,-0.181565,-8.6672,0.556942,8298.84,-8.66971,0.563123,0.0
68420.0,-6.485014596736596,0.542621,0.0,0.0,-2.89975,-1.43213,-8.6962,0.542621,8299.79,-8.75829,0.795339,0.0
68430.0,-6.543134596736596,0.486079,0.0,0.0,-5.81194,-5.65411,-8.75432,0.486079,8300.11,-8.59917,0.610004,0.0
68440.0,-6.700684596736597,0.351342,0.0,0.0,-15.7552,-13.4737,-8.91187,0.351342,8300.46,-9.28739,0.196355,0.0
68450.0,-6.955074596736596,0.149002,0.0,0.0,-25.439,-20.234,-9.16626,0.149002,8301.28,-10.1896,-0.131094,0.0
68460.0,-6.9767845967365965,-0.0577275,0.0,0.0,-2.1712,-20.6729,-9.18797,-0.0577275,8302.7,-10.1491,-0.321397,0.0
68470.0,-6.967004596736597,-0.188821,0.0,0.0,0.978082,-13.1094,-9.17819,-0.188821,8304.56,-9.32571,-0.130687,0.0
68480.0,-6.553724596736597,-0.272531,0.0,0.0,41.3278,-8.37095,-8.76491,-0.272531,8307.08,-8.23788,-0.519009,0.0
68490.0,-5.786264596736597,-0.340249,0.0,0.0,76.7461,-6.77177,-7.99745,-0.340249,8310.99,-7.28702,-0.719474,0.0
68500.0,-5.2243445967365965,-0.383502,0.0,0.0,56.1915,-4.32538,-7.43553,-0.383502,8317.49,-6.97375,-0.482476,0.0
68510.0,-4.709674596736598,-0.416724,0.0,0.0,51.4677,-3.32216,-6.92086,-0.416724,8330.05,-6.45625,-0.339421,0.0
68520.0,-4.251434596736598,-0.435624,0.0,0.0,45.8241,-1.88996,-6.46262,-0.435624,8351.82,-6.01615,-0.540284,0.0
68530.0,-3.484214596736597,-0.463018,0.0,0.0,76.7216,-2.73948,-5.6954,-0.463018,8378.28,-4.83648,-0.350169,0.0
68540.0,-2.941684596736597,-0.475142,0.0,0.0,54.253,-1.21233,-5.15287,-0.475142,8400.48,-5.12053,-0.297001,0.0
68550.0,-2.894574596736597,-0.463259,0.0,0.0,4.71087,1.1883,-5.10576,-0.463259,8416.11,-5.13887,-0.603277,0.0
68560.0,-2.8454345967365966,-0.45796,0.0,0.0,4.91388,0.529869,-5.05662,-0.45796,8428.77,-5.03538,-0.410252,0.0
68570.0,-2.8799245967365965,-0.457682,0.0,0.0,-3.44854,0.0278195,-5.09111,-0.457682,8439.33,-4.96324,-0.474402,0.0
68580.0,-2.844254596736597,-0.47239,0.0,0.0,3.56683,-1.47079,-5.05544,-0.47239,8446.31,-5.00555,-0.471816,0.0
68590.0,-2.8151945967365966,-0.496942,0.0,0.0,2.90628,-2.45522,-5.02638,-0.496942,8450.17,-5.0938,-0.289038,0.0
68600.0,-2.803104596736597,-0.516155,0.0,0.0,1.20909,-1.92132,-5.01429,-0.516155,8452.39,-5.05768,-0.666327,0.0
68610.0,-2.730744596736597,-0.525911,0.0,0.0,7.23598,-0.975624,-4.94193,-0.525911,8454.01,-4.76574,-0.660302,0.0
68620.0,-2.664144596736597,-0.533122,0.0,0.0,6.65972,-0.721044,-4.87533,-0.533122,8456.04,-4.93482,-0.646111,0.0
68630.0,-2.6610745967365967,-0.537914,0.0,0.0,0.307033,-0.479182,-4.87226,-0.537914,8460.14,-4.82453,-0.57156,0.0
68640.0,-2.647954596736597,-0.537571,0.0,0.0,1.31187,0.0343028,-4.85914,-0.537571,8466.85,-4.88079,-0.690221,0.0
68650.0,-2.643984596736597,-0.52282,0.0,0.0,0.397147,1.47511,-4.85517,-0.52282,8473.82,-4.92834,-0.473197,0.0
68660.0,-2.5638545967365967,-0.485709,0.0,0.0,8.01333,3.71106,-4.77504,-0.485709,8478.93,-4.63343,-0.570175,0.0
68670.0,-2.0086745967365967,-0.443704,0.0,0.0,55.5177,4.20051,-4.21986,-0.443704,8483.45,-2.11241,0.0522006,0.0
68680.0,-1.2106445967365969,-0.406185,0.0,0.0,79.8033,3.75184,-3.42183,-0.406185,8489.68,-2.79173,-0.341226,0.0
68690.0,-0.825834596736597,-0.370631,0.0,0.0,38.4809,3.55548,-3.03702,-0.370631,8498.39,-3.0734,-0.103125,0.0
68700.0,-0.7462045967365971,-0.349722,0.0,0.0,7.96291,2.09091,-2.95739,-0.349722,8508.15,-2.95374,-0.335085,0.0
68710.0,-0.7363045967365971,-0.341793,0.0,0.0,0.990008,0.79281,-2.94749,-0.341793,8516.57,-2.88116,-0.350046,0.0
68720.0,-0.7235345967365969,-0.33812,0.0,0.0,1.27673,0.36737,-2.93472,-0.33812,8522.77,-2.9578,-0.385376,0.0
68730.0,-0.692224596736597,-0.334953,0.0,0.0,3.13078,0.316645,-2.90341,-0.334953,8528.14,-2.73876,-0.0966859,0.0
68740.0,-0.6690145967365968,-0.33143,0.0,0.0,2.32174,0.352362,-2.8802,-0.33143,8534.07,-2.85179,-0.355258,0.0
68750.0,-0.6678645967365968,-0.328807,0.0,0.0,0.11407,0.262221,-2.87905,-0.328807,8540.09,-2.88894,-0.331079,0.0
68760.0,-0.6678745967365969,-0.328846,0.0,0.0,-0.000267092,-0.00382141,-2.87906,-0.328846,8545.25,-2.80807,-0.288539,0.0
68770.0,-0.6692845967365968,-0.332455,0.0,0.0,-0.141495,-0.360936,-2.88047,-0.332455,8550.34,-2.95537,-0.205051,0.0
68780.0,-0.6971345967365967,-0.340339,0.0,0.0,-2.7843,-0.788444,-2.90832,-0.340339,8556.26,-3.01641,-0.297019,0.0
68790.0,-0.7224745967365971,-0.353267,0.0,0.0,-2.53443,-1.29271,-2.93366,-0.353267,8562.11,-2.86625,-0.562701,0.0
68800.0,-0.7434345967365967,-0.367142,0.0,0.0,-2.09638,-1.3875,-2.95462,-0.367142,8566.33,-2.95566,-0.5788,0.0
68810.0,-0.7810445967365971,-0.376266,0.0,0.0,-3.76051,-0.912405,-2.99223,-0.376266,8567.77,-2.99431,-0.377882,0.0
68820.0,-0.7608545967365967,-0.3823,0.0,0.0,2.01894,-0.60346,-2.97204,-0.3823,8565.86,-3.05604,-0.390818,0.0
68830.0,-0.7794945967365967,-0.382403,0.0,0.0,-1.86437,-0.0102795,-2.99068,-0.382403,8560.66,-3.09841,-0.395299,0.0
68840.0,-0.7801245967365968,-0.379142,0.0,0.0,-0.0629647,0.326093,-2.99131,-0.379142,8553.5,-2.96225,-0.243507,0.0
68850.0,-0.7789145967365969,-0.368199,0.0,0.0,0.12136,1.09432,-2.9901,-0.368199,8545.91,-3.03675,-0.2044,0.0
68860.0,-0.767804596736597,-0.349622,0.0,0.0,1.11058,1.85771,-2.97899,-0.349622,8538.83,-2.96092,-0.384258,0.0
68870.0,-0.7668245967365968,-0.331004,0.0,0.0,0.0984539,1.86182,-2.97801,-0.331004,8533.41,-2.91876,-0.45958,0.0
68880.0,-0.7842745967365969,-0.3192,0.0,0.0,-1.74466,1.1804,-2.99546,-0.3192,8529.66,-2.97009,-0.110636,0.0
68890.0,-0.7967345967365969,-0.313633,0.0,0.0,-1.24674,0.556655,-3.00792,-0.313633,8526.02,-3.0269,-0.239179,0.0
68900.0,-0.796954596736597,-0.309239,0.0,0.0,-0.0216089,0.439443,-3.00814,-0.309239,8519.6,-3.04587,-0.402045,0.0
68910.0,-0.7952145967365971,-0.299762,0.0,0.0,0.174133,0.947619,-3.0064,-0.299762,8506.8,-3.03475,-0.163755,0.0
68920.0,-0.7695645967365969,-0.28354,0.0,0.0,2.5643,1.6222,-2.98075,-0.28354,8486.3,-2.88443,-0.478229,0.0
68930.0,-0.7584945967365968,-0.263943,0.0,0.0,1.10794,1.95977,-2.96968,-0.263943,8461.25,-2.98544,-0.228748,0.0
68940.0,-0.7176345967365969,-0.24668,0.0,0.0,4.08535,1.72633,-2.92882,-0.24668,8436.03,-2.87874,-0.418254,0.0
68950.0,-0.6858745967365971,-0.223506,0.0,0.0,3.17629,2.31735,-2.89706,-0.223506,8411.52,-3.0148,-0.280911,0.0
68960.0,-0.6791145967365968,-0.185751,0.0,0.0,0.676321,3.77546,-2.8903,-0.185751,8386.92,-2.9242,-0.172558,0.0
68970.0,-0.6223945967365969,-0.140717,0.0,0.0,5.67136,4.5034,-2.83358,-0.140717,8362.12,-2.28793,0.00248552,0.0
68980.0,-0.5192045967365968,-0.105323,0.0,0.0,10.3189,3.53943,-2.73039,-0.105323,8333.98,-2.69748,-0.06457,0.0
68990.0,-0.447314596736597,-0.0879375,0.0,0.0,7.18915,1.73857,-2.6585,-0.0879375,8298.95,-2.55887,-0.049905,0.0
69000.0,-0.42700459673659674,-0.0832192,0.0,0.0,2.03146,0.471832,-2.63819,-0.0832192,8260.56,-2.64107,-0.00752127,0.0
69010.0,-0.4062845967365969,-0.0859498,0.0,0.0,2.07148,-0.273068,-2.61747,-0.0859498,8226.74,-2.65991,-0.00818303,0.0
69020.0,-0.3905445967365968,-0.0956911,0.0,0.0,1.57433,-0.974127,-2.60173,-0.0956911,8200.38,-2.41421,-0.160281,0.0
69030.0,-0.34825459673659687,-0.11415,0.0,0.0,4.229,-1.8459,-2.55944,-0.11415,8175.65,-2.5532,-0.235827,0.0
69040.0,-0.2966345967365971,-0.134551,0.0,0.0,5.16228,-2.04004,-2.50782,-0.134551,8144.61,-2.66259,-0.145674,0.0
69050.0,-0.2964545967365968,-0.147577,0.0,0.0,0.0177029,-1.30261,-2.50764,-0.147577,8107.2,-2.49195,-0.131902,0.0
69060.0,-0.32249459673659686,-0.153539,0.0,0.0,-2.60443,-0.596285,-2.53368,-0.153539,8070.69,-2.38363,0.0060488,0.0
69070.0,-0.324004596736597,-0.157283,0.0,0.0,-0.150973,-0.374312,-2.53519,-0.157283,8039.61,-2.65313,-0.173094,0.0
69080.0,-0.3267545967365968,-0.160259,0.0,0.0,-0.274662,-0.297695,-2.53794,-0.160259,8014.09,-2.67786,-0.0909745,0.0
69090.0,-0.3272945967365968,-0.166145,0.0,0.0,-0.0541135,-0.588578,-2.53848,-0.166145,7992.74,-2.44904,-0.184823,0.0
69100.0,-0.3271745967365969,-0.178109,0.0,0.0,0.0121386,-1.19638,-2.53836,-0.178109,7971.71,-2.55673,-0.221441,0.0
69110.0,-0.30573459673659675,-0.19473,0.0,0.0,2.14407,-1.66211,-2.51692,-0.19473,7949.21,-2.51059,-0.298993,0.0
69120.0,-0.30512459673659675,-0.207367,0.0,0.0,0.0608911,-1.26373,-2.51631,-0.207367,7929.0,-2.49529,-0.108666,0.0
69130.0,-0.2933545967365969,-0.213955,0.0,0.0,1.17699,-0.65878,-2.50454,-0.213955,7912.59,-2.43165,-0.247917,0.0
69140.0,-0.2911645967365968,-0.215394,0.0,0.0,0.218459,-0.143926,-2.50235,-0.215394,7897.14,-2.5569,-0.311713,0.0
69150.0,-0.26407459673659694,-0.215635,0.0,0.0,2.70924,-0.0240062,-2.47526,-0.215635,7882.81,-2.2983,-0.231509,0.0
69160.0,-0.22599459673659705,-0.215836,0.0,0.0,3.80805,-0.020173,-2.43718,-0.215836,7871.19,-2.46691,-0.209591,0.0
69170.0,-0.20095459673659688,-0.216514,0.0,0.0,2.50378,-0.0677396,-2.41214,-0.216514,7859.74,-2.3745,-0.106943,0.0
69180.0,-0.19978459673659676,-0.216694,0.0,0.0,0.117266,-0.0180738,-2.41097,-0.216694,7845.45,-2.39601,-0.199856,0.0
69190.0,-0.19627459673659686,-0.216252,0.0,0.0,0.351153,0.0442199,-2.40746,-0.216252,7829.21,-2.34625,-0.134681,0.0
69200.0,-0.19676459673659696,-0.216045,0.0,0.0,-0.0494323,0.0207262,-2.40795,-0.216045,7814.05,-2.46167,-0.213252,0.0
69210.0,-0.21199459673659682,-0.21815,0.0,0.0,-1.52296,-0.2105,-2.42318,-0.21815,7803.01,-2.4222,-0.28169,0.0
69220.0,-0.21323459673659695,-0.225919,0.0,0.0,-0.123187,-0.776925,-2.42442,-0.225919,7797.23,-2.45544,-0.234627,0.0
69230.0,-0.21277459673659704,-0.238526,0.0,0.0,0.0451453,-1.2607,-2.42396,-0.238526,7794.5,-2.44215,-0.209669,0.0
69240.0,-0.18267459673659703,-0.252791,0.0,0.0,3.01056,-1.42649,-2.39386,-0.252791,7791.65,-2.29369,-0.387221,0.0
69250.0,-0.1854345967365969,-0.262006,0.0,0.0,-0.276414,-0.921482,-2.39662,-0.262006,7787.37,-2.24681,-0.317613,0.0
69260.0,-0.1832645967365969,-0.267648,0.0,0.0,0.216975,-0.564195,-2.39445,-0.267648,7782.83,-2.49296,-0.152,0.0
69270.0,-0.18461459673659686,-0.270274,0.0,0.0,-0.135058,-0.262651,-2.3958,-0.270274,7779.38,-2.43788,-0.308001,0.0
69280.0,-0.2140945967365968,-0.270029,0.0,0.0,-2.94737,0.0245644,-2.42528,-0.270029,7777.21,-2.42252,-0.261067,0.0
69290.0,-0.2244645967365968,-0.270485,0.0,0.0,-1.0376,-0.045611,-2.43565,-0.270485,7776.4,-2.45028,-0.139091,0.0
69300.0,-0.22487459673659682,-0.272233,0.0,0.0,-0.0405953,-0.174781,-2.43606,-0.272233,7777.18,-2.4528,-0.405419,0.0
69310.0,-0.22157459673659696,-0.274579,0.0,0.0,0.330016,-0.234651,-2.43276,-0.274579,7779.33,-2.33189,-0.282599,0.0
69320.0,-0.20354459673659697,-0.276457,0.0,0.0,1.80258,-0.187792,-2.41473,-0.276457,7782.7,-2.45255,-0.201369,0.0
69330.0,-0.17056459673659674,-0.277439,0.0,0.0,3.29791,-0.0982013,-2.38175,-0.277439,7787.24,-2.24121,-0.316378,0.0
69340.0,-0.15259459673659714,-0.278343,0.0,0.0,1.79713,-0.0904297,-2.36378,-0.278343,7791.74,-2.36787,-0.185341,0.0
69350.0,-0.13237459673659702,-0.282185,0.0,0.0,2.02253,-0.384207,-2.34356,-0.282185,7795.15,-2.29531,-0.296912,0.0
69360.0,-0.11272459673659707,-0.287602,0.0,0.0,1.96477,-0.541674,-2.32391,-0.287602,7798.59,-2.35346,-0.195286,0.0
69370.0,-0.10664459673659676,-0.2914,0.0,0.0,0.607753,-0.379799,-2.31783,-0.2914,7804.54,-2.30955,-0.309553,0.0
69380.0,-0.10088459673659678,-0.293674,0.0,0.0,0.575898,-0.227367,-2.31207,-0.293674,7813.15,-2.3057,-0.19486,0.0
69390.0,-0.10048459673659682,-0.295352,0.0,0.0,0.0404837,-0.167783,-2.31167,-0.295352,7821.08,-2.32325,-0.296215,0.0
69400.0,-0.09391459673659686,-0.299056,0.0,0.0,0.656452,-0.370452,-2.3051,-0.299056,7826.46,-2.25493,-0.290774,0.0
69410.0,-0.08128459673659671,-0.308437,0.0,0.0,1.26293,-0.938072,-2.29247,-0.308437,7829.97,-2.28358,-0.268458,0.0
69420.0,-0.04885459673659698,-0.328102,0.0,0.0,3.24364,-1.96655,-2.26004,-0.328102,7831.89,-2.17398,-0.326088,0.0
69430.0,-0.03607459673659674,-0.353891,0.0,0.0,1.27779,-2.57889,-2.24726,-0.353891,7832.59,-2.28132,-0.468605,0.0
69440.0,-0.03372459673659689,-0.378439,0.0,0.0,0.235291,-2.45477,-2.24491,-0.378439,7832.92,-2.1937,-0.381656,0.0
69450.0,-0.03499459673659677,-0.397927,0.0,0.0,-0.127718,-1.9488,-2.24618,-0.397927,7833.41,-2.26752,-0.436856,0.0
69460.0,-0.03668459673659674,-0.412784,0.0,0.0,-0.168196,-1.48568,-2.24787,-0.412784,7833.95,-2.25376,-0.461939,0.0
69470.0,-0.05128459673659691,-0.42496,0.0,0.0,-1.46031,-1.21761,-2.26247,-0.42496,7834.19,-2.31075,-0.513387,0.0
69480.0,-0.059974596736597,-0.435444,0.0,0.0,-0.868689,-1.04844,-2.27116,-0.435444,7834.18,-2.14842,-0.346787,0.0
69490.0,-0.0644645967365971,-0.443523,0.0,0.0,-0.449377,-0.807907,-2.27565,-0.443523,7834.29,-2.39977,-0.376323,0.0
69500.0,-0.06389459673659692,-0.453412,0.0,0.0,0.057501,-0.988815,-2.27508,-0.453412,7834.5,-2.29733,-0.324299,0.0
69510.0,-0.032114596736597,-0.472933,0.0,0.0,3.17779,-1.95212,-2.2433,-0.472933,7834.52,-2.24564,-0.445135,0.0
69520.0,-0.030354596736597017,-0.500234,0.0,0.0,0.175862,-2.73015,-2.24154,-0.500234,7834.17,-2.17002,-0.558534,0.0
69530.0,0.02105540326340316,-0.528345,0.0,0.0,5.14125,-2.81101,-2.19013,-0.528345,7833.14,-2.30824,-0.554127,0.0
69540.0,0.04464540326340316,-0.543777,0.0,0.0,2.35825,-1.54321,-2.16654,-0.543777,7830.38,-2.15319,-0.492162,0.0
69550.0,0.05369540326340294,-0.548519,0.0,0.0,0.905639,-0.474192,-2.15749,-0.548519,7825.62,-2.05414,-0.54335,0.0
69560.0,0.05405540326340308,-0.54867,0.0,0.0,0.0359634,-0.0151387,-2.15713,-0.54867,7820.85,-2.07547,-0.68288,0.0
69570.0,0.05330540326340305,-0.546043,0.0,0.0,-0.0751637,0.262715,-2.15788,-0.546043,7817.95,-2.15312,-0.578338,0.0
69580.0,0.030535403263403094,-0.536693,0.0,0.0,-2.27716,0.934979,-2.18065,-0.536693,7816.27,-2.21184,-0.571934,0.0
69590.0,-0.013854596736596836,-0.514855,0.0,0.0,-4.43867,2.18378,-2.22504,-0.514855,7814.49,-2.34759,-0.527971,0.0
69600.0,-0.03062459673659701,-0.481322,0.0,0.0,-1.67719,3.35334,-2.24181,-0.481322,7812.7,-2.23827,-0.413594,0.0
69610.0,-0.02877459673659688,-0.445825,0.0,0.0,0.18514,3.54967,-2.23996,-0.445825,7811.55,-2.2388,-0.433175,0.0
69620.0,-0.02647459673659691,-0.417083,0.0,0.0,0.230071,2.87418,-2.23766,-0.417083,7811.07,-2.3611,-0.468141,0.0
69630.0,-0.01989459673659688,-0.393797,0.0,0.0,0.658205,2.32866,-2.23108,-0.393797,7810.9,-2.21471,-0.343007,0.0
69640.0,-0.003574596736596991,-0.375293,0.0,0.0,1.63153,1.85036,-2.21476,-0.375293,7810.79,-2.15935,-0.333083,0.0
69650.0,-0.0015845967365968328,-0.363763,0.0,0.0,0.199483,1.15305,-2.21277,-0.363763,7810.74,-2.1821,-0.299251,0.0
69660.0,0.01005540326340304,-0.359301,0.0,0.0,1.16395,0.446157,-2.20113,-0.359301,7810.78,-2.10981,-0.234555,0.0
69670.0,0.011715403263403257,-0.357837,0.0,0.0,0.165977,0.146371,-2.19947,-0.357837,7810.97,-2.23212,-0.311366,0.0
69680.0,0.024795403263403237,-0.358977,0.0,0.0,1.30734,-0.113966,-2.18639,-0.358977,7811.88,-2.16461,-0.360818,0.0
69690.0,0.05780540326340322,-0.363404,0.0,0.0,3.30105,-0.442746,-2.15338,-0.363404,7815.02,-2.44822,-0.367874,0.0
69700.0,0.3180554032634031,-0.37916,0.0,0.0,26.0253,-1.57553,-1.89313,-0.37916,7821.95,-1.75266,-0.493208,0.0
69710.0,2.476829403263403,-0.467327,0.0,0.0,215.877,-8.81676,0.265644,-0.467327,7832.91,2.13781,-0.598412,0.0
69720.0,6.312345403263404,-0.591876,0.0,0.0,383.552,-12.4548,4.10116,-0.591876,7847.31,6.19073,-0.72153,0.0
69730.0,8.604765403263404,-0.64935,0.0,0.0,229.242,-5.74748,6.39358,-0.64935,7863.21,7.272,-0.602249,0.0
69740.0,9.193385403263402,-0.659519,0.0,0.0,58.8623,-1.01687,6.9822,-0.659519,7877.04,7.35271,-0.57578,0.0
69750.0,9.467605403263404,-0.658376,0.0,0.0,27.4221,0.11429,7.25642,-0.658376,7886.92,7.24412,-0.762906,0.0
69760.0,9.712715403263402,-0.653406,0.0,0.0,24.5112,0.496996,7.50153,-0.653406,7894.57,7.75826,-0.562186,0.0
69770.0,9.938215403263403,-0.647028,0.0,0.0,22.55,0.637785,7.72703,-0.647028,7901.66,7.73947,-0.622046,0.0
69780.0,9.948685403263402,-0.636391,0.0,0.0,1.04712,1.06377,7.7375,-0.636391,7907.43,7.82535,-0.440461,0.0
69790.0,9.949085403263403,-0.628153,0.0,0.0,0.0400041,0.82376,7.7379,-0.628153,7911.11,7.7242,-0.621252,0.0
69800.0,9.940385403263402,-0.623906,0.0,0.0,-0.869804,0.424741,7.7292,-0.623906,7914.01,7.57895,-0.705186,0.0
69810.0,9.936955403263402,-0.622579,0.0,0.0,-0.343227,0.132662,7.72577,-0.622579,7917.78,7.71547,-0.73601,0.0
69820.0,9.932875403263402,-0.62257,0.0,0.0,-0.408434,0.000895141,7.72169,-0.62257,7922.87,7.61821,-0.630501,0.0
69830.0,9.931845403263402,-0.623554,0.0,0.0,-0.102435,-0.098359,7.72066,-0.623554,7929.94,7.65521,-0.560155,0.0
69840.0,9.914055403263403,-0.625235,0.0,0.0,-1.77934,-0.168112,7.70287,-0.625235,7940.04,7.90256,-0.555608,0.0
69850.0,9.903295403263403,-0.628126,0.0,0.0,-1.07586,-0.289087,7.69211,-0.628126,7952.23,7.78719,-0.614098,0.0
69860.0,9.901605403263403,-0.632285,0.0,0.0,-0.169158,-0.415943,7.69042,-0.632285,7963.38,7.66185,-0.447643,0.0
69870.0,9.879975403263403,-0.63838,-10.3311,0.0,-2.16249,-0.609479,-17.9999,-0.63838,7971.22,7.747,-0.635519,0.0
69880.0,9.846825403263404,-0.648537,-10.3311,0.0,-3.31525,-1.01571,-17.9667,-0.648537,7975.84,7.52938,-0.674106,0.0
69890.0,9.845195403263403,-0.662039,-10.3311,0.0,-0.163135,-1.35021,-17.9651,-0.662039,7978.32,7.46352,-0.764469,0.0
69900.0,9.867225403263403,-0.673513,-10.3311,0.0,2.20285,-1.14739,-17.9871,-0.673513,7979.79,7.7314,-0.532026,0.0
69910.0,9.854895403263402,-0.679043,-10.3311,0.0,-1.23291,-0.552981,-17.9748,-0.679043,7981.03,7.75086,-0.769242,0.0
69920.0,9.868245403263403,-0.681823,-10.3311,0.0,1.33533,-0.278062,-17.9882,-0.681823,7981.99,7.75526,-0.771793,0.0
69930.0,9.868715403263403,-0.683431,-10.3311,0.0,0.0469755,-0.160807,-17.9886,-0.683431,7982.5,7.64941,-0.809111,0.0
69940.0,9.866385403263402,-0.684361,-10.3311,0.0,-0.233822,-0.0929805,-17.9863,-0.684361,7982.66,7.64701,-0.669557,0.0
69950.0,9.813925403263402,-0.683653,-10.3311,0.0,-5.24519,0.0708604,-17.9338,-0.683653,7982.63,7.55267,-0.601059,0.0
69960.0,9.780525403263404,-0.683043,-10.3311,0.0,-3.34055,0.0610026,-17.9004,-0.683043,7982.36,7.37253,-0.621588,0.0
69970.0,9.759305403263403,-0.682834,-10.3311,0.0,-2.12182,0.0208486,-17.8792,-0.682834,7981.22,7.55408,-0.697782,0.0
69980.0,9.752155403263403,-0.684199,-10.3311,0.0,-0.71502,-0.136497,-17.8721,-0.684199,7977.57,7.58592,-0.700394,0.0
69990.0,9.735415403263403,-0.689123,-10.3311,0.0,-1.67436,-0.492403,-17.8553,-0.689123,7969.24,7.52389,-0.653772,0.0
70000.0,9.733075403263403,-0.699499,-10.3311,0.0,-0.233797,-1.0376,-17.853,-0.699499,7955.39,7.38333,-0.742132,0.0
70010.0,9.717385403263403,-0.711545,-10.3311,0.0,-1.56902,-1.2046,-17.8373,-0.711545,7938.71,7.51313,-0.53312,0.0
70020.0,9.715875403263404,-0.720639,-10.3311,0.0,-0.151022,-0.90943,-17.8358,-0.720639,7923.4,7.50285,-0.72288,0.0
70030.0,9.715285403263403,-0.725201,-10.3311,0.0,-0.0582792,-0.456179,-17.8352,-0.725201,7909.82,7.44975,-0.752854,0.0
70040.0,9.712015403263402,-0.727448,-10.3311,0.0,-0.327958,-0.224705,-17.8319,-0.727448,7895.88,7.51847,-0.734534,0.0
70050.0,9.717925403263402,-0.728037,-10.3311,0.0,0.591317,-0.0588474,-17.8378,-0.728037,7883.04,7.5141,-0.838402,0.0
70060.0,9.728755403263403,-0.724658,-10.3311,0.0,1.08326,0.337911,-17.8487,-0.724658,7874.1,7.45894,-0.754027,0.0
70070.0,9.731325403263403,-0.714855,-10.3311,0.0,0.256913,0.98026,-17.8512,-0.714855,7868.49,7.75379,-0.627756,0.0
70080.0,9.759835403263404,-0.699917,-10.3311,0.0,2.85114,1.49383,-17.8798,-0.699917,7863.72,7.62025,-0.657678,0.0
70090.0,9.770095403263403,-0.681449,-10.3311,0.0,1.02619,1.84675,-17.89,-0.681449,7857.18,7.48923,-0.835927,0.0
70100.0,9.807725403263403,-0.663862,-10.3311,0.0,3.76258,1.75871,-17.9276,-0.663862,7847.03,7.69952,-0.524978,0.0
70110.0,9.824585403263404,-0.651316,-10.3311,0.0,1.68597,1.25464,-17.9445,-0.651316,7833.58,7.55604,-0.532006,0.0
70120.0,9.821135403263403,-0.644828,-10.3311,0.0,-0.344964,0.6488,-17.9411,-0.644828,7819.32,7.60708,-0.625344,0.0
70130.0,9.821155403263402,-0.642424,-10.3311,0.0,0.00243834,0.240351,-17.9411,-0.642424,7807.51,7.67201,-0.859306,0.0
70140.0,9.821165403263404,-0.642352,-10.3311,0.0,0.0006921,0.00722116,-17.9411,-0.642352,7799.92,7.60451,-0.715066,0.0
70150.0,9.820985403263403,-0.644243,-10.3311,0.0,-0.0181742,-0.189147,-17.9409,-0.644243,7795.86,7.51202,-0.699893,0.0
70160.0,9.820975403263404,-0.648273,-10.3311,0.0,-0.00115208,-0.402959,-17.9409,-0.648273,7794.06,7.67697,-0.60946,0.0
70170.0,9.828835403263403,-0.656256,-10.3311,0.0,0.786713,-0.798325,-17.9488,-0.656256,7793.44,7.58087,-0.564107,0.0
70180.0,9.829955403263403,-0.668545,-10.3311,0.0,0.11184,-1.22891,-17.9499,-0.668545,7793.09,7.67564,-0.695774,0.0
70190.0,9.827505403263403,-0.683677,-10.3311,0.0,-0.245388,-1.51312,-17.9474,-0.683677,7792.81,7.79453,-0.697132,0.0
70200.0,9.799845403263403,-0.703466,-10.3311,0.0,-2.76614,-1.97893,-17.9198,-0.703466,7792.72,7.52326,-0.927191,0.0
70210.0,9.770905403263404,-0.729291,-10.3311,0.0,-2.89365,-2.58247,-17.8908,-0.729291,7793.0,7.48003,-0.528996,0.0
70220.0,9.746945403263403,-0.754023,-10.3311,0.0,-2.3965,-2.47324,-17.8669,-0.754023,7794.28,7.43283,-0.808182,0.0
70230.0,9.744515403263403,-0.769897,-10.3311,0.0,-0.242333,-1.58735,-17.8644,-0.769897,7797.24,7.56861,-0.880863,0.0
70240.0,9.746935403263404,-0.77569,-10.3311,0.0,0.241652,-0.579344,-17.8669,-0.77569,7801.47,7.55648,-0.793945,0.0
70250.0,9.814505403263404,-0.776413,-10.3311,0.0,6.75677,-0.0723328,-17.9344,-0.776413,7805.55,7.6866,-0.741353,0.0
70260.0,9.819675403263403,-0.773732,-10.3311,0.0,0.517244,0.268079,-17.9396,-0.773732,7808.5,7.65714,-0.689981,0.0
70270.0,9.863935403263403,-0.773416,-10.3311,0.0,4.42627,0.0316303,-17.9839,-0.773416,7810.51,7.64701,-0.91148,0.0
70280.0,9.865155403263403,-0.775599,-10.3311,0.0,0.121724,-0.218284,-17.9851,-0.775599,7812.73,7.49371,-0.847344,0.0
70290.0,9.851495403263403,-0.779369,-10.3311,0.0,-1.36632,-0.37701,-17.9714,-0.779369,7817.12,7.76761,-0.793227,0.0
70300.0,9.813385403263403,-0.781608,-10.3311,0.0,-3.8106,-0.223849,-17.9333,-0.781608,7824.34,7.63841,-0.676785,0.0
70310.0,9.765705403263404,-0.782242,-10.3311,0.0,-4.76816,-0.0634639,-17.8856,-0.782242,7831.57,7.54835,-0.549136,0.0
70320.0,9.811435403263403,-0.785826,-10.3311,0.0,4.57274,-0.358368,-17.9314,-0.785826,7835.89,7.5235,-0.754844,0.0
70330.0,9.814705403263403,-0.792946,-10.3311,0.0,0.326906,-0.711998,-17.9346,-0.792946,7837.71,7.50421,-0.951401,0.0
70340.0,9.914955403263402,-0.808869,-10.3311,0.0,10.0251,-1.59236,-18.0349,-0.808869,7838.74,7.91404,-0.816784,0.0
70350.0,11.332885403263404,-0.856193,-10.3311,0.0,141.793,-4.73231,-19.4528,-0.856193,7839.77,10.5446,-1.10225,0.0
70360.0,12.683685403263404,-0.903446,-10.3311,0.0,135.085,-4.72538,-20.8036,-0.903446,7840.76,11.1034,-0.924796,0.0
70370.0,12.748085403263403,-0.931786,-10.3311,0.0,6.43492,-2.834,-20.868,-0.931786,7841.35,10.486,-0.929997,0.0
70380.0,12.764685403263403,-0.956867,-10.3311,0.0,1.65962,-2.50807,-20.8846,-0.956867,7841.54,10.5362,-0.853251,0.0
70390.0,12.843685403263404,-0.977753,-10.3311,0.0,7.9039,-2.08856,-20.9636,-0.977753,7841.49,10.9085,-0.998746,0.0
70400.0,13.007385403263404,-0.994019,-10.3311,0.0,16.365,-1.62659,-21.1273,-0.994019,7841.05,10.945,-0.961259,0.0
70410.0,13.104085403263403,-1.00799,-10.3311,0.0,9.67256,-1.39744,-21.224,-1.00799,7839.74,10.88,-1.02104,0.0
70420.0,13.125585403263404,-1.02427,-10.3311,0.0,2.14942,-1.6275,-21.2455,-1.02427,7837.13,10.8542,-1.04386,0.0
70430.0,13.137485403263403,-1.04011,-10.3311,0.0,1.19006,-1.5847,-21.2574,-1.04011,7833.29,10.992,-1.13724,0.0
70440.0,13.137485403263403,-1.04919,-10.3311,0.0,-0.00312558,-0.907031,-21.2574,-1.04919,7828.82,10.9227,-0.999914,0.0
70450.0,13.145185403263403,-1.05207,-10.3311,0.0,0.770953,-0.288048,-21.2651,-1.05207,7824.74,10.9326,-1.16944,0.0
70460.0,13.154285403263403,-1.05168,-10.3311,0.0,0.915437,0.0385208,-21.2742,-1.05168,7822.02,10.913,-1.15344,0.0
70470.0,13.155685403263403,-1.04707,-10.3311,0.0,0.141277,0.460568,-21.2756,-1.04707,7820.81,11.0108,-1.08775,0.0
70480.0,13.170485403263404,-1.0345,-10.3311,0.0,1.471,1.25752,-21.2904,-1.0345,7820.48,10.9633,-1.03444,0.0
70490.0,13.189885403263403,-1.01377,-10.3311,0.0,1.94077,2.07309,-21.3098,-1.01377,7820.38,11.1767,-0.932609,0.0
70500.0,13.193485403263404,-0.991862,-10.3311,0.0,0.3641,2.1907,-21.3134,-0.991862,7820.1,11.0304,-0.981574,0.0
70510.0,13.198385403263403,-0.975803,-10.3311,0.0,0.494025,1.60591,-21.3183,-0.975803,7819.25,10.962,-0.988591,0.0
70520.0,13.199685403263404,-0.965166,-10.3311,0.0,0.122889,1.06367,-21.3196,-0.965166,7817.61,10.9161,-0.815343,0.0
70530.0,13.200585403263403,-0.956223,-10.3311,0.0,0.0912106,0.894267,-21.3205,-0.956223,7815.08,10.9686,-1.06456,0.0
70540.0,13.202985403263403,-0.948145,-10.3311,0.0,0.245542,0.807795,-21.3229,-0.948145,7811.64,10.8958,-0.92956,0.0
70550.0,13.242285403263404,-0.940186,-10.3311,0.0,3.93128,0.795962,-21.3623,-0.940186,7807.71,11.1988,-0.864297,0.0
70560.0,13.276685403263404,-0.925226,-10.3311,0.0,3.43606,1.49596,-21.3966,-0.925226,7803.3,11.0735,-1.01908,0.0
70570.0,13.280585403263403,-0.900262,-10.3311,0.0,0.392095,2.49637,-21.4005,-0.900262,7797.92,11.0359,-0.751668,0.0
70580.0,13.281385403263403,-0.874746,-10.3311,0.0,0.081313,2.55167,-21.4013,-0.874746,7792.42,11.1404,-0.747036,0.0
70590.0,13.241185403263403,-0.856115,-10.3311,0.0,-4.02726,1.86304,-21.3611,-0.856115,7788.52,11.0031,-0.838665,0.0
70600.0,13.209685403263403,-0.841803,-10.3311,0.0,-3.14306,1.43122,-21.3296,-0.841803,7786.7,10.9736,-1.02866,0.0
70610.0,13.198085403263404,-0.826601,-10.3311,0.0,-1.16434,1.52021,-21.318,-0.826601,7786.12,10.9433,-0.855675,0.0
70620.0,13.198885403263404,-0.810993,-10.3311,0.0,0.0811724,1.5608,-21.3188,-0.810993,7785.96,10.8749,-0.654733,0.0
70630.0,13.194685403263403,-0.794576,-10.3311,0.0,-0.425061,1.64167,-21.3146,-0.794576,7785.79,11.0894,-0.651993,0.0
70640.0,13.197485403263403,-0.770547,-10.3311,0.0,0.284334,2.40296,-21.3174,-0.770547,7785.18,11.0087,-0.846634,0.0
70650.0,13.215685403263404,-0.737177,-10.3311,0.0,1.82234,3.33701,-21.3356,-0.737177,7783.0,10.9858,-0.782652,0.0
70660.0,13.219885403263403,-0.702926,-10.3311,0.0,0.414928,3.42503,-21.3398,-0.702926,7777.54,11.0677,-0.585437,0.0
70670.0,13.221385403263403,-0.676435,-10.3311,0.0,0.152524,2.64916,-21.3413,-0.676435,7768.51,11.1616,-0.612812,0.0
70680.0,13.195585403263404,-0.660521,-10.3311,0.0,-2.58132,1.59138,-21.3155,-0.660521,7758.03,10.8915,-0.514924,0.0
70690.0,13.182585403263403,-0.652961,-10.3311,0.0,-1.30065,0.756017,-21.3025,-0.652961,7748.87,10.9426,-0.921778,0.0
70700.0,13.182485403263403,-0.648408,-10.3311,0.0,-0.00886536,0.45532,-21.3024,-0.648408,7742.3,10.9146,-0.722464,0.0
70710.0,13.182985403263404,-0.64489,-10.3311,0.0,0.0484736,0.351751,-21.3029,-0.64489,7737.64,10.9615,-0.767527,0.0
70720.0,13.186485403263404,-0.643063,-10.3311,0.0,0.349606,0.182703,-21.3064,-0.643063,7733.48,10.9818,-0.627408,0.0
70730.0,13.197585403263403,-0.642382,-10.3311,0.0,1.11195,0.0681569,-21.3175,-0.642382,7729.03,11.131,-0.659428,0.0
70740.0,13.214585403263403,-0.640639,-10.3311,0.0,1.70569,0.174261,-21.3346,-0.640639,7724.28,11.0184,-0.558102,0.0
70750.0,13.251085403263403,-0.634227,-10.3311,0.0,3.64197,0.641191,-21.371,-0.634227,7720.21,11.1843,-0.498248,0.0
70760.0,13.275085403263404,-0.619057,-10.3311,0.0,2.40085,1.51702,-21.395,-0.619057,7717.74,11.0763,-0.586533,0.0
70770.0,13.278485403263403,-0.594825,-10.3311,0.0,0.339955,2.42321,-21.3984,-0.594825,7716.66,11.063,-0.694186,0.0
70780.0,13.280385403263404,-0.566081,-10.3311,0.0,0.189456,2.87441,-21.4003,-0.566081,7716.16,11.0115,-0.458984,0.0
70790.0,13.257485403263404,-0.540535,-10.3311,0.0,-2.28393,2.5546,-21.3774,-0.540535,7715.66,11.0469,-0.599529,0.0
70800.0,13.219185403263403,-0.522945,-10.3311,0.0,-3.82984,1.75901,-21.3391,-0.522945,7714.86,10.9466,-0.472042,0.0
70810.0,13.176585403263404,-0.510532,-10.3311,0.0,-4.25921,1.2413,-21.2965,-0.510532,7713.73,10.9875,-0.513164,0.0
70820.0,13.139785403263403,-0.500062,-10.3311,0.0,-3.68783,1.04692,-21.2597,-0.500062,7712.37,10.8363,-0.265404,0.0
70830.0,13.125885403263403,-0.491429,-10.3311,0.0,-1.38159,0.863321,-21.2459,-0.491429,7711.08,10.938,-0.465495,0.0
70840.0,13.125985403263403,-0.485165,-10.3311,0.0,0.00624218,0.626463,-21.2459,-0.485165,7710.63,10.883,-0.553425,0.0
70850.0,13.127685403263403,-0.481605,-10.3311,0.0,0.171306,0.355992,-21.2476,-0.481605,7711.68,10.9156,-0.495424,0.0
70860.0,13.159585403263403,-0.479952,-10.3311,0.0,3.18894,0.16526,-21.2795,-0.479952,7714.1,10.9812,-0.470991,0.0
70870.0,13.184685403263403,-0.47768,-10.3311,0.0,2.5085,0.22716,-21.3046,-0.47768,7717.08,11.0239,-0.400666,0.0
70880.0,13.200685403263403,-0.475023,-10.3311,0.0,1.6024,0.265739,-21.3206,-0.475023,7720.36,11.1621,-0.437045,0.0
70890.0,13.211785403263404,-0.473316,-10.3311,0.0,1.10742,0.170741,-21.3317,-0.473316,7724.26,10.9681,-0.46835,0.0
70900.0,13.212285403263403,-0.472238,-10.3311,0.0,0.0519699,0.107805,-21.3322,-0.472238,7727.92,11.0142,-0.522903,0.0
70910.0,13.210785403263403,-0.471323,-10.3311,0.0,-0.147827,0.0914117,-21.3307,-0.471323,7730.24,11.0274,-0.304012,0.0
70920.0,13.197385403263404,-0.470663,-10.3311,0.0,-1.34392,0.0660726,-21.3173,-0.470663,7731.56,11.0042,-0.39943,0.0
70930.0,13.210185403263404,-0.470687,-10.3311,0.0,1.28437,-0.00242745,-21.3301,-0.470687,7732.78,10.9481,-0.479985,0.0
70940.0,13.195785403263404,-0.470226,-10.3311,0.0,-1.44136,0.0461093,-21.3157,-0.470226,7734.15,10.8091,-0.595031,0.0
70950.0,13.171185403263404,-0.469723,-10.3311,0.0,-2.45982,0.0503313,-21.2911,-0.469723,7735.46,11.02,-0.673381,0.0
70960.0,13.138585403263404,-0.470125,-10.3311,0.0,-3.26036,-0.040265,-21.2585,-0.470125,7736.84,10.8391,-0.46325,0.0
70970.0,13.128185403263403,-0.471817,-10.3311,0.0,-1.04296,-0.169165,-21.2481,-0.471817,7738.61,10.9585,-0.364656,0.0
70980.0,13.146985403263404,-0.473903,-10.3311,0.0,1.88479,-0.208586,-21.2669,-0.473903,7740.46,10.9178,-0.347784,0.0
70990.0,13.148585403263404,-0.475968,-10.3311,0.0,0.151553,-0.206483,-21.2685,-0.475968,7741.8,10.8742,-0.287219,0.0
71000.0,13.169985403263404,-0.480474,-10.3311,0.0,2.14015,-0.450653,-21.2899,-0.480474,7742.79,11.0304,-0.504289,0.0
71010.0,13.217185403263404,-0.488162,-10.3311,0.0,4.72476,-0.768808,-21.3371,-0.488162,7744.45,11.0881,-0.534709,0.0
71020.0,13.227685403263404,-0.495336,-10.3311,0.0,1.04803,-0.717411,-21.3476,-0.495336,7747.18,11.1002,-0.492274,0.0
71030.0,13.250585403263404,-0.500162,-10.3311,0.0,2.28866,-0.482612,-21.3705,-0.500162,7749.91,10.9735,-0.772124,0.0
71040.0,13.254685403263403,-0.503734,-10.3311,0.0,0.413293,-0.357146,-21.3746,-0.503734,7751.48,10.9844,-0.498765,0.0
71050.0,13.254385403263404,-0.508685,-10.3311,0.0,-0.0352983,-0.495151,-21.3743,-0.508685,7752.14,11.0165,-0.67136,0.0
71060.0,13.254885403263403,-0.516689,-10.3311,0.0,0.0562635,-0.800386,-21.3748,-0.516689,7752.58,11.2973,-0.532281,0.0
71070.0,13.287585403263403,-0.532014,-10.3311,0.0,3.26747,-1.53248,-21.4075,-0.532014,7752.8,11.0724,-0.273305,0.0
71080.0,13.353685403263404,-0.556713,-10.3311,0.0,6.61116,-2.46986,-21.4736,-0.556713,7752.52,11.2062,-0.249602,0.0
71090.0,13.432285403263403,-0.581964,-10.3311,0.0,7.86063,-2.52514,-21.5522,-0.581964,7751.79,11.3258,-0.635559,0.0
71100.0,13.434285403263404,-0.596192,-10.3311,0.0,0.198463,-1.42283,-21.5542,-0.596192,7750.69,11.2228,-0.657082,0.0
71110.0,13.432985403263404,-0.601179,-10.3311,0.0,-0.129181,-0.498662,-21.5529,-0.601179,7749.04,11.3207,-0.608784,0.0
71120.0,13.411985403263403,-0.603493,-10.3311,0.0,-2.10416,-0.231417,-21.5319,-0.603493,7747.04,11.1176,-0.64146,0.0
71130.0,13.341685403263403,-0.605887,-10.3311,0.0,-7.03029,-0.239434,-21.4616,-0.605887,7745.65,11.1305,-0.574333,0.0
71140.0,13.332185403263404,-0.608906,-10.3311,0.0,-0.94391,-0.301872,-21.4521,-0.608906,7745.35,11.139,-0.563548,0.0
71150.0,13.292285403263403,-0.610808,-10.3311,0.0,-3.98894,-0.190184,-21.4122,-0.610808,7745.51,11.048,-0.552036,0.0
71160.0,13.246185403263404,-0.615197,-10.3311,0.0,-4.61269,-0.438936,-21.3661,-0.615197,7745.55,10.8891,-0.687049,0.0
71170.0,13.242885403263404,-0.628303,-10.3311,0.0,-0.327447,-1.31052,-21.3628,-0.628303,7745.5,11.0103,-0.588188,0.0
71180.0,13.244585403263404,-0.65049,-10.3311,0.0,0.171243,-2.21875,-21.3645,-0.65049,7745.6,10.9753,-0.845223,0.0
71190.0,13.334085403263403,-0.675849,-10.3311,0.0,8.94346,-2.53593,-21.454,-0.675849,7746.14,11.2423,-0.615272,0.0
71200.0,13.371785403263404,-0.697309,-10.3311,0.0,3.77326,-2.14597,-21.4917,-0.697309,7747.32,11.2317,-0.682409,0.0
71210.0,13.437785403263403,-0.721412,-10.3311,0.0,6.60302,-2.41032,-21.5577,-0.721412,7749.31,11.3267,-0.711724,0.0
71220.0,13.435285403263403,-0.752128,-10.3311,0.0,-0.256251,-3.07153,-21.5552,-0.752128,7752.14,11.0715,-0.858282,0.0
71230.0,13.379385403263404,-0.780245,-10.3311,0.0,-5.58817,-2.81175,-21.4993,-0.780245,7755.09,11.2878,-0.799706,0.0
71240.0,13.391585403263404,-0.796659,-10.3311,0.0,1.22443,-1.64141,-21.5115,-0.796659,7756.83,11.0345,-0.802031,0.0
71250.0,13.395385403263404,-0.80249,-10.3311,0.0,0.377925,-0.583113,-21.5153,-0.80249,7757.12,11.1228,-0.640534,0.0
71260.0,13.478485403263404,-0.805454,-10.3311,0.0,8.30425,-0.296356,-21.5984,-0.805454,7757.35,11.2546,-0.805233,0.0
71270.0,13.483985403263404,-0.808231,-10.3311,0.0,0.551166,-0.277695,-21.6039,-0.808231,7758.44,11.289,-0.806141,0.0
71280.0,13.513985403263403,-0.816738,-10.3311,0.0,3.00431,-0.85075,-21.6339,-0.816738,7760.16,11.3582,-0.852888,0.0
71290.0,13.547385403263403,-0.835162,-10.3311,0.0,3.34284,-1.84239,-21.6673,-0.835162,7761.61,11.4083,-0.928986,0.0
71300.0,13.545985403263403,-0.866208,-10.3311,0.0,-0.141211,-3.10451,-21.6659,-0.866208,7761.25,11.2945,-1.03906,0.0
71310.0,13.546785403263403,-0.913546,-10.3311,0.0,0.0795725,-4.73385,-21.6667,-0.913546,7758.59,11.4345,-0.776741,0.0
71320.0,13.525185403263404,-0.972189,-10.3311,0.0,-2.16501,-5.86426,-21.6451,-0.972189,7754.89,11.1489,-1.10033,0.0
71330.0,13.516685403263404,-0.972087,-10.3311,0.0,-0.843596,0.0101462,-21.6366,-0.972087,7754.89,11.3271,-0.855973,0.0
71340.0,13.482485403263404,-0.971674,-10.3311,0.0,-3.42019,0.0412967,-21.6024,-0.971674,7754.89,11.3042,-1.04755,0.0
71350.0,13.482485403263404,-0.971674,-10.3311,0.0,0.0,0.0,-21.6024,-0.971674,7754.89,11.2179,-1.10069,0.0
