Resolution,1920,1080,Distance,58,Width,47.5,Subject,G006-GB,Test,CC9-05072018-130310,Calibration,CC9-05072018-130310,Analizer, 1.0.0
Time(ms),GazeX(deg),GazeY(deg),StimulusX(deg),StimulusY(deg),GazeVelX(deg/s),GazeVelY(deg/s),ErrorX(deg),ErrorY(deg),PupilArea(px^2),GazeRawX(deg),GazeRawY(deg),Blinks
0,-20.6073,11.461,-21.8484,12.5059,0,0,1.24112,-1.04488,6881.06,-20.6075,11.4622,0
0,-20.6073,11.461,-21.8484,12.5059,nan,nan,1.24112,-1.04488,6881.06,-20.6333,11.575,0
6,-20.6038,11.4363,-21.8484,12.5059,0.575172,-4.12007,1.24458,-1.0696,6881.06,-20.4275,11.3673,0
17,-20.5672,11.3997,-21.8484,12.5059,3.33174,-3.32874,1.28122,-1.10621,6881.06,-20.6922,11.4262,0
27,-20.5629,11.3975,-21.8484,12.5059,0.428102,-0.223832,1.28551,-1.10845,6874.76,-20.6111,11.1939,0
38,-20.502,11.3816,-21.8484,12.5059,5.53332,-1.44421,1.34637,-1.12434,6863.52,-20.3191,11.2933,0
46,-20.5,11.3693,-21.8484,12.5059,0.258772,-1.53175,1.34844,-1.13659,6855.05,-20.6339,11.5328,0
58,-20.4989,11.3898,-21.8484,12.5059,0.0922593,1.70494,1.34955,-1.11613,6847.86,-20.4797,11.53,0
65,-20.5043,11.446,-21.8484,12.5059,-0.782758,8.03673,1.34407,-1.05988,6842.66,-20.4685,11.3064,0
77,-20.5264,11.454,-21.8484,12.5059,-1.8417,0.661445,1.32197,-1.05194,6839.72,-20.5856,11.5924,0
85,-20.5274,11.4542,-21.8484,12.5059,-0.120157,0.0291437,1.32101,-1.05171,6837.51,-20.6686,11.6653,0
96,-20.5277,11.4541,-21.8484,12.5059,-0.0293955,-0.0114213,1.32069,-1.05183,6834.27,-20.4053,11.3569,0
104,-20.5361,11.4562,-21.8484,12.5059,-1.05103,0.263559,1.31228,-1.04972,6829.62,-20.5506,11.5343,0
116,-20.5513,11.4597,-21.8484,12.5059,-1.26146,0.291787,1.29714,-1.04622,6823.6,-20.6387,11.4911,0
128,-20.5497,11.4522,-21.8484,12.5059,0.134081,-0.626188,1.29875,-1.05374,6815.97,-20.3511,11.3157,0
136,-20.5129,11.4426,-21.8484,12.5059,4.59691,-1.19676,1.33552,-1.06331,6807.67,-20.6798,11.6363,0
148,-20.533,11.451,-21.8484,12.5059,-1.67729,0.697753,1.3154,-1.05494,6800.82,-20.5825,11.5643,0
156,-20.5367,11.5283,-21.8484,12.5059,-0.464707,9.66165,1.31168,-0.977645,6796.61,-20.3702,11.3445,0
168,-20.4788,11.5428,-21.8484,12.5059,4.8276,1.21176,1.36961,-0.963103,6794.51,-20.6213,11.6782,0
176,-20.4781,11.5452,-21.8484,12.5059,0.0910303,0.293611,1.37034,-0.960755,6793.24,-20.5641,11.7019,0
188,-20.5214,11.5891,-21.8484,12.5059,-3.6068,3.66063,1.32706,-0.916827,6792.12,-20.3494,11.4787,0
196,-20.5611,11.6286,-21.8484,12.5059,-4.96639,4.94334,1.28733,-0.87728,6791.21,-20.5999,11.6743,0
208,-20.5634,11.6317,-21.8484,12.5059,-0.191803,0.258219,1.28502,-0.874182,6790.65,-20.6389,11.6725,0
216,-20.5779,11.6646,-21.8484,12.5059,-1.81069,4.10358,1.27054,-0.841353,6790.35,-20.5444,11.5451,0
228,-20.5794,11.6664,-21.8484,12.5059,-0.125662,0.148346,1.26903,-0.839573,6790.15,-20.7105,11.7704,0
236,-20.599,11.6755,-21.8484,12.5059,-2.4532,1.14141,1.2494,-0.830442,6789.94,-20.6994,11.7886,0
248,-20.5971,11.7091,-21.8484,12.5059,0.155179,2.80432,1.25127,-0.79679,6789.68,-20.3826,11.2926,0
256,-20.6399,11.7218,-21.8484,12.5059,-5.34997,1.58106,1.20847,-0.784141,6789.42,-20.7084,11.6276,0
268,-20.6436,11.7292,-21.8484,12.5059,-0.303863,0.620282,1.20482,-0.776698,6789.32,-20.6009,11.7604,0
276,-20.6676,11.7004,-21.8484,12.5059,-2.99933,-3.60349,1.18083,-0.805526,6789.69,-20.5164,11.5206,0
288,-20.6717,11.7354,-21.8484,12.5059,-0.346526,2.91947,1.17667,-0.770492,6791.03,-20.7998,11.8344,0
298,-20.6742,11.7637,-21.8484,12.5059,-0.244078,2.82487,1.17423,-0.742243,6793.76,-20.8249,11.8282,0
309,-20.673,11.7457,-21.8484,12.5059,0.104861,-1.63811,1.17538,-0.760263,6797.41,-20.5646,11.5634,0
316,-20.6735,11.7508,-21.8484,12.5059,-0.0653904,0.73356,1.17492,-0.755128,6800.86,-20.8043,11.7906,0
328,-20.675,11.7519,-21.8484,12.5059,-0.129726,0.0883231,1.17337,-0.754068,6803.62,-20.7399,11.7487,0
335,-20.7099,11.7696,-21.8484,12.5059,-4.98193,2.53114,1.13849,-0.73635,6805.76,-20.5613,11.5773,0
347,-20.7106,11.7606,-21.8484,12.5059,-0.0575351,-0.751068,1.1378,-0.745363,6807.6,-20.7625,11.7902,0
355,-20.7123,11.754,-21.8484,12.5059,-0.205369,-0.817993,1.13616,-0.751907,6809.81,-20.8957,11.8213,0
367,-20.7635,11.7671,-21.8484,12.5059,-4.27381,1.09248,1.08487,-0.738797,6812.86,-20.6509,11.6617,0
379,-20.7672,11.7768,-21.8484,12.5059,-0.302621,0.806191,1.08124,-0.729123,6816.98,-20.8723,11.9146,0
388,-20.7794,11.7676,-21.8484,12.5059,-1.35698,-1.02491,1.06903,-0.738347,6821.82,-20.852,11.7667,0
399,-20.7666,11.7612,-21.8484,12.5059,1.16278,-0.576885,1.08182,-0.744692,6826.36,-20.6911,11.7829,0
407,-20.7658,11.761,-21.8484,12.5059,0.0952418,-0.0295431,1.08258,-0.744929,6829.89,-20.7915,11.7834,0
419,-20.7617,11.7603,-21.8484,12.5059,0.341624,-0.0595853,1.08668,-0.745644,6832.62,-20.7688,11.7233,0
427,-20.7622,11.7677,-21.8484,12.5059,-0.0576052,0.928203,1.08622,-0.738218,6835.13,-20.7495,11.741,0
439,-20.7625,11.771,-21.8484,12.5059,-0.0232589,0.270468,1.08594,-0.734973,6838.14,-20.7388,12.0082,0
447,-20.7674,11.8371,-21.8484,12.5059,-0.612284,8.27325,1.08104,-0.668787,6843.1,-20.7918,11.8153,0
459,-20.7478,11.835,-21.8484,12.5059,1.63244,-0.17578,1.10063,-0.670896,6850.49,-20.584,11.564,0
467,-20.7251,11.8274,-21.8484,12.5059,2.83638,-0.952749,1.12332,-0.678518,6857.5,-20.8691,12.022,0
479,-20.6995,11.7786,-21.8484,12.5059,2.12915,-4.06447,1.14887,-0.727292,6861.34,-20.8373,11.7092,0
487,-20.6729,11.78,-21.8484,12.5059,3.32784,0.165134,1.1755,-0.725971,6862.47,-20.5534,11.5527,0
499,-20.6718,11.7801,-21.8484,12.5059,0.0937227,0.0126617,1.17662,-0.725819,6862.48,-20.6775,11.787,0
507,-20.6719,11.7809,-21.8484,12.5059,-0.00868212,0.101037,1.17655,-0.72501,6861.96,-20.8582,11.8894,0
519,-20.674,11.8022,-21.8484,12.5059,-0.180219,1.77694,1.17439,-0.703687,6860.98,-20.6546,11.7596,0
527,-20.6886,11.8728,-21.8484,12.5059,-1.82198,8.81954,1.15981,-0.633131,6859.36,-20.7906,11.9533,0
539,-20.7214,11.9487,-21.8484,12.5059,-2.73731,6.32296,1.12696,-0.557255,6856.38,-20.9868,12.1404,0
547,-20.771,11.9907,-21.8484,12.5059,-6.19775,5.25988,1.07738,-0.515176,6851.71,-20.7009,11.9887,0
559,-20.8258,12.0068,-21.8484,12.5059,-4.56448,1.3366,1.02261,-0.499137,6846.19,-20.9457,12.0898,0
567,-20.873,12.0421,-21.8484,12.5059,-5.90221,4.41363,0.975391,-0.463828,6840.96,-20.9219,12.1146,0
579,-20.8968,12.0718,-21.8484,12.5059,-1.97986,2.47931,0.951633,-0.434076,6836.47,-20.848,11.9033,0
588,-20.8977,12.0731,-21.8484,12.5059,-0.106564,0.138075,0.950674,-0.432834,6832.31,-21.0828,12.2842,0
601,-20.8973,12.0748,-21.8484,12.5059,0.0311294,0.133407,0.951078,-0.431099,6827.86,-20.9548,12.1619,0
607,-20.8891,12.1164,-21.8484,12.5059,1.3685,6.93213,0.959289,-0.389507,6823.45,-20.7962,12.0029,0
619,-20.9114,12.1665,-21.8484,12.5059,-1.85623,4.17111,0.937015,-0.339453,6820.01,-20.9274,12.2874,0
631,-20.9124,12.1685,-21.8484,12.5059,-0.0876787,0.166647,0.935963,-0.337453,6817.92,-20.9073,12.1834,0
640,-20.914,12.1689,-21.8484,12.5059,-0.17183,0.0430321,0.934416,-0.337066,6816.93,-20.8267,12.0991,0
652,-20.9135,12.1674,-21.8484,12.5059,0.0410575,-0.124404,0.934909,-0.338559,6816.53,-20.9407,12.1913,0
662,-20.9006,12.131,-21.8484,12.5059,1.29303,-3.63274,0.947839,-0.374886,6816.16,-20.9026,11.9928,0
672,-20.8958,12.0842,-21.8484,12.5059,0.477875,-4.68508,0.952618,-0.421737,6814.83,-20.7484,11.9144,0
679,-20.8897,12.0639,-21.8484,12.5059,0.864526,-2.89411,0.958669,-0.441996,6810.91,-20.8674,12.105,0
691,-20.8895,12.0633,-21.8484,12.5059,0.0200559,-0.0505109,0.95891,-0.442602,6803.79,-20.9942,12.0767,0
699,-20.8897,12.0678,-21.8484,12.5059,-0.0291602,0.558487,0.958677,-0.438134,6795.51,-20.8854,11.9803,0
711,-20.8875,12.0674,-21.8484,12.5059,0.189671,-0.0320672,0.960953,-0.438519,6788.21,-21.0135,12.1296,0
720,-20.9227,12.0766,-21.8484,12.5059,-3.91928,1.02396,0.925679,-0.429303,6781.81,-21.0459,12.3272,0
730,-20.9604,12.0929,-21.8484,12.5059,-3.77008,1.62589,0.887979,-0.413044,6776.03,-20.7731,11.9962,0
738,-20.9645,12.1213,-21.8484,12.5059,-0.506616,3.54714,0.883926,-0.384667,6771.54,-20.9862,12.2613,0
750,-20.9712,12.1816,-21.8484,12.5059,-0.55789,5.02574,0.877231,-0.324358,6768.73,-21.0447,12.2688,0
758,-21.0027,12.201,-21.8484,12.5059,-3.93656,2.42517,0.845739,-0.304957,6767.29,-20.9371,12.0199,0
770,-21.0064,12.2144,-21.8484,12.5059,-0.306818,1.11856,0.842057,-0.291534,6766.39,-21.0899,12.2494,0
778,-21.0342,12.2229,-21.8484,12.5059,-3.47647,1.05899,0.814245,-0.283062,6764.72,-21.0818,12.1946,0
790,-21.0481,12.2448,-21.8484,12.5059,-1.15731,1.82573,0.800357,-0.261154,6761.11,-20.9541,11.9996,0
798,-21.0638,12.2301,-21.8484,12.5059,-1.96844,-1.83418,0.78461,-0.275827,6755.2,-21.2845,12.3961,0
810,-21.0882,12.2279,-21.8484,12.5059,-2.03316,-0.18168,0.760212,-0.278007,6748.06,-21.1461,12.3123,0
818,-21.1263,12.2376,-21.8484,12.5059,-4.76778,1.21054,0.722069,-0.268323,6742.12,-21.057,12.1535,0
830,-21.1753,12.256,-21.8484,12.5059,-4.07913,1.53288,0.67312,-0.249928,6738.96,-21.2953,12.2857,0
840,-21.2366,12.272,-21.8484,12.5059,-6.13068,1.59961,0.611813,-0.233932,6737.9,-21.306,12.2941,0
851,-21.2392,12.2727,-21.8484,12.5059,-0.236925,0.0608922,0.609207,-0.233263,6737.71,-21.1203,12.2174,0
859,-21.2382,12.2728,-21.8484,12.5059,0.127666,0.0223763,0.610228,-0.233083,6737.81,-21.2839,12.4402,0
871,-21.2147,12.2768,-21.8484,12.5059,1.95985,0.333902,0.633747,-0.229077,6737.93,-21.2977,12.4423,0
883,-21.2053,12.2743,-21.8484,12.5059,0.780789,-0.20878,0.643116,-0.231582,6738.05,-21.0325,12.0865,0
891,-21.1501,12.2479,-21.8484,12.5059,6.90375,-3.31073,0.698346,-0.258068,6738.36,-21.2186,12.2878,0
904,-21.1178,12.2391,-21.8484,12.5059,2.47929,-0.676612,0.730577,-0.266864,6739.08,-21.1143,12.1694,0
912,-21.1167,12.241,-21.8484,12.5059,0.138907,0.237782,0.731688,-0.264962,6740.13,-21.0723,12.1014,0
924,-21.1215,12.2936,-21.8484,12.5059,-0.396486,4.38773,0.72693,-0.212309,6741.04,-21.1532,12.4875,0
934,-21.1276,12.3371,-21.8484,12.5059,-0.616171,4.35125,0.720768,-0.168796,6741.51,-21.3077,12.5349,0
943,-21.1859,12.3985,-21.8484,12.5059,-6.47788,6.81557,0.662468,-0.107456,6741.65,-21.107,12.3419,0
951,-21.2557,12.5282,-21.8484,12.5059,-8.7149,16.2173,0.592748,0.0222827,6741.67,-21.2554,12.71,0
963,-21.2984,12.6207,-21.8484,12.5059,-3.5614,7.70768,0.550011,0.114775,6741.67,-21.3834,12.7357,0
971,-21.3073,12.6459,-21.8484,12.5059,-1.11461,3.14545,0.541095,0.139938,6741.68,-21.3206,12.6289,0
983,-21.3094,12.6529,-21.8484,12.5059,-0.176045,0.586561,0.538982,0.146977,6741.79,-21.3779,12.7208,0
991,-21.3396,12.6773,-21.8484,12.5059,-3.77273,3.05536,0.5088,0.17142,6742.25,-21.3422,12.7077,0
1003,-21.341,12.6925,-21.8484,12.5059,-0.119754,1.25917,0.507363,0.18653,6743.43,-21.2078,12.6107,0
1011,-21.3134,12.7014,-21.8484,12.5059,3.45143,1.11579,0.534975,0.195456,6745.55,-21.3777,12.8107,0
1023,-21.2876,12.6788,-21.8484,12.5059,2.15287,-1.88144,0.560809,0.172879,6748.43,-21.4309,12.7952,0
1031,-21.2667,12.6614,-21.8484,12.5059,2.60683,-2.17564,0.581664,0.155474,6751.55,-21.114,12.5209,0
1043,-21.2854,12.6653,-21.8484,12.5059,-1.55265,0.322124,0.563032,0.15934,6754.29,-21.2812,12.6361,0
1051,-21.286,12.6559,-21.8484,12.5059,-0.0733475,-1.17545,0.562445,0.149936,6756.7,-21.4324,12.6245,0
1063,-21.3019,12.6595,-21.8484,12.5059,-1.32585,0.305649,0.546535,0.153604,6759.79,-21.1966,12.5238,0
1071,-21.3327,12.6694,-21.8484,12.5059,-3.84763,1.2373,0.515754,0.163502,6764.59,-21.3577,12.692,0
1083,-21.3553,12.7229,-21.8484,12.5059,-1.88708,4.4571,0.493109,0.216987,6770.74,-21.4759,12.9705,0
1092,-21.362,12.7862,-21.8484,12.5059,-0.745243,7.03591,0.486402,0.28031,6776.82,-21.3509,12.8143,0
1103,-21.3683,12.8509,-21.8484,12.5059,-0.573923,5.87532,0.480089,0.344939,6781.92,-21.4198,12.9782,0
1113,-21.3761,12.8947,-21.8484,12.5059,-0.773635,4.38636,0.472352,0.388802,6785.9,-21.3479,12.9453,0
1123,-21.3724,12.9113,-21.8484,12.5059,0.369916,1.65702,0.476051,0.405373,6788.59,-21.2501,12.7711,0
1135,-21.3734,12.9144,-21.8484,12.5059,-0.0846145,0.257641,0.475036,0.408464,6789.99,-21.4631,12.9272,0
1143,-21.396,12.9177,-21.8484,12.5059,-2.83303,0.409221,0.452372,0.411738,6790.66,-21.4508,12.9401,0
1155,-21.4101,12.9263,-21.8484,12.5059,-1.17338,0.720732,0.438291,0.420387,6791.14,-21.2453,12.6846,0
1163,-21.4107,12.9269,-21.8484,12.5059,-0.0745729,0.0735095,0.437695,0.420975,6791.84,-21.436,12.9301,0
1176,-21.412,12.9318,-21.8484,12.5059,-0.0966161,0.379592,0.436439,0.42591,6793.32,-21.5464,12.9792,0
1183,-21.43,12.9338,-21.8484,12.5059,-2.56884,0.279544,0.418457,0.427867,6796.45,-21.3198,12.7603,0
1195,-21.4299,12.9317,-21.8484,12.5059,0.00696397,-0.176269,0.41854,0.425751,6802.2,-21.5496,13.2013,0
1203,-21.4097,12.8787,-21.8484,12.5059,2.51791,-6.6173,0.438684,0.372813,6810.56,-21.5058,12.8507,0
1215,-21.4021,12.8055,-21.8484,12.5059,0.637137,-6.10519,0.446329,0.299551,6819.45,-21.2741,12.5909,0
1223,-21.3983,12.7651,-21.8484,12.5059,0.478646,-5.04682,0.450158,0.259176,6826.17,-21.4844,12.7659,0
1235,-21.3972,12.7627,-21.8484,12.5059,0.0883763,-0.200145,0.451219,0.256774,6830.25,-21.2638,12.7082,0
1243,-21.3746,12.7446,-21.8484,12.5059,2.81932,-2.2655,0.473773,0.23865,6833.22,-21.2066,12.4796,0
1255,-21.3294,12.7261,-21.8484,12.5059,3.77191,-1.54169,0.519036,0.22015,6836.3,-21.4471,12.831,0
1263,-21.329,12.7318,-21.8484,12.5059,0.0408062,0.718043,0.519363,0.225894,6839.64,-21.5419,12.9251,0
1275,-21.3524,12.7366,-21.8484,12.5059,-1.9485,0.397852,0.495981,0.230669,6842.57,-21.2853,12.6668,0
1283,-21.3535,12.7368,-21.8484,12.5059,-0.12825,0.0247022,0.494955,0.230866,6844.61,-21.5195,13.1329,0
1295,-21.3543,12.736,-21.8484,12.5059,-0.0681162,-0.0619754,0.494137,0.230123,6846.03,-21.3529,12.7715,0
1303,-21.3751,12.7222,-21.8484,12.5059,-2.5997,-1.73554,0.47334,0.216238,6847.71,-21.3255,12.6454,0
1315,-21.4249,12.7904,-21.8484,12.5059,-4.15572,5.68655,0.423471,0.284477,6850.85,-21.513,12.9484,0
1324,-21.405,12.7895,-21.8484,12.5059,2.21829,-0.0949735,0.443436,0.283622,6855.96,-21.4799,12.6948,0
1335,-21.408,12.8317,-21.8484,12.5059,-0.277097,3.83089,0.440388,0.325762,6861.69,-21.2847,12.7169,0
1343,-21.4074,12.8333,-21.8484,12.5059,0.0795898,0.206596,0.441024,0.327415,6865.81,-21.41,12.9568,0
1355,-21.3891,12.8308,-21.8484,12.5059,1.52667,-0.214159,0.459344,0.324845,6867.65,-21.2697,12.7964,0
1363,-21.3914,12.8806,-21.8484,12.5059,-0.292259,6.23494,0.457006,0.374724,6868.13,-21.2563,12.7422,0
1375,-21.3545,12.8818,-21.8484,12.5059,3.07906,0.0965707,0.493955,0.375883,6868.16,-21.5061,13.0596,0
1387,-21.355,12.8833,-21.8484,12.5059,-0.0448227,0.123441,0.493417,0.377364,6868.06,-21.5275,12.9692,0
1395,-21.4052,12.9183,-21.8484,12.5059,-6.27587,4.37036,0.44321,0.412327,6867.91,-21.3173,12.8302,0
1407,-21.4257,12.9245,-21.8484,12.5059,-1.71084,0.521401,0.42268,0.418584,6867.8,-21.5654,12.9841,0
1415,-21.4258,12.9242,-21.8484,12.5059,-0.00964622,-0.0333306,0.422603,0.418317,6867.81,-21.6222,13.0394,0
1427,-21.4093,12.9143,-21.8484,12.5059,1.37737,-0.832071,0.439131,0.408332,6868.05,-21.3578,12.8466,0
1435,-21.4095,12.9331,-21.8484,12.5059,-0.0291521,2.35875,0.438898,0.427202,6868.79,-21.5164,13.0168,0
1448,-21.3901,12.9528,-21.8484,12.5059,1.49356,1.51078,0.458315,0.446843,6870.28,-21.5711,13.08,0
1456,-21.3706,12.991,-21.8484,12.5059,2.43482,4.78121,0.477793,0.485092,6876.84,-21.3882,12.8102,0
1469,-21.3559,13.0214,-21.8484,12.5059,1.13562,2.33815,0.492556,0.515488,6909.14,-21.5578,13.092,0
1477,-21.1751,13.0963,-21.8484,12.5059,22.5943,9.35794,0.673311,0.590352,7009.18,-21.5797,13.1929,0
1487,-16.386,13.3966,0,12.5059,478.905,30.0306,-16.386,0.890658,7185.78,-0.107181,14.7017,0
1497,-6.3432,14.1715,0,12.5059,1004.29,77.494,-6.3432,1.6656,7361.92,-0.72183,15.4126,0
1510,-0.789584,14.8349,0,12.5059,427.201,51.0319,-0.789584,2.32901,7460.56,-0.512843,15.1944,0
1517,-0.526163,14.9738,0,12.5059,37.6316,19.8359,-0.526163,2.46786,7490.62,-0.122997,14.6764,0
1529,-0.493357,15.0074,0,12.5059,2.73379,2.80407,-0.493357,2.50151,7494,-0.449379,15.0359,0
1538,-0.482189,15.0405,0,12.5059,1.24098,3.67831,-0.482189,2.53462,7488.58,-0.466515,15.1154,0
1549,-0.471817,15.045,0,12.5059,0.942856,0.408091,-0.471817,2.53911,7475.95,-0.136204,14.9999,0
1557,-0.468332,15.0832,0,12.5059,0.43566,4.77695,-0.468332,2.57732,7459.14,-0.531778,15.2017,0
1569,-0.474113,15.1553,0,12.5059,-0.481745,6.00287,-0.474113,2.64936,7444.97,-0.538016,15.3405,0
1577,-0.467466,15.1905,0,12.5059,0.830841,4.40576,-0.467466,2.6846,7436.85,-0.148195,14.935,0
1589,-0.459079,15.1922,0,12.5059,0.69896,0.142801,-0.459079,2.68632,7432.23,-0.469987,15.3316,0
1597,-0.461895,15.2272,0,12.5059,-0.352036,4.36523,-0.461895,2.72124,7427.7,-0.486538,15.1935,0
1609,-0.468222,15.2951,0,12.5059,-0.527252,5.65994,-0.468222,2.78916,7422.45,-0.233436,14.9962,0
1617,-0.474012,15.3258,0,12.5059,-0.723807,3.84577,-0.474012,2.81992,7416.85,-0.480304,15.3795,0
1629,-0.481283,15.3368,0,12.5059,-0.605858,0.910126,-0.481283,2.83085,7409.99,-0.497141,15.3543,0
1637,-0.490492,15.3384,0,12.5059,-1.15123,0.204079,-0.490492,2.83248,7400.33,-0.308955,15.2988,0
1649,-0.491879,15.336,0,12.5059,-0.11553,-0.196848,-0.491879,2.83012,7387.93,-0.595116,15.381,0
1657,-0.516205,15.2798,0,12.5059,-3.04076,-7.02479,-0.516205,2.77392,7375.05,-0.536726,15.2334,0
1669,-0.555346,15.2488,0,12.5059,-3.26176,-2.58737,-0.555346,2.74287,7364.44,-0.249043,14.9089,0
1677,-0.553568,15.2287,0,12.5059,0.222251,-2.51381,-0.553568,2.72276,7357.42,-0.572322,15.207,0
1689,-0.510195,15.221,0,12.5059,3.61443,-0.639151,-0.510195,2.71509,7353.67,-0.600155,15.2665,0
1697,-0.431185,15.1881,0,12.5059,9.87619,-4.11153,-0.431185,2.6822,7352.2,-0.245502,15.0593,0
1709,-0.423166,15.1864,0,12.5059,0.668236,-0.141837,-0.423166,2.68049,7351.93,-0.488582,15.229,0
1721,-0.314485,15.1797,0,12.5059,9.05682,-0.560116,-0.314485,2.67377,7352.2,-0.496777,15.1797,0
1729,-0.233265,15.1649,0,12.5059,10.1525,-1.85431,-0.233265,2.65894,7352.6,-0.141029,14.691,0
1741,-0.257318,15.1658,0,12.5059,-2.00443,0.0780679,-0.257318,2.65988,7352.75,-0.199643,15.2707,0
1752,-0.253659,15.1116,0,12.5059,0.332582,-4.92489,-0.253659,2.6057,7352.8,-0.203941,15.1813,1
1761,-0.249045,14.9833,0,12.5059,0.512681,-14.2634,-0.249045,2.47733,7353.15,-0.411525,14.9997,1
1769,-0.413051,14.9914,0,12.5059,-20.5007,1.0202,-0.413051,2.48549,7353.87,-0.61916,14.8181,1
1781,-0.621255,14.8163,0,12.5059,-17.3504,-14.5967,-0.621255,2.31033,7355.15,-0.826841,14.6365,1
1789,-0.878766,14.5911,0,12.5059,-32.1888,-28.1392,-0.878766,2.08522,7361.37,-1.03456,14.455,1
1801,-1.13424,14.3679,0,12.5059,-21.2894,-18.6024,-1.13424,1.86199,7391.08,-1.24232,14.2735,1
1809,-1.29636,14.2263,0,12.5059,-20.2649,-17.7006,-1.29636,1.72039,7481.94,-1.4501,14.0921,1
1821,-1.50415,14.0449,0,12.5059,-17.316,-15.1198,-1.50415,1.53895,7641.99,-1.65791,13.9107,1
1829,-1.75763,13.8236,0,12.5059,-31.6844,-27.6544,-1.75763,1.31771,7799.19,-1.86574,13.7293,1
1841,-1.9198,13.6821,0,12.5059,-13.5142,-11.7909,-1.9198,1.17622,7870.84,-2.07358,13.548,1
1849,-2.12764,13.5009,0,12.5059,-25.9804,-22.66,-2.12764,0.994941,7835.43,-2.28143,13.3668,1
1861,-2.38116,13.2798,0,12.5059,-21.1263,-18.4187,-2.38116,0.773917,7706.65,-2.48928,13.1856,1
1869,-2.54124,13.1403,0,12.5059,-20.0105,-17.4396,-2.54124,0.6344,7522.95,-2.69712,13.0045,1
1881,-2.70132,13.0008,0,12.5059,-13.3401,-11.6229,-2.70132,0.494924,7313.1,-2.90496,12.8235,1
1889,-2.95482,12.7801,0,12.5059,-31.6873,-27.5984,-2.95482,0.274137,7106.08,-3.11278,12.6425,1
1901,-3.15834,12.6049,0,12.5059,-16.9601,-14.5963,-3.15834,0.0989818,6962.84,-3.32059,12.4617,1
1909,-3.2122,12.6043,0,12.5059,-6.73212,-0.0766065,-3.2122,0.098369,6896.39,-3.52836,12.2809,1
1921,-3.2147,12.6118,0,12.5059,-0.208956,0.623715,-3.2147,0.105854,6878.23,-3.73611,12.1002,1
1929,-3.21842,12.8061,0,12.5059,-0.464202,24.2849,-3.21842,0.300132,6905.08,-2.95095,13.7446,0
1941,-3.02373,13.5373,0,12.5059,16.2239,60.9336,-3.02373,1.03134,7001.97,2.57349,20.2552,0
1949,-2.67087,14.207,0,12.5059,44.1081,83.7212,-2.67087,1.70111,7151.03,-2.70112,14.3906,0
1961,-2.44244,14.685,0,12.5059,19.0359,39.8304,-2.44244,2.17907,7271.46,-2.37584,15.0769,0
1974,-2.33645,14.994,0,12.5059,8.15265,23.7712,-2.33645,2.4881,7324.63,2.79768,20.1534,0
1981,-2.26913,15.0147,0,12.5059,9.61771,2.94774,-2.26913,2.50873,7337.81,-2.22666,14.9441,0
1993,-2.23923,15.0104,0,12.5059,2.4911,-0.354522,-2.23923,2.50448,7339.66,-2.2305,14.9825,0
2001,-2.236,14.9904,0,12.5059,0.404474,-2.50589,-2.236,2.48443,7339.72,2.27083,20.769,0
2013,-2.22554,14.9251,0,12.5059,0.871504,-5.43879,-2.22554,2.41916,7339.61,-2.23002,14.8688,0
2021,-2.22654,14.8641,0,12.5059,-0.124476,-7.61768,-2.22654,2.35822,7339.53,-2.33484,14.8264,0
2033,-2.27561,14.8684,0,12.5059,-4.08965,0.358217,-2.27561,2.36252,7339.66,-1.99574,14.5491,0
2041,-2.27949,14.8662,0,12.5059,-0.485225,-0.282353,-2.27949,2.36026,7340.11,-2.32406,14.8688,0
2054,-2.32467,14.8728,0,12.5059,-3.47473,0.508795,-2.32467,2.36688,7340.82,-2.32838,14.884,0
2062,-2.32727,14.8799,0,12.5059,-0.32591,0.886615,-2.32727,2.37397,7341.73,-1.99193,14.586,0
2074,-2.32757,14.8802,0,12.5059,-0.0250237,0.0281787,-2.32757,2.37431,7342.91,-2.37261,15.0768,0
2083,-2.33371,14.8751,0,12.5059,-0.681537,-0.571646,-2.33371,2.36916,7344.19,-2.37041,15.0815,0
2093,-2.33282,14.7293,0,12.5059,0.0886634,-14.5833,-2.33282,2.22333,7345.52,-2.24658,14.4368,0
2101,-2.34188,14.5232,0,12.5059,-1.13264,-25.76,-2.34188,2.01725,7347.17,-2.73028,14.6434,1
2113,-2.33125,14.4031,0,12.5059,0.886023,-10.0021,-2.33125,1.89722,7349.42,-2.46415,14.2933,1
2121,-2.28365,14.2286,0,12.5059,5.94935,-21.8149,-2.28365,1.72271,7352.15,-2.19942,13.9433,1
2133,-2.18953,13.9373,0,12.5059,7.8433,-24.2753,-2.18953,1.4314,7354.51,-1.9361,13.5933,1
2141,-1.87074,13.509,0,12.5059,39.8496,-53.5448,-1.87074,1.00304,7355.76,-1.67421,13.2433,1
2153,-1.55192,13.1479,0,12.5059,26.5685,-30.0926,-1.55192,0.641932,7356.13,-1.41376,12.8935,1
2161,-1.28925,12.7946,0,12.5059,32.8332,-44.1556,-1.28925,0.288687,7356.19,-1.15475,12.5439,1
2173,-1.02621,12.3755,0,12.5059,21.92,-34.9255,-1.02621,-0.130419,7356.24,-0.897216,12.1944,1
2181,-0.773759,12.0989,0,12.5059,31.5566,-34.5766,-0.773759,-0.407031,7356.47,-0.64115,11.8451,1
2193,-0.522252,11.8225,0,12.5059,20.9589,-23.0317,-0.522252,-0.683411,7357.16,-0.386569,11.4961,1
2201,-0.26652,11.4044,0,12.5059,31.9664,-52.2656,-0.26652,-1.10154,7358.32,-0.133483,11.1474,1
2214,-0.0706033,11.0634,0,12.5059,15.0706,-26.2271,-0.0706033,-1.44249,7360.04,0.118099,10.7989,1
2227,0.120775,10.7922,0,12.5059,14.7214,-20.862,0.120775,-1.71369,7365.66,0.368166,10.4508,1
2234,0.373809,10.3714,0,12.5059,36.1476,-60.1169,0.373809,-2.13451,7388.63,0.616709,10.1031,1
2246,0.681352,9.94036,0,12.5059,25.6286,-35.9211,0.681352,-2.56557,7453.83,0.86372,9.75578,1
2254,0.98189,9.5829,0,12.5059,37.5673,-44.6822,0.98189,-2.92302,7573.25,1.10919,9.40888,1
2266,1.17254,9.24323,0,12.5059,15.8872,-28.306,1.17254,-3.2627,7712.13,1.35311,9.06244,1
2274,1.36905,8.87991,0,12.5059,24.5644,-45.4146,1.36905,-3.62601,7818.09,1.59547,8.71649,1
2286,1.8145,7.98998,0,12.5059,37.1208,-74.1609,1.8145,-4.51594,7875.85,2.62561,4.99003,0
2294,1.83532,7.80928,0,12.5059,2.60231,-22.5882,1.83532,-4.69665,7899.08,3.13804,6.57515,0
2306,1.83386,7.8032,0,12.5059,-0.121172,-0.50596,1.83386,-4.70272,7904.43,1.71617,7.74007,0
2314,1.77565,7.84687,0,12.5059,-7.27695,5.45805,1.77565,-4.65906,7902.59,1.09466,9.13697,0
2326,1.22439,8.7581,0,12.5059,-45.9386,75.9357,1.22439,-3.74783,7898.51,0.822526,9.15831,0
2334,0.923064,9.16733,0,12.5059,-37.6652,51.1546,0.923064,-3.33859,7895.17,1.01208,9.22893,0
2346,0.751434,9.42803,0,12.5059,-14.3025,21.7244,0.751434,-3.0779,7893.28,0.538285,9.99729,0
2354,0.603272,9.8744,0,12.5059,-18.5202,55.7961,0.603272,-2.63153,7892.03,0.509778,10.1357,0
2366,0.505077,10.1995,0,12.5059,-8.18295,27.0891,0.505077,-2.30646,7891.03,0.472297,10.2819,0
2374,0.409838,10.3489,0,12.5059,-11.9049,18.6762,0.409838,-2.15705,7890.19,0.17107,10.8488,0
2386,0.26835,10.4855,0,12.5059,-11.7907,11.3836,0.26835,-2.02045,7889.02,0.198748,10.5549,0
2394,0.194453,10.5873,0,12.5059,-9.23708,12.7308,0.194453,-1.9186,7887.53,0.535637,10.3175,0
2406,0.184547,10.6282,0,12.5059,-0.825526,3.40427,0.184547,-1.87775,7886.5,0.0358191,11.0965,0
2414,0.171396,10.7344,0,12.5059,-1.6438,13.2782,0.171396,-1.77152,7886.25,0.0713882,11.007,0
2426,0.132169,10.8586,0,12.5059,-3.26896,10.3516,0.132169,-1.6473,7886.93,0.316068,10.8129,0
2434,0.0840811,10.9184,0,12.5059,-6.01097,7.47307,0.0840811,-1.58752,7889.17,-0.00119276,11.4918,0
2446,0.0506065,10.9884,0,12.5059,-2.78955,5.83244,0.0506065,-1.51753,7892.83,-0.127712,11.4746,0
2454,0.0134428,11.0453,0,12.5059,-4.64545,7.11303,0.0134428,-1.46063,7896.38,0.135952,10.9633,0
2466,-0.129332,11.19,0,12.5059,-11.8979,12.0543,-0.129332,-1.31597,7899.8,-0.498721,12.3509,0
2478,-0.309351,11.4143,0,12.5059,-15.0016,18.6985,-0.309351,-1.09159,7905.78,-0.439007,12.3789,0
2487,-0.382784,11.5266,0,12.5059,-8.15926,12.471,-0.382784,-0.979353,7916.26,-49.7745,-36.8194,0
2499,-0.412385,11.642,0,12.5059,-2.4667,9.62219,-0.412385,-0.863887,7928.86,-0.581807,12.4158,0
2507,-0.456117,11.9497,0,12.5059,-5.46652,38.4575,-0.456117,-0.556227,7939.39,-0.485426,12.7848,0
2518,-0.498018,12.2577,0,12.5059,-3.80916,27.9977,-0.498018,-0.248253,7948.18,-5.25759,32.011,0
2526,-0.554876,12.3879,0,12.5059,-7.10725,16.2731,-0.554876,-0.118068,7960.58,-0.661628,12.9128,0
2538,-0.608456,12.4622,0,12.5059,-4.465,6.19337,-0.608456,-0.0437475,7979.72,-0.515049,12.8465,0
2546,-0.644166,12.5677,0,12.5059,-4.46377,13.1959,-0.644166,0.0618194,8001.72,-32.5277,-40.8971,0
2558,-0.720164,12.7297,0,12.5059,-6.33322,13.4993,-0.720164,0.223811,8021.19,-0.640228,12.9126,0
2566,-0.79767,12.8573,0,12.5059,-9.68819,15.9396,-0.79767,0.351328,8039.45,-0.459268,12.9873,0
2578,-0.824371,12.8793,0,12.5059,-2.22507,1.84109,-0.824371,0.373421,8061.7,-32.8947,-41.0141,0
2586,-0.840168,12.8905,0,12.5059,-1.97472,1.38973,-0.840168,0.384539,8089.5,-0.753247,12.8605,0
2599,-0.856312,12.9149,0,12.5059,-1.2418,1.87917,-0.856312,0.408968,8120.13,-0.88613,13.1332,0
2607,-0.869905,12.9513,0,12.5059,-1.69919,4.54818,-0.869905,0.445353,8150.25,-50.1465,-38.4494,0
2619,-0.899544,13.0311,0,12.5059,-2.46992,6.65441,-0.899544,0.525206,8178.63,-0.867676,13.1415,0
2629,-0.922782,13.0931,0,12.5059,-2.32372,6.2018,-0.922782,0.587224,8205.67,-0.853424,13.2208,0
2639,-0.92657,13.1206,0,12.5059,-0.378832,2.74098,-0.92657,0.614634,8230.79,-50.2414,-38.3141,0
2647,-0.955418,13.1714,0,12.5059,-3.60598,6.3537,-0.955418,0.665464,8253.83,-0.846302,13.3891,0
2659,-0.984812,13.2294,0,12.5059,-2.44949,4.83169,-0.984812,0.723444,8275.6,-0.928875,13.384,0
2667,-0.993221,13.3246,0,12.5059,-1.05122,11.8996,-0.993221,0.818641,8294.62,-36.967,-41.3739,0
2679,-1.00909,13.3954,0,12.5059,-1.3223,5.90516,-1.00909,0.889503,8309.46,-1.07919,13.6869,0
2688,-1.03135,13.4198,0,12.5059,-2.47324,2.70535,-1.03135,0.913851,8323.48,-1.14568,13.7393,0
2699,-1.04827,13.502,0,12.5059,-1.53847,7.47714,-1.04827,0.9961,8340.82,-1.03518,14.3386,0
2707,-1.05854,13.5923,0,12.5059,-1.28345,11.2812,-1.05854,1.08635,8361.08,-1.0587,13.7102,0
2719,-1.066,13.649,0,12.5059,-0.621636,4.72815,-1.066,1.14309,8382.79,-1.16838,13.8794,0
2731,-1.07246,13.699,0,12.5059,-0.538533,4.16946,-1.07246,1.19312,8406.3,-0.823177,13.469,0
2739,-1.07367,13.7025,0,12.5059,-0.151239,0.4259,-1.07367,1.19653,8432.54,-1.07629,13.7896,0
2750,-1.09583,13.7331,0,12.5059,-2.01478,2.78414,-1.09583,1.22715,8460.39,-1.08139,13.8398,0
2758,-1.1166,13.7546,0,12.5059,-2.5958,2.68461,-1.1166,1.24863,8486.09,-0.955884,13.3886,0
2770,-1.15743,13.761,0,12.5059,-3.4026,0.535531,-1.15743,1.25506,8507.06,-1.25307,13.9451,0
2778,-1.18764,13.7674,0,12.5059,-3.77588,0.807836,-1.18764,1.26152,8522.59,-1.2346,13.8973,0
2790,-1.21047,13.8249,0,12.5059,-1.90243,4.79057,-1.21047,1.31901,8533.41,-0.957269,13.6263,0
2798,-1.22743,13.8897,0,12.5059,-2.11983,8.09048,-1.22743,1.38373,8541.63,-1.18388,13.8678,0
2811,-1.22922,13.8977,0,12.5059,-0.137774,0.617034,-1.22922,1.39175,8548.33,-1.26307,13.9527,0
2818,-1.25614,14.0262,0,12.5059,-3.84633,18.3635,-1.25614,1.5203,8553.66,-1.31233,14.3355,0
2830,-1.30854,14.2278,0,12.5059,-4.36649,16.796,-1.30854,1.72185,8557.97,-1.46773,14.3413,0
2841,-1.36564,14.4013,0,12.5059,-5.19122,15.7762,-1.36564,1.89539,8561.27,-1.67394,14.8556,0
2850,-1.41129,14.5487,0,12.5059,-5.07194,16.3815,-1.41129,2.04282,8563.33,-1.35458,14.6103,0
2858,-1.42571,14.6397,0,12.5059,-1.80286,11.3663,-1.42571,2.13375,8564.32,-1.70713,15.0398,0
2870,-1.55817,14.7528,0,12.5059,-11.0379,9.43022,-1.55817,2.24691,8564.72,-1.71066,14.9983,0
2878,-1.69156,14.881,0,12.5059,-16.6739,16.0232,-1.69156,2.3751,8564.77,-1.39362,14.654,0
2890,-1.70492,14.8875,0,12.5059,-1.11335,0.543131,-1.70492,2.38162,8564.44,-1.87869,15.1769,0
2898,-1.70531,14.8938,0,12.5059,-0.0489825,0.777116,-1.70531,2.38783,8563.63,-1.76542,15.1178,0
2910,-1.70714,15.0404,0,12.5059,-0.15227,12.2183,-1.70714,2.53445,8561.95,-1.38956,14.7015,0
2919,-1.71985,15.1905,0,12.5059,-1.41249,16.6856,-1.71985,2.68462,8558.35,-1.89589,15.3834,0
2930,-1.70853,15.2387,0,12.5059,1.02926,4.37512,-1.70853,2.73275,8551.69,-1.92419,15.4973,0
2937,-1.70889,15.2716,0,12.5059,-0.0518952,4.70301,-1.70889,2.76567,8542.1,-1.70707,15.2446,0
2949,-1.66011,15.2678,0,12.5059,4.06514,-0.317183,-1.66011,2.76186,8531.84,-1.84647,15.4286,0
2957,-1.61187,15.2977,0,12.5059,6.03004,3.739,-1.61187,2.79178,8517.82,-1.84193,15.4333,0
2969,-1.54345,15.2627,0,12.5059,5.70207,-2.91368,-1.54345,2.75681,8475.81,-1.49931,15.153,0
2981,-1.34031,15.199,0,12.5059,16.928,-5.30846,-1.34031,2.69311,8355.88,-1.87624,15.448,0
2990,1.89979,14.6351,21.8484,12.5059,360.011,-62.6635,-19.9486,2.12914,8146.45,21.4532,12.5952,0
3000,13.133,13.2806,21.8484,12.5059,1123.32,-135.449,-8.71545,0.774649,7935.4,21.6667,12.3724,0
3009,21.1483,12.5911,21.8484,12.5059,890.597,-76.6069,-0.70008,0.0851872,7809.94,21.5606,12.6635,0
3017,21.4892,12.5659,21.8484,12.5059,42.6072,-3.15484,-0.359223,0.0599485,7759.02,21.5267,12.5564,0
3029,21.5102,12.5334,21.8484,12.5059,1.74744,-2.704,-0.338253,0.0275004,7737.28,21.7645,12.3767,0
3037,21.5327,12.5307,21.8484,12.5059,2.82276,-0.339185,-0.315671,0.0247869,7724.52,21.4453,12.6256,0
3049,21.5477,12.5288,21.8484,12.5059,1.24371,-0.158412,-0.300747,0.022886,7712.99,21.509,12.6286,0
3057,21.5587,12.5051,21.8484,12.5059,1.3741,-2.96799,-0.289754,-0.000857942,7696.63,21.8505,12.2834,0
3069,21.5676,12.5035,21.8484,12.5059,0.746752,-0.128802,-0.280793,-0.00240356,7673.47,21.5952,12.6739,0
3076,21.5701,12.5045,21.8484,12.5059,0.361845,0.141023,-0.27826,-0.0014164,7647.41,21.5591,12.9287,0
3088,21.5735,12.5315,21.8484,12.5059,0.280045,2.24666,-0.274899,0.0255435,7626.42,21.82,12.3172,0
3096,21.5891,12.5607,21.8484,12.5059,1.95167,3.65354,-0.259286,0.0547718,7614.28,21.5697,12.5595,0
3108,21.6068,12.5612,21.8484,12.5059,1.47397,0.0434392,-0.241598,0.0552931,7605.36,21.5183,12.5771,0
3116,21.6499,12.5672,21.8484,12.5059,5.38535,0.746989,-0.198516,0.061269,7590.61,21.898,12.2744,0
3128,21.6532,12.611,21.8484,12.5059,0.279055,3.65121,-0.195167,0.105084,7564.89,21.6353,12.7408,0
3136,21.6892,12.6494,21.8484,12.5059,4.50038,4.80322,-0.159164,0.143509,7530.64,21.5807,12.7689,0
3148,21.7082,12.6506,21.8484,12.5059,1.57888,0.0940324,-0.140217,0.144638,7497.13,21.8238,12.5567,0
3156,21.7407,12.6489,21.8484,12.5059,4.06372,-0.207481,-0.107707,0.142978,7472.23,21.6855,12.558,0
3168,21.7417,12.6543,21.8484,12.5059,0.079284,0.445771,-0.106756,0.148327,7456.13,21.6362,12.8065,0
3176,21.7317,12.6613,21.8484,12.5059,-1.24152,0.884236,-0.116688,0.155401,7444.57,21.8747,12.5973,0
3188,21.7312,12.6857,21.8484,12.5059,-0.0405733,2.0332,-0.117175,0.179799,7433.41,21.5368,12.7259,0
3197,21.7313,12.7067,21.8484,12.5059,0.00374331,2.32983,-0.117141,0.200768,7420.68,21.541,12.7432,0
3208,21.7332,12.6843,21.8484,12.5059,0.174098,-2.03713,-0.115226,0.178359,7406.57,21.9401,12.3574,0
3216,21.7334,12.6832,21.8484,12.5059,0.0244025,-0.137165,-0.115031,0.177262,7391.81,21.5434,12.7178,0
3228,21.7384,12.6823,21.8484,12.5059,0.42056,-0.0710281,-0.109984,0.17641,7377.92,21.5766,12.6421,0
3236,21.7958,12.7003,21.8484,12.5059,7.1755,2.25155,-0.0525804,0.194422,7366.41,21.9548,12.433,0
3248,21.7983,12.7027,21.8484,12.5059,0.209432,0.192133,-0.0500673,0.196728,7357.35,21.7132,12.7901,0
3260,21.7978,12.7396,21.8484,12.5059,-0.0436111,3.08036,-0.0505906,0.233692,7349.71,21.7698,12.7717,0
3269,21.7877,12.7999,21.8484,12.5059,-1.12685,6.69332,-0.0607323,0.293932,7341.9,21.9061,12.8197,0
3281,21.7872,12.8024,21.8484,12.5059,-0.0371882,0.21504,-0.0611785,0.296512,7333.7,21.6094,12.9311,0
3291,21.7846,12.8021,21.8484,12.5059,-0.262905,-0.0374756,-0.0638076,0.296138,7327.21,21.5576,13.0023,0
3300,21.7247,12.792,21.8484,12.5059,-6.65039,-1.11791,-0.123661,0.286076,7323.71,21.863,12.7251,0
3308,21.7222,12.7567,21.8484,12.5059,-0.315646,-4.41312,-0.126186,0.250771,7321.88,21.5524,12.7659,0
3320,21.7221,12.7552,21.8484,12.5059,-0.00934294,-0.127329,-0.126298,0.249243,7319.61,21.5124,13.013,0
3328,21.7195,12.7553,21.8484,12.5059,-0.330844,0.0194812,-0.128945,0.249399,7315.98,21.97,12.7387,0
3340,21.7193,12.7558,21.8484,12.5059,-0.00981126,0.042456,-0.129063,0.249909,7312.04,21.6018,12.8154,0
3350,21.719,12.7684,21.8484,12.5059,-0.0330088,1.25428,-0.129393,0.262451,7309.41,21.4701,12.863,0
3360,21.7122,12.7978,21.8484,12.5059,-0.676905,2.94251,-0.136162,0.291877,7308.24,21.8598,12.5774,0
3369,21.7116,12.8893,21.8484,12.5059,-0.0701097,10.1709,-0.136793,0.383415,7307.75,21.5255,13.0137,0
3380,21.7116,12.9771,21.8484,12.5059,-0.00104332,7.98189,-0.136804,0.471216,7307.45,21.4822,13.0518,0
3388,21.7203,12.9803,21.8484,12.5059,1.08899,0.396804,-0.128093,0.47439,7307.07,21.929,12.9247,0
3400,21.7207,12.9803,21.8484,12.5059,0.0319622,-0.00186604,-0.127709,0.474368,7306.57,21.5742,12.9998,0
3408,21.7202,12.9802,21.8484,12.5059,-0.0660647,-0.00842378,-0.128238,0.4743,7306.26,21.6049,13.1203,0
3420,21.7081,12.9781,21.8484,12.5059,-1.00233,-0.173401,-0.140265,0.47222,7306.43,21.8923,12.8948,0
3428,21.7077,12.9644,21.8484,12.5059,-0.0577899,-1.71641,-0.140728,0.458488,7307.38,21.5304,13.0356,0
3440,21.7067,12.9365,21.8484,12.5059,-0.0781847,-2.32572,-0.141666,0.43058,7309.96,21.5151,13.1313,0
3448,21.6824,12.9374,21.8484,12.5059,-3.04051,0.115865,-0.16599,0.431507,7315.06,21.8025,12.6551,0
3460,21.6813,12.9463,21.8484,12.5059,-0.0925027,0.737016,-0.1671,0.440351,7322.44,21.5082,12.9116,0
3468,21.6836,12.9286,21.8484,12.5059,0.282328,-2.20427,-0.164842,0.422717,7331.36,21.5906,12.9763,0
3480,21.7332,12.9121,21.8484,12.5059,4.13366,-1.37451,-0.115238,0.406222,7340.78,21.935,12.5624,0
3488,21.7353,12.912,21.8484,12.5059,0.272005,-0.0160738,-0.113062,0.406094,7348.21,21.6143,12.9586,0
3500,21.7357,12.9236,21.8484,12.5059,0.0315679,0.965267,-0.112683,0.417677,7351.97,21.5712,12.9102,0
3512,21.7456,12.8963,21.8484,12.5059,0.821656,-2.27155,-0.102823,0.390418,7353.16,21.9342,12.7428,0
3520,21.746,12.8917,21.8484,12.5059,0.0558472,-0.577472,-0.102376,0.385799,7353.56,21.5522,12.9404,0
3532,21.7445,12.8927,21.8484,12.5059,-0.12629,0.0789665,-0.103892,0.386746,7353.72,21.5358,12.9171,0
3540,21.71,12.9176,21.8484,12.5059,-4.31502,3.12218,-0.138412,0.411724,7353.57,21.8828,12.8202,0
3552,21.7085,12.9187,21.8484,12.5059,-0.126443,0.091467,-0.139929,0.412821,7353.47,21.5748,13.0324,0
3562,21.7072,12.9188,21.8484,12.5059,-0.123799,0.00733456,-0.141167,0.412895,7354.17,21.5484,13.0162,0
3573,21.6791,12.9197,21.8484,12.5059,-2.56141,0.0829427,-0.169343,0.413807,7356.82,21.8239,12.6865,0
3581,21.6779,12.9004,21.8484,12.5059,-0.144152,-2.41067,-0.170496,0.394522,7361.78,21.4883,13.0541,0
3593,21.6782,12.8486,21.8484,12.5059,0.0211201,-4.31956,-0.170242,0.342687,7367.31,21.4857,12.9459,0
3601,21.6793,12.7889,21.8484,12.5059,0.147024,-7.46605,-0.169066,0.282959,7371.71,21.9402,12.5417,0
3613,21.6794,12.7843,21.8484,12.5059,0.00476915,-0.379443,-0.169009,0.278405,7375.55,21.4886,12.8435,0
3621,21.6779,12.7384,21.8484,12.5059,-0.188705,-5.74196,-0.170519,0.23247,7379.97,21.6297,12.6869,0
3633,21.638,12.7372,21.8484,12.5059,-3.32826,-0.0962684,-0.210458,0.231314,7385.38,21.7748,12.6396,0
3641,21.5821,12.7051,21.8484,12.5059,-6.98462,-4.01649,-0.266335,0.199182,7391.88,21.5664,12.7517,0
3654,21.5794,12.671,21.8484,12.5059,-0.203845,-2.6213,-0.268985,0.165106,7399.31,21.4017,12.8452,0
3662,21.5714,12.6503,21.8484,12.5059,-1.00256,-2.5947,-0.277005,0.144348,7407.36,21.5844,12.215,0
3674,21.5701,12.6476,21.8484,12.5059,-0.111506,-0.224609,-0.278343,0.141653,7415.35,21.4509,12.6836,0
3682,21.5471,12.6489,21.8484,12.5059,-2.86685,0.159953,-0.301278,0.142932,7422.07,21.3975,12.6288,0
3694,21.537,12.6495,21.8484,12.5059,-0.840894,0.0500469,-0.311369,0.143533,7426.36,21.675,12.5263,0
3703,21.5366,12.6518,21.8484,12.5059,-0.045077,0.257371,-0.311774,0.145849,7427.79,21.3681,12.7731,0
3714,21.5378,12.7061,21.8484,12.5059,0.102888,4.93987,-0.310643,0.200188,7426.75,21.4395,12.8933,0
3722,21.5668,12.7576,21.8484,12.5059,3.62561,6.43763,-0.281638,0.251689,7424.42,21.6709,12.4178,0
3734,21.568,12.7597,21.8484,12.5059,0.106194,0.175696,-0.280363,0.253797,7421.87,21.4303,12.791,0
3742,21.5689,12.7584,21.8484,12.5059,0.11244,-0.166988,-0.279464,0.252461,7418.28,21.4909,12.7888,0
3754,21.5893,12.7559,21.8484,12.5059,1.69777,-0.208578,-0.259091,0.249958,7412.93,21.7234,12.725,0
3766,21.5902,12.7571,21.8484,12.5059,0.0742294,0.0986619,-0.2582,0.251142,7407.74,21.477,12.7209,0
3775,21.5881,12.7576,21.8484,12.5059,-0.230183,0.0618863,-0.260272,0.251699,7404.7,21.2652,12.8727,0
3786,21.541,12.7703,21.8484,12.5059,-4.28814,1.15072,-0.307441,0.264357,7403.61,21.7222,12.768,0
3794,21.5388,12.8018,21.8484,12.5059,-0.27355,3.9368,-0.30963,0.295852,7403.38,21.2967,12.8376,0
3806,21.5372,12.8521,21.8484,12.5059,-0.132209,4.19701,-0.311216,0.346216,7403.35,21.3166,12.9576,0
3814,21.5039,12.8759,21.8484,12.5059,-4.15698,2.96434,-0.344472,0.36993,7403.35,21.6377,12.946,0
3826,21.4632,12.8808,21.8484,12.5059,-3.39084,0.413933,-0.385162,0.374897,7403.36,21.3085,12.9862,0
3834,21.4607,12.9185,21.8484,12.5059,-0.320897,4.70619,-0.387729,0.412547,7403.48,21.4589,12.7842,0
3846,21.4453,12.9123,21.8484,12.5059,-1.28017,-0.512281,-0.403091,0.4064,7404,21.6042,12.4155,0
3854,21.4324,12.8997,21.8484,12.5059,-1.61329,-1.58231,-0.415998,0.393741,7405.39,21.4316,12.9951,0
3866,21.4313,12.8579,21.8484,12.5059,-0.0961406,-3.48311,-0.417151,0.351944,7408.04,21.3286,12.8259,0
3874,21.4128,12.8331,21.8484,12.5059,-2.31054,-3.09558,-0.435636,0.327179,7412.42,21.4035,13.1147,0
3886,21.4112,12.8313,21.8484,12.5059,-0.132211,-0.149631,-0.437222,0.325384,7420.14,21.3553,12.8693,0
3895,21.3936,12.8129,21.8484,12.5059,-1.95707,-2.04814,-0.454836,0.30695,7433.44,21.3493,12.7422,0
3907,21.3937,12.7973,21.8484,12.5059,0.0102821,-1.29475,-0.454712,0.291413,7452.46,21.6309,12.445,0
3916,21.4128,12.7521,21.8484,12.5059,2.12718,-5.02995,-0.435568,0.246144,7474.04,21.2956,12.8,0
3928,21.4146,12.7363,21.8484,12.5059,0.146609,-1.3144,-0.433808,0.230371,7493.93,21.278,12.6537,0
3936,21.4346,12.6506,21.8484,12.5059,2.5018,-10.7119,-0.413794,0.144676,7510.05,21.5979,12.3942,0
3948,21.4355,12.6469,21.8484,12.5059,0.0731194,-0.312146,-0.412917,0.14093,7523.91,21.3073,12.7774,0
3956,21.4363,12.6505,21.8484,12.5059,0.104775,0.45532,-0.412078,0.144572,7538.91,21.2853,12.8033,0
3968,21.4554,12.7322,21.8484,12.5059,1.58752,6.81039,-0.393028,0.226297,7556.66,21.5403,12.3303,0
3976,21.4563,12.7111,21.8484,12.5059,0.115027,-2.6414,-0.392108,0.205166,7575.69,21.3276,13.2238,0
3988,21.4564,12.7638,21.8484,12.5059,0.0122888,4.39051,-0.39196,0.257852,7595.16,21.4359,13.102,0
3996,21.4635,12.8872,21.8484,12.5059,0.883791,15.4314,-0.38489,0.381304,7615.25,21.5512,12.6415,0
4009,21.4637,12.9093,21.8484,12.5059,0.0172689,1.69634,-0.384666,0.403356,7635.24,21.3271,13.1202,0
4020,21.4635,12.91,21.8484,12.5059,-0.020839,0.0681957,-0.384895,0.404106,7656.24,21.2174,12.9924,0
4028,21.4584,12.9103,21.8484,12.5059,-0.641618,0.0385965,-0.390028,0.404415,7680.4,21.5674,12.8364,0
4040,21.4582,12.9104,21.8484,12.5059,-0.0187945,0.00113055,-0.390253,0.404428,7705.68,21.3614,12.7907,0
4048,21.459,12.9103,21.8484,12.5059,0.101819,-0.00612466,-0.389439,0.404379,7728.5,21.3859,13.0369,0
4060,21.4775,12.9075,21.8484,12.5059,1.54548,-0.234751,-0.370893,0.401562,7749.44,21.7043,12.7178,0
4068,21.4785,12.8696,21.8484,12.5059,0.124682,-4.7362,-0.369895,0.363673,7769.63,21.3174,12.9999,0
4081,21.4795,12.8864,21.8484,12.5059,0.0766847,1.29302,-0.368899,0.380482,7787.16,21.2583,12.9318,0
4089,21.5042,12.8373,21.8484,12.5059,3.09003,-6.136,-0.344178,0.331394,7803.68,21.642,12.7158,0
4101,21.5052,12.8673,21.8484,12.5059,0.0786225,2.49652,-0.343235,0.361352,7827.62,21.331,13.0554,0
4110,21.5062,12.8455,21.8484,12.5059,0.110628,-2.41669,-0.342239,0.339602,7861.64,21.4327,12.9503,0
4121,21.5266,12.8433,21.8484,12.5059,1.85968,-0.203756,-0.321783,0.337361,7894.2,21.628,12.7347,0
4129,21.5275,12.8432,21.8484,12.5059,0.112309,-0.0067274,-0.320884,0.337307,7916.16,21.3477,12.8546,0
4141,21.5289,12.8421,21.8484,12.5059,0.111682,-0.0914407,-0.319544,0.33621,7933.69,21.4198,13.1063,0
4149,21.5594,12.8154,21.8484,12.5059,3.81201,-3.34318,-0.289048,0.309464,7954.02,21.71,12.7148,0
4161,21.5609,12.7726,21.8484,12.5059,0.124515,-3.5692,-0.287554,0.266634,7974.12,21.3997,12.9632,0
4169,21.5621,12.7378,21.8484,12.5059,0.155979,-4.34488,-0.286306,0.231875,7989.62,21.528,12.7863,0
4181,21.588,12.6823,21.8484,12.5059,2.15723,-4.62777,-0.260419,0.176342,8001.03,21.6661,12.5372,0
4189,21.5892,12.6565,21.8484,12.5059,0.149318,-3.22071,-0.259225,0.150576,8009.32,21.4965,12.6145,0
4201,21.5888,12.6555,21.8484,12.5059,-0.0346323,-0.0837371,-0.25964,0.149571,8015.04,21.4551,12.8271,0
4209,21.5792,12.6579,21.8484,12.5059,-1.19024,0.301415,-0.269162,0.151982,8019.98,21.7013,12.6643,0
4221,21.5787,12.7018,21.8484,12.5059,-0.0444669,3.654,-0.269696,0.19583,8025.48,21.4011,12.7999,0
4230,21.5791,12.7448,21.8484,12.5059,0.0467159,4.77825,-0.269275,0.238835,8031.06,21.4506,12.8816,0
4241,21.5916,12.7524,21.8484,12.5059,1.13694,0.691064,-0.256769,0.246436,8036.25,21.761,12.7213,0
4250,21.5921,12.7683,21.8484,12.5059,0.0552875,1.773,-0.256271,0.262393,8042.4,21.3425,12.8387,0
4263,21.5936,12.7697,21.8484,12.5059,0.108768,0.1086,-0.254857,0.263805,8050.02,21.4706,12.764,0
4273,21.6258,12.7861,21.8484,12.5059,3.22282,1.64014,-0.222629,0.280207,8056.61,21.7459,12.5527,0
4281,21.6272,12.7869,21.8484,12.5059,0.176966,0.0900868,-0.221214,0.280927,8060.1,21.547,12.8024,0
4294,21.6267,12.7869,21.8484,12.5059,-0.0376518,0.00223962,-0.221703,0.280956,8061.19,21.4454,12.8704,0
4301,21.6156,12.7885,21.8484,12.5059,-1.59245,0.227448,-0.23285,0.282549,8061.29,21.7819,12.6104,0
4313,21.615,12.8106,21.8484,12.5059,-0.0474299,1.8429,-0.233419,0.304663,8061.05,21.461,12.91,0
4321,21.6136,12.8322,21.8484,12.5059,-0.168085,2.70494,-0.234764,0.326303,8060.61,21.5838,12.7874,0
4333,21.5849,12.8348,21.8484,12.5059,-2.39581,0.218108,-0.263514,0.32892,8059.94,21.854,12.6296,0
4341,21.5836,12.8362,21.8484,12.5059,-0.158527,0.163138,-0.264782,0.330225,8059.21,21.5079,12.9297,0
4354,21.5834,12.8649,21.8484,12.5059,-0.018371,2.21086,-0.265021,0.358967,8058.65,21.583,12.9632,0
4362,21.5806,12.8832,21.8484,12.5059,-0.349064,2.2935,-0.267813,0.377315,8058.33,21.8755,12.7291,0
4374,21.5805,12.8814,21.8484,12.5059,-0.00903944,-0.150509,-0.267922,0.375508,8058.21,21.5433,12.8918,0
4382,21.5807,12.8208,21.8484,12.5059,0.024269,-7.57697,-0.267728,0.314893,8058.29,21.5716,12.8827,0
4394,21.5782,12.7639,21.8484,12.5059,-0.208455,-4.74004,-0.270229,0.258012,8058.46,21.7728,12.5686,0
4402,21.5785,12.7615,21.8484,12.5059,0.0367586,-0.301392,-0.269935,0.255601,8058.69,21.5842,12.759,0
4414,21.5895,12.7609,21.8484,12.5059,0.922101,-0.0548664,-0.25887,0.254943,8059.3,21.491,12.769,0
4422,21.6319,12.7584,21.8484,12.5059,5.29897,-0.314627,-0.216478,0.252426,8060.51,21.7412,12.4202,0
4434,21.6338,12.7586,21.8484,12.5059,0.153592,0.0215579,-0.214635,0.252684,8061.81,21.5967,13.053,0
4443,21.6351,12.7667,21.8484,12.5059,0.143721,0.901402,-0.213341,0.260797,8062.55,21.5142,12.8043,0
4454,21.6651,12.7611,21.8484,12.5059,2.73089,-0.512042,-0.183302,0.255164,8062.78,21.8366,12.7393,0
4462,21.6692,12.7404,21.8484,12.5059,0.514594,-2.58789,-0.179185,0.234461,8062.82,21.5276,12.8032,1
4474,21.735,12.2344,21.8484,12.5059,5.48512,-42.1663,-0.113364,-0.271534,8062.82,21.662,11.768,1
4482,21.8098,11.2447,21.8484,12.5059,9.34935,-123.711,-0.0385687,-1.26122,8062.82,21.7857,10.733,1
4494,21.8458,10.2261,21.8484,12.5059,2.99462,-84.8814,-0.00263319,-2.2798,8062.82,21.8986,9.69907,1
4503,21.9265,9.44076,21.8484,0,8.96921,-87.2626,0.0780897,9.44076,8062.67,22.0009,8.6669,1
4513,22.0347,8.64444,21.8484,0,10.8191,-79.6326,0.18628,8.64444,8061.8,22.0925,7.63728,1
4522,22.1446,7.38919,21.8484,0,12.2137,-139.472,0.296203,7.38919,8059.03,22.1736,6.61096,1
4534,22.1936,6.35493,21.8484,0,4.07817,-86.1884,0.345141,6.35493,8053.12,22.2441,5.58868,1
4542,22.2601,5.33383,21.8484,0,8.32396,-127.638,0.411733,5.33383,8041.86,22.3042,4.57115,1
4554,22.317,4.32784,21.8484,0,4.74108,-83.8325,0.468626,4.32784,8023.03,22.3538,3.55909,1
4563,22.3546,3.53872,21.8484,0,4.17911,-87.6796,0.506238,3.53872,8002.36,22.3929,2.55318,1
4574,22.401,2.30275,21.8484,0,4.21449,-112.361,0.552597,2.30275,7989.52,22.4215,1.55408,1
4582,22.4309,1.07735,21.8484,0,3.7306,-153.175,0.582442,1.07735,7985.26,22.4398,0.56243,1
4594,22.4229,0.320271,21.8484,0,-0.660987,-63.0897,0.57451,0.320271,7985.36,22.4476,-0.421164,1
4601,22.3708,-0.312639,21.8484,0,-7.44322,-90.4156,0.522408,-0.312639,7990.81,22.445,-1.39612,1
4613,22.3403,-0.686351,21.8484,0,-2.54638,-31.1427,0.491851,-0.686351,8009.21,22.3055,-0.743363,0
4621,22.339,-0.701836,21.8484,0,-0.160976,-1.9356,0.490563,-0.701836,8044.08,22.2593,-0.377429,0
4633,22.336,-0.706741,21.8484,0,-0.247403,-0.408753,0.487594,-0.706741,8085.35,22.3524,-0.687767,0
4641,22.3363,-0.706395,21.8484,0,0.0422865,0.0432612,0.487933,-0.706395,8118.45,22.3455,-0.59079,0
4654,22.3476,-0.69363,21.8484,0,0.864831,0.981895,0.499176,-0.69363,8137.08,22.3326,-0.708905,0
4662,22.3628,-0.696218,21.8484,0,1.90413,-0.32345,0.514409,-0.696218,8144.57,22.513,-0.972196,0
4674,22.4057,-0.759797,21.8484,0,3.57212,-5.29823,0.557274,-0.759797,8147.01,22.3736,-0.677662,0
4683,22.4516,-0.775717,21.8484,0,5.1035,-1.76897,0.603206,-0.775717,8147.88,22.3999,-0.590115,0
4695,22.4793,-0.828705,21.8484,0,2.30426,-4.41564,0.630857,-0.828705,8148.21,22.5476,-0.99366,0
4707,22.4875,-0.777145,21.8484,0,0.689759,4.29667,0.639134,-0.777145,8148.28,22.5248,-0.724246,0
4715,22.4879,-0.773183,21.8484,0,0.0387222,0.495224,0.639444,-0.773183,8148.2,22.4092,-0.51077,0
4726,22.4887,-0.737013,21.8484,0,0.0787474,3.28818,0.64031,-0.737013,8147.84,22.5754,-0.961238,0
4734,22.509,-0.733936,21.8484,0,2.54099,0.384664,0.660638,-0.733936,8147.21,22.2871,-0.513384,0
4746,22.4685,-0.68596,21.8484,0,-3.38262,3.99798,0.620046,-0.68596,8146.34,22.3729,-0.532584,0
4754,22.4215,-0.686905,21.8484,0,-5.87533,-0.118066,0.573044,-0.686905,8145.01,22.4692,-0.969027,0
4766,22.4065,-0.785256,21.8484,0,-1.24391,-8.19592,0.558117,-0.785256,8143.03,22.296,-0.572959,0
4774,22.4057,-0.788802,21.8484,0,-0.10551,-0.443254,0.557273,-0.788802,8140.4,22.3245,-0.716001,0
4786,22.3995,-0.771144,21.8484,0,-0.516325,1.47148,0.551077,-0.771144,8137.5,22.4549,-0.950632,0
4794,22.3992,-0.770368,21.8484,0,-0.0340419,0.0969913,0.550804,-0.770368,8135.11,22.3792,-0.558182,0
4806,22.4008,-0.765671,21.8484,0,0.134362,0.391418,0.552417,-0.765671,8133.69,22.3647,-0.399258,0
4814,22.4376,-0.657986,21.8484,0,4.59171,13.4606,0.58915,-0.657986,8132.96,22.4376,-0.856161,0
4826,22.4414,-0.636559,21.8484,0,0.316127,1.78558,0.592944,-0.636559,8132.63,22.371,-0.526034,0
4834,22.4424,-0.635852,21.8484,0,0.134621,0.0884048,0.594021,-0.635852,8132.58,22.4808,-0.50014,0
4846,22.4647,-0.63649,21.8484,0,1.85918,-0.0531291,0.616331,-0.63649,8132.88,22.6765,-0.678274,0
4854,22.4656,-0.637845,21.8484,0,0.112417,-0.169457,0.61723,-0.637845,8133.87,22.3491,-0.595974,0
4867,22.4709,-0.668731,21.8484,0,0.404587,-2.37584,0.62249,-0.668731,8135.6,22.4423,-0.706419,0
4876,22.5139,-0.684968,21.8484,0,4.78313,-1.80413,0.665538,-0.684968,8137.36,22.6939,-1.00374,0
4888,22.4746,-0.752598,21.8484,0,-3.275,-5.63581,0.626238,-0.752598,8138.59,22.4767,-0.666796,0
4896,22.4857,-0.75794,21.8484,0,1.37812,-0.667801,0.637263,-0.75794,8139.09,22.4298,-0.618634,0
4907,22.4824,-0.804134,21.8484,0,-0.295531,-4.19943,0.634012,-0.804134,8138.91,22.6896,-0.981147,0
4915,22.5341,-0.807605,21.8484,0,6.46364,-0.43383,0.685721,-0.807605,8138.54,22.5046,-0.672661,0
4927,22.5405,-0.80798,21.8484,0,0.530252,-0.0312566,0.692084,-0.80798,8138.31,22.5382,-0.572633,0
4935,22.5542,-0.812887,21.8484,0,1.7119,-0.613391,0.70578,-0.812887,8137.96,22.7063,-0.915809,0
4947,22.6203,-0.814894,21.8484,0,5.50623,-0.167226,0.771854,-0.814894,8136.6,22.5239,-0.586052,0
4959,22.6223,-0.816856,21.8484,0,0.168155,-0.163501,0.773872,-0.816856,8132.49,22.5623,-0.754871,0
4967,22.6026,-0.859721,21.8484,0,-2.4576,-5.35816,0.754212,-0.859721,8124.46,22.7295,-1.01535,0
4979,22.6015,-0.863665,21.8484,0,-0.0949686,-0.328664,0.753072,-0.863665,8113.2,22.468,-0.761537,0
4987,22.5945,-0.913034,21.8484,0,-0.867993,-6.17118,0.746128,-0.913034,8098.17,22.3915,-0.661539,0
4999,22.579,-0.971759,21.8484,0,-1.2912,-4.89375,0.730634,-0.971759,8078.43,22.6543,-1.12823,0
5007,22.5771,-0.983371,21.8484,0,-0.23751,-1.45148,0.728734,-0.983371,8057.84,22.5161,-0.934596,0
5019,22.5773,-0.985047,21.8484,0,0.011866,-0.139648,0.728876,-0.985047,8040.76,22.5744,-0.845592,0
5027,22.582,-1.01213,21.8484,0,0.591098,-3.38502,0.733605,-1.01213,8027.2,22.5996,-1.27855,0
5039,22.5885,-0.967139,21.8484,0,0.53701,3.749,0.740049,-0.967139,8015.37,22.5097,-0.72636,0
5047,22.5961,-0.900111,21.8484,0,0.95929,8.37858,0.747723,-0.900111,8000.92,22.5244,-0.868706,0
5059,22.5714,-0.842676,21.8484,0,-2.05978,4.78619,0.723006,-0.842676,7977.81,22.6553,-1.12994,0
5067,22.5243,-0.839008,21.8484,0,-5.88785,0.458543,0.675903,-0.839008,7946.95,22.4049,-0.714373,0
5079,22.5047,-0.837879,21.8484,0,-1.63722,0.0941232,0.656256,-0.837879,7917.21,22.4392,-0.598024,0
5087,22.4598,-0.824964,21.8484,0,-5.61245,1.6143,0.611357,-0.824964,7894.04,22.7732,-1.04905,0
5099,22.4508,-0.862042,21.8484,0,-0.74946,-3.08985,0.602363,-0.862042,7874.83,22.4875,-0.633823,0
5107,22.4508,-0.861284,21.8484,0,0.00138367,0.0948319,0.602374,-0.861284,7855.22,22.4608,-0.769224,0
5119,22.4585,-0.80312,21.8484,0,0.644314,4.84701,0.610106,-0.80312,7833.19,22.7376,-0.937157,0
5127,22.4683,-0.728453,21.8484,0,1.22365,9.33331,0.619895,-0.728453,7808.2,22.3481,-0.688488,0
5139,22.4675,-0.721424,21.8484,0,-0.0669057,0.58576,0.619092,-0.721424,7781.95,22.4578,-0.427436,0
5147,22.4806,-0.6323,21.8484,0,1.63648,11.1405,0.632184,-0.6323,7759.17,22.6315,-0.829696,0
5159,22.4759,-0.570507,21.8484,0,-0.392202,5.14943,0.627478,-0.570507,7742.76,22.5032,-0.447684,0
5169,22.475,-0.567939,21.8484,0,-0.0890518,0.256771,0.626587,-0.567939,7730.71,22.4246,-0.53494,0
5179,22.4605,-0.567418,21.8484,0,-1.44603,0.0520667,0.612127,-0.567418,7718.84,22.5347,-0.906412,0
5187,22.4705,-0.565305,21.8484,0,1.24595,0.264201,0.622095,-0.565305,7703.77,22.309,-0.591411,0
5199,22.4556,-0.564771,21.8484,0,-1.24289,0.0444983,0.60718,-0.564771,7685.28,22.3355,-0.528379,0
5211,22.4558,-0.56538,21.8484,0,0.0138233,-0.0507448,0.607346,-0.56538,7664.98,22.6784,-0.787049,0
5219,22.4753,-0.576546,21.8484,0,2.44874,-1.39577,0.626936,-0.576546,7644.23,22.4384,-0.286329,0
5231,22.4856,-0.505825,21.8484,0,0.854617,5.89336,0.637191,-0.505825,7626.43,22.5184,-0.424106,0
5239,22.4888,-0.502933,21.8484,0,0.40529,0.361476,0.640433,-0.502933,7614.57,22.5195,-0.902056,0
5251,22.4685,-0.506045,21.8484,0,-1.69746,-0.259297,0.620064,-0.506045,7606.07,22.3926,-0.437395,0
5259,22.4675,-0.506968,21.8484,0,-0.125494,-0.115416,0.61906,-0.506968,7594.79,22.4867,-0.441274,0
5271,22.4652,-0.524876,21.8484,0,-0.192943,-1.49229,0.616745,-0.524876,7573.63,22.4384,-0.702642,0
5279,22.4651,-0.525663,21.8484,0,-0.0127249,-0.0983421,0.616643,-0.525663,7541.32,22.4419,-0.357715,0
5291,22.4651,-0.525902,21.8484,0,0.00741618,-0.0199374,0.616732,-0.525902,7509.94,22.5085,-0.363903,0
5299,22.469,-0.531398,21.8484,0,0.481912,-0.687034,0.620587,-0.531398,7492,22.6792,-0.60167,0
5311,22.5104,-0.535174,21.8484,0,3.45167,-0.314683,0.662007,-0.535174,7486.17,22.4945,-0.222615,0
5319,22.5047,-0.59,21.8484,0,-0.708367,-6.85326,0.65634,-0.59,7485.41,22.3877,-0.56972,0
5331,22.4784,-0.628521,21.8484,0,-2.1943,-3.21005,0.630009,-0.628521,7486.81,22.6183,-0.758666,0
5339,22.1401,-0.69734,21.8484,0,-42.293,-8.60242,0.291665,-0.69734,7490.82,21.9078,-0.640472,0
5351,21.0931,-0.770113,21.8484,0,-87.2506,-6.06439,-0.755342,-0.770113,7496.91,18.916,-0.848756,0
5359,18.4766,-0.836529,21.8484,0,-327.062,-8.30197,-3.37184,-0.836529,7502.17,16.3816,-1.28172,0
5371,16.4908,-0.903445,21.8484,0,-165.481,-5.57634,-5.35761,-0.903445,7504.77,15.0196,-0.898603,0
5381,16.2533,-0.94169,21.8484,0,-23.7514,-3.82448,-5.59512,-0.94169,7505.12,15.8333,-0.709477,0
5391,16.1832,-0.944424,21.8484,0,-7.0047,-0.273398,-5.66517,-0.944424,7502.67,16.3941,-0.96601,0
5399,16.1814,-0.951975,21.8484,0,-0.228765,-0.943883,-5.667,-0.951975,7493.82,16.0532,-0.92705,0
5411,16.227,-0.946936,21.8484,0,3.79556,0.419897,-5.62145,-0.946936,7476,16.1351,-0.832146,0
5419,16.2912,-0.944847,21.8484,0,8.02508,0.261147,-5.55725,-0.944847,7452.8,16.4451,-1.096,0
5431,16.2968,-0.920255,21.8484,0,0.473369,2.04927,-5.55157,-0.920255,7430.74,16.223,-0.695217,0
5440,16.3071,-0.852894,21.8484,0,1.1418,7.48458,-5.54129,-0.852894,7414.03,16.1956,-0.67532,0
5451,16.3654,-0.78822,21.8484,0,5.2989,5.87945,-5.48301,-0.78822,7403.48,16.5347,-0.916611,0
5463,16.3734,-0.739377,21.8484,0,0.666507,4.07027,-5.47501,-0.739377,7397.34,16.1686,-0.620831,0
5471,16.3748,-0.743833,21.8484,0,0.171969,-0.55704,-5.47363,-0.743833,7392.8,16.2481,-0.596846,0
5483,16.4179,-0.744838,21.8484,0,3.5955,-0.0837325,-5.43049,-0.744838,7387.24,16.5415,-0.957481,0
5491,16.4245,-0.70555,21.8484,0,0.816588,4.91103,-5.42395,-0.70555,7379.22,16.2549,-0.711074,0
5503,16.4267,-0.703936,21.8484,0,0.188522,0.134475,-5.42169,-0.703936,7369.75,16.3373,-0.64778,0
5511,16.4733,-0.708789,21.8484,0,5.8226,-0.606598,-5.37511,-0.708789,7361.38,16.6687,-0.884161,0
5523,16.4696,-0.757918,21.8484,0,-0.310999,-4.09409,-5.37884,-0.757918,7355.59,16.3139,-0.438346,0
5534,16.473,-0.74219,21.8484,0,0.307533,1.42984,-5.37546,-0.74219,7352.03,16.3093,-0.714212,0
5545,16.5138,-0.689227,21.8484,0,3.71632,4.81483,-5.33458,-0.689227,7349.56,16.7036,-0.899504,0
5553,16.5098,-0.736533,21.8484,0,-0.50744,-5.91331,-5.33864,-0.736533,7347.74,16.3656,-0.425881,0
5564,16.5084,-0.736794,21.8484,0,-0.127696,-0.0236873,-5.34004,-0.736794,7347.11,16.3763,-0.534447,0
5572,16.4823,-0.693027,21.8484,0,-3.26441,5.47091,-5.36616,-0.693027,7347.62,16.6826,-0.821314,0
5584,16.4811,-0.691103,21.8484,0,-0.0956861,0.160299,-5.36731,-0.691103,7347.9,16.2417,-0.589894,0
5591,16.4796,-0.688932,21.8484,0,-0.220379,0.310186,-5.36885,-0.688932,7347.03,16.3003,-0.480517,0
5603,16.4446,-0.637669,21.8484,0,-2.91005,4.27191,-5.40377,-0.637669,7346.19,16.5618,-0.942652,0
5611,16.448,-0.593377,21.8484,0,0.421002,5.5365,-5.4004,-0.593377,7346.65,16.3117,-0.472013,0
5623,16.4488,-0.579776,21.8484,0,0.066357,1.13341,-5.39961,-0.579776,7347.91,16.2881,-0.459186,0
5631,16.4341,-0.552062,21.8484,0,-1.83333,3.46421,-5.41427,-0.552062,7349.05,16.6254,-0.623895,0
5643,16.4376,-0.515526,21.8484,0,0.286671,3.04467,-5.41083,-0.515526,7349.62,16.241,-0.396263,0
5652,16.4327,-0.539348,21.8484,0,-0.537514,-2.64687,-5.41567,-0.539348,7349.52,16.2611,-0.49513,0
5664,16.3848,-0.543691,21.8484,0,-3.99541,-0.361909,-5.46362,-0.543691,7348.87,16.5552,-0.659941,0
5672,16.3827,-0.543833,21.8484,0,-0.262671,-0.0177342,-5.46572,-0.543833,7347.89,16.2261,-0.407714,0
5684,16.3822,-0.544803,21.8484,0,-0.0388811,-0.0808345,-5.46618,-0.544803,7347.27,16.2121,-0.550964,0
5692,16.3714,-0.568631,21.8484,0,-1.35262,-2.97858,-5.477,-0.568631,7347.22,16.4684,-0.755022,0
5704,16.3662,-0.609991,21.8484,0,-0.429878,-3.44666,-5.48216,-0.609991,7346.24,16.2996,-0.514549,0
5715,16.3666,-0.624065,21.8484,0,0.0314699,-1.27939,-5.48182,-0.624065,7343.27,16.228,-0.428173,0
5723,16.4085,-0.652326,21.8484,0,5.23456,-3.5327,-5.43994,-0.652326,7339.62,16.633,-0.732614,0
5735,16.4103,-0.653546,21.8484,0,0.153474,-0.101656,-5.4381,-0.653546,7336.82,16.2375,-0.62141,0
5743,16.4111,-0.653594,21.8484,0,0.104572,-0.00600184,-5.43726,-0.653594,7334.81,16.2982,-0.512751,0
5755,16.4305,-0.652281,21.8484,0,1.6097,0.109457,-5.41795,-0.652281,7332.67,16.5861,-0.730547,0
5763,16.438,-0.59464,21.8484,0,0.946236,7.20506,-5.41038,-0.59464,7329.42,16.2815,-0.351341,0
5775,16.4462,-0.523217,21.8484,0,0.67934,5.95191,-5.40222,-0.523217,7324.35,16.2808,-0.401748,0
5783,16.4464,-0.495426,21.8484,0,0.0269962,3.4739,-5.40201,-0.495426,7317.44,16.673,-0.570823,0
5795,16.4464,-0.494336,21.8484,0,-0.000483196,0.0908544,-5.40201,-0.494336,7310.05,16.1754,-0.451154,0
5803,16.4473,-0.494152,21.8484,0,0.116967,0.0229112,-5.40108,-0.494152,7304.06,16.2272,-0.466225,0
5815,16.4648,-0.489763,21.8484,0,1.45759,0.365754,-5.38359,-0.489763,7300.04,16.6713,-0.541844,0
5823,16.3792,-0.484387,21.8484,0,-10.708,0.672063,-5.46925,-0.484387,7297.21,16.3097,-0.388819,0
5835,16.3754,-0.480069,21.8484,0,-0.314061,0.359838,-5.47302,-0.480069,7294.64,16.3057,-0.254965,0
5843,16.3642,-0.491628,21.8484,0,-1.39562,-1.44496,-5.48418,-0.491628,7292.09,16.7013,-0.648449,0
5855,16.3617,-0.513239,21.8484,0,-0.212005,-1.80085,-5.48673,-0.513239,7289.5,16.2013,-0.408547,0
5863,16.3676,-0.535817,21.8484,0,0.743385,-2.82233,-5.48078,-0.535817,7286.96,16.1916,-0.497654,0
5875,16.3705,-0.544552,21.8484,0,0.243291,-0.727871,-5.47786,-0.544552,7284.59,16.6466,-0.66081,0
5883,16.4521,-0.537966,21.8484,0,10.2002,0.823215,-5.39626,-0.537966,7282.59,16.316,-0.497176,0
5896,16.4579,-0.536987,21.8484,0,0.438798,0.0752833,-5.39056,-0.536987,7281.61,16.3243,-0.440669,0
5904,16.5021,-0.51964,21.8484,0,5.53634,2.16845,-5.34627,-0.51964,7282.61,16.7373,-0.56443,0
5917,16.4153,-0.470416,21.8484,0,-6.67966,3.7864,-5.4331,-0.470416,7287.18,16.3432,-0.330579,0
5926,16.4179,-0.410789,21.8484,0,0.285835,6.62525,-5.43053,-0.410789,7295.87,16.3301,-0.193272,0
5936,16.4213,-0.360907,21.8484,0,0.341998,4.98819,-5.42711,-0.360907,7306.24,16.7404,-0.453894,0
5944,16.4271,-0.326784,21.8484,0,0.724248,4.26538,-5.42131,-0.326784,7315.87,16.2947,-0.285877,0
5956,16.4725,-0.313588,21.8484,0,3.78555,1.09968,-5.37589,-0.313588,7324.52,16.3596,-0.0976761,0
5968,16.4278,-0.299841,21.8484,0,-3.72839,1.14562,-5.42063,-0.299841,7335.15,16.6781,-0.330962,0
5976,16.4257,-0.299718,21.8484,0,-0.263684,0.0153162,-5.42274,-0.299718,7362.34,16.464,-0.14743,0
5988,16.1233,-0.308453,21.8484,0,-25.1935,-0.727868,-5.72506,-0.308453,7437.37,16.3887,-0.0588823,0
5996,8.76835,-0.143254,0,0,-919.375,20.6498,-8.76835,-0.143254,7567.77,0.85227,-0.111081,0
6006,1.23524,0.214871,0,0,-753.31,35.8125,-1.23524,0.214871,7697.45,0.599325,0.329878,0
6015,0.807928,0.246853,0,0,-47.4796,3.55351,-0.807928,0.246853,7769.96,0.583097,0.338645,0
6025,0.740423,0.220062,0,0,-6.75056,-2.67907,-0.740423,0.220062,7792,0.956661,0.0628393,0
6033,0.737664,0.21886,0,0,-0.344917,-0.150238,-0.737664,0.21886,7794.29,0.599561,0.400749,0
6045,0.736548,0.217967,0,0,-0.0929929,-0.0744201,-0.736548,0.217967,7789.65,0.614607,0.536953,0
6057,0.711154,0.197646,0,0,-2.11612,-1.69341,-0.711154,0.197646,7778.77,0.872032,-0.0392759,0
6064,0.710038,0.196754,0,0,-0.159391,-0.127533,-0.710038,0.196754,7762.99,0.486843,0.409395,0
6076,0.708828,0.196872,0,0,-0.100845,0.00988847,-0.708828,0.196872,7745.76,0.575152,0.34345,0
6084,0.681288,0.199576,0,0,-3.44252,0.338019,-0.681288,0.199576,7728.05,0.768798,-0.166604,0
6096,0.680078,0.199695,0,0,-0.100835,0.00990721,-0.680078,0.199695,7707.82,0.507599,0.468341,0
6104,0.68163,0.201546,0,0,0.193977,0.231364,-0.68163,0.201546,7685.62,0.577896,0.368705,0
6116,0.716946,0.24368,0,0,2.943,3.51118,-0.716946,0.24368,7664.78,0.880078,0.103858,0
6124,0.718497,0.245532,0,0,0.193929,0.231448,-0.718497,0.245532,7646.27,0.597437,0.398657,0
6136,0.721022,0.242922,0,0,0.210363,-0.217471,-0.721022,0.242922,7630.33,0.631998,0.468558,0
6144,0.778431,0.18334,0,0,7.17622,-7.44785,-0.778431,0.18334,7618.39,0.937506,-0.172432,0
6156,0.780638,0.175977,0,0,0.183919,-0.613573,-0.780638,0.175977,7610.59,0.606294,0.390208,0
6167,0.77882,0.17579,0,0,-0.16535,-0.0170089,-0.77882,0.17579,7604.6,0.687098,0.376427,0
6175,0.737753,0.176586,0,0,-5.13332,0.0995936,-0.737753,0.176586,7596.31,0.922059,-0.233861,0
6183,0.736386,0.18324,0,0,-0.170893,0.831664,-0.736386,0.18324,7582.35,0.475657,0.389887,0
6196,0.734463,0.186964,0,0,-0.147918,0.2865,-0.734463,0.186964,7563.43,0.449308,0.423468,0
6204,0.690219,0.265135,0,0,-5.53044,9.77135,-0.690219,0.265135,7543.53,0.852985,0.11127,0
6216,0.688274,0.268571,0,0,-0.162153,0.286335,-0.688274,0.268571,7526.15,0.605172,0.458329,0
6223,0.688946,0.269554,0,0,0.0960951,0.140472,-0.688946,0.269554,7512.51,0.568301,0.641372,0
6236,0.704258,0.29193,0,0,1.17782,1.72118,-0.704258,0.29193,7502.15,0.813478,0.040044,0
6245,0.704931,0.292913,0,0,0.074741,0.109244,-0.704931,0.292913,7493.87,0.586775,0.524197,0
6256,0.702904,0.2929,0,0,-0.184201,-0.00111751,-0.702904,0.2929,7486.8,0.489643,0.504722,0
6264,0.656788,0.292623,0,0,-5.76453,-0.0346597,-0.656788,0.292623,7481.37,0.810225,0.10562,0
6276,0.654762,0.292611,0,0,-0.168846,-0.000999118,-0.654762,0.292611,7478.15,0.463024,0.460916,0
6284,0.653087,0.291763,0,0,-0.209399,-0.105986,-0.653087,0.291763,7476.09,0.48884,0.528675,0
6297,0.614964,0.272469,0,0,-2.9325,-1.48418,-0.614964,0.272469,7473.38,0.737457,0.097775,0
6309,0.613289,0.271621,0,0,-0.139579,-0.0706313,-0.613289,0.271621,7469.88,0.500891,0.4156,0
6316,0.613695,0.272302,0,0,0.0579711,0.097175,-0.613695,0.272302,7466.82,0.497243,0.545009,0
6328,0.622933,0.287786,0,0,0.769849,1.29037,-0.622933,0.287786,7464.02,0.725612,0.0569415,0
6336,0.623339,0.288466,0,0,0.050732,0.0850475,-0.623339,0.288466,7460.67,0.459638,0.558516,0
6348,0.623397,0.289769,0,0,0.00484719,0.108518,-0.623397,0.289769,7456.72,0.535468,0.555584,0
6356,0.624715,0.319409,0,0,0.16476,3.70506,-0.624715,0.319409,7452.54,0.774165,0.0853579,0
6368,0.624773,0.320712,0,0,0.00480775,0.108539,-0.624773,0.320712,7449.13,0.454152,0.455541,0
6376,0.626403,0.321491,0,0,0.203766,0.0974034,-0.626403,0.321491,7447.28,0.450468,0.469541,0
6388,0.663505,0.339227,0,0,3.09185,1.47799,-0.663505,0.339227,7446.36,0.834903,0.181327,0
6396,0.665136,0.340006,0,0,0.203774,0.0974256,-0.665136,0.340006,7445.14,0.575993,0.594454,0
6408,0.668055,0.341301,0,0,0.243247,0.107921,-0.668055,0.341301,7443.28,0.589774,0.5359,0
6416,0.73449,0.370785,0,0,8.30439,3.68549,-0.73449,0.370785,7441.23,0.868278,0.0891454,0
6428,0.737409,0.372081,0,0,0.243257,0.10799,-0.737409,0.372081,7439.43,0.552067,0.622463,0
6436,0.737848,0.372211,0,0,0.054952,0.0162878,-0.737848,0.372211,7438.33,0.64671,0.545061,0
6448,0.747848,0.375175,0,0,0.833339,0.246947,-0.747848,0.375175,7437.91,0.881682,0.226158,0
6456,0.748288,0.375305,0,0,0.054922,0.0162763,-0.748288,0.375305,7437.79,0.677304,0.561017,0
6469,0.746308,0.374636,0,0,-0.152275,-0.051446,-0.746308,0.374636,7437.71,0.540046,0.509663,0
6476,0.701254,0.359418,0,0,-6.43627,-2.17397,-0.701254,0.359418,7437.66,0.79322,0.204932,0
6489,0.698827,0.358805,0,0,-0.186698,-0.0471844,-0.698827,0.358805,7437.62,0.512879,0.553967,0
6497,0.686529,0.358378,0,0,-1.53726,-0.0533868,-0.686529,0.358378,7437.53,0.515439,0.502995,0
6509,0.638054,0.320206,0,0,-4.0396,-3.18096,-0.638054,0.320206,7437.24,0.764993,0.156674,0
6517,0.635944,0.318527,0,0,-0.26379,-0.209899,-0.635944,0.318527,7436.77,0.504239,0.529121,0
6529,0.634719,0.317401,0,0,-0.102046,-0.0938523,-0.634719,0.317401,7436.17,0.520918,0.403703,0
6537,0.606851,0.291775,0,0,-3.48349,-3.20328,-0.606851,0.291775,7435.44,0.73599,0.122625,0
6549,0.605627,0.290649,0,0,-0.102041,-0.0938162,-0.605627,0.290649,7434.69,0.470933,0.482899,0
6561,0.603576,0.291549,0,0,-0.170891,0.0749907,-0.603576,0.291549,7434,0.396796,0.480629,0
6569,0.556901,0.31204,0,0,-5.83434,2.56136,-0.556901,0.31204,7432.99,0.683921,0.0039212,0
6581,0.55485,0.31294,0,0,-0.170908,0.0750525,-0.55485,0.31294,7431.5,0.379676,0.484527,0
6589,0.554417,0.314108,0,0,-0.0542387,0.145905,-0.554417,0.314108,7430.11,0.390926,0.552043,0
6601,0.54454,0.340675,0,0,-0.823042,2.21399,-0.54454,0.340675,7429.4,0.669399,0.169271,0
6609,0.544106,0.341843,0,0,-0.0542689,0.145932,-0.544106,0.341843,7429.46,0.437484,0.489703,0
6621,0.546109,0.342576,0,0,0.166923,0.0610586,-0.546109,0.342576,7429.98,0.452427,0.585043,0
6629,0.591701,0.359254,0,0,5.69905,2.08481,-0.591701,0.359254,7430.73,0.734676,0.218859,0
6641,0.593705,0.359987,0,0,0.166939,0.0610831,-0.593705,0.359987,7432.04,0.456578,0.550354,0
6649,0.594761,0.361277,0,0,0.132025,0.161197,-0.594761,0.361277,7434.01,0.519929,0.506561,0
6661,0.618793,0.39063,0,0,2.0027,2.44608,-0.618793,0.39063,7436.44,0.751512,0.18506,0
6669,0.619849,0.391919,0,0,0.131974,0.16123,-0.619849,0.391919,7439.6,0.451838,0.67942,0
6681,0.619667,0.393175,0,0,-0.0151607,0.104623,-0.619667,0.393175,7443.6,0.472008,0.654803,0
6690,0.615519,0.42175,0,0,-0.460859,3.17504,-0.615519,0.42175,7447.61,0.777968,0.185054,0
6702,0.615337,0.423006,0,0,-0.015205,0.104638,-0.615337,0.423006,7450.73,0.503866,0.454084,0
6712,0.615698,0.423354,0,0,0.0360971,0.0347787,-0.615698,0.423354,7452.75,0.402691,0.633667,0
6720,0.623914,0.431267,0,0,1.02698,0.989183,-0.623914,0.431267,7454.21,0.732995,0.395497,0
6728,0.624403,0.433658,0,0,0.0611787,0.298896,-0.624403,0.433658,7455.59,0.539544,0.684139,0
6740,0.626635,0.481862,0,0,0.185994,4.01694,-0.626635,0.481862,7457.2,0.454411,0.746913,0
6748,0.611284,0.522288,0,0,-1.91886,5.05326,-0.611284,0.522288,7459.43,0.775439,0.307345,0
6760,0.610604,0.523975,0,0,-0.0567076,0.140572,-0.610604,0.523975,7462.48,0.423796,0.705909,0
6769,0.610328,0.521651,0,0,-0.0306538,-0.258172,-0.610328,0.521651,7466.2,0.39213,0.787423,0
6780,0.604035,0.468775,0,0,-0.572094,-4.80696,-0.604035,0.468775,7470.25,0.739096,0.216848,0
6788,0.603758,0.466452,0,0,-0.0346458,-0.290347,-0.603758,0.466452,7474,0.465667,0.653529,0
6800,0.60389,0.465942,0,0,0.0109982,-0.0424914,-0.60389,0.465942,7476.57,0.505716,0.63293,0
6812,0.606893,0.454342,0,0,0.25029,-0.966677,-0.606893,0.454342,7477.73,0.857933,0.134161,0
6820,0.607025,0.453832,0,0,0.0164907,-0.0637061,-0.607025,0.453832,7478.03,0.483388,0.678442,0
6832,0.605879,0.454262,0,0,-0.0954723,0.0358113,-0.605879,0.454262,7477.97,0.46942,0.616519,0
6840,0.579803,0.464046,0,0,-3.25954,1.22298,-0.579803,0.464046,7477.62,0.702832,0.350959,0
6852,0.578657,0.464476,0,0,-0.0954789,0.0358303,-0.578657,0.464476,7476.87,0.436393,0.663952,0
6860,0.579901,0.463543,0,0,0.155453,-0.116558,-0.579901,0.463543,7475.6,0.401287,0.544567,0
6872,0.608204,0.442324,0,0,2.35861,-1.76829,-0.608204,0.442324,7473.89,0.734395,0.240643,0
6880,0.609448,0.441392,0,0,0.155425,-0.116517,-0.609448,0.441392,7472.31,0.435927,0.641905,0
6892,0.611237,0.440737,0,0,0.14914,-0.0545756,-0.611237,0.440737,7471.14,0.57368,0.678724,0
6900,0.651966,0.425838,0,0,5.09108,-1.86235,-0.651966,0.425838,7469.89,0.807188,0.239959,0
6912,0.653755,0.425184,0,0,0.149118,-0.054532,-0.653755,0.425184,7467.95,0.549862,0.581489,0
6920,0.652122,0.426666,0,0,-0.204206,0.18525,-0.652122,0.426666,7465.28,0.44199,0.758488,0
6932,0.614928,0.460406,0,0,-3.09952,2.81168,-0.614928,0.460406,7462.71,0.756263,0.205341,0
6941,0.613293,0.461889,0,0,-0.181622,0.164759,-0.613293,0.461889,7460.91,0.393873,0.753875,0
6952,0.611228,0.462979,0,0,-0.187686,0.0991124,-0.611228,0.462979,7459.46,0.414043,0.801795,0
6960,0.564238,0.487798,0,0,-5.87386,3.1024,-0.564238,0.487798,7457.67,0.732005,0.26945,0
6972,0.562173,0.488889,0,0,-0.172072,0.0909039,-0.562173,0.488889,7455.4,0.377098,0.749482,0
6980,0.560967,0.488399,0,0,-0.150759,-0.061228,-0.560967,0.488399,7452.94,0.314799,0.673234,0
6992,0.533521,0.47725,0,0,-2.28712,-0.929065,-0.533521,0.47725,7450.87,1.01148,0.11197,0
7000,0.532315,0.47676,0,0,-0.15073,-0.0612212,-0.532315,0.47676,7449.77,0.394614,0.646169,0
7012,0.529747,0.477979,0,0,-0.214033,0.101564,-0.529747,0.477979,7449.49,0.374257,0.682018,0
7020,0.471287,0.505731,0,0,-7.30755,3.46901,-0.471287,0.505731,7449.62,0.629533,0.326155,0
7032,0.468718,0.506951,0,0,-0.214071,0.101656,-0.468718,0.506951,7450.23,0.204102,0.732227,0
7040,0.46685,0.506687,0,0,-0.233415,-0.0330744,-0.46685,0.506687,7451.72,0.222495,0.769441,0
7054,0.424357,0.500666,0,0,-3.03524,-0.430067,-0.424357,0.500666,7455.02,0.635036,0.23521,0
7064,0.42249,0.500401,0,0,-0.186695,-0.0264384,-0.42249,0.500401,7460.92,0.252062,0.705269,0
7072,0.422561,0.49829,0,0,0.0088812,-0.263875,-0.422561,0.49829,7468.29,0.234584,0.860869,0
7084,0.421323,0.450607,0,0,-0.103207,-3.97358,-0.421323,0.450607,7474.67,0.581208,0.156021,0
7092,0.357184,0.456486,0,0,-8.0173,0.734835,-0.357184,0.456486,7478.53,0.260949,0.643716,0
7105,0.367342,0.457001,0,0,0.78135,0.0396471,-0.367342,0.457001,7480.22,0.276302,0.710781,0
7113,0.376023,0.499613,0,0,1.08513,5.32642,-0.376023,0.499613,7480.94,0.622233,0.200339,0
7125,0.380728,0.572762,0,0,0.392103,6.09575,-0.380728,0.572762,7481.52,0.323607,0.573108,0
7133,0.380633,0.576739,0,0,-0.0119073,0.49717,-0.380633,0.576739,7482.13,0.323142,0.870412,0
7144,0.376632,0.59552,0,0,-0.363685,1.70733,-0.376632,0.59552,7482.72,0.573513,0.581799,0
7152,0.433273,0.590049,0,0,7.08012,-0.683811,-0.433273,0.590049,7483.59,0.286956,0.870229,0
7164,0.438111,0.607255,0,0,0.403134,1.43384,-0.438111,0.607255,7485.27,0.242771,0.889652,0
7172,0.466854,0.601115,0,0,3.59293,-0.767501,-0.466854,0.601115,7488.04,0.63913,0.223831,0
7184,0.463517,0.525373,0,0,-0.278114,-6.31188,-0.463517,0.525373,7492.41,0.365254,0.626548,0
7192,0.465026,0.516761,0,0,0.188602,-1.07645,-0.465026,0.516761,7499.25,0.343951,0.679907,0
7204,0.503907,0.396391,0,0,3.24015,-10.0309,-0.503907,0.396391,7508.29,0.664821,0.164545,0
7212,0.505612,0.391105,0,0,0.213021,-0.66073,-0.505612,0.391105,7517.43,0.341156,0.666401,0
7224,0.503057,0.392835,0,0,-0.212854,0.144179,-0.503057,0.392835,7524.67,0.352116,0.5504,0
7232,0.443136,0.432459,0,0,-7.49013,4.95298,-0.443136,0.432459,7530.16,0.771192,0.0581219,0
7244,0.400283,0.439199,0,0,-3.57114,0.561633,-0.400283,0.439199,7534.44,0.317606,0.71593,0
7253,0.396185,0.442473,0,0,-0.45532,0.363778,-0.396185,0.442473,7537.03,0.333085,0.698366,0
7264,0.343184,0.512003,0,0,-4.81823,6.32093,-0.343184,0.512003,7538.17,0.418251,0.323453,0
7272,0.341159,0.515021,0,0,-0.253137,0.37727,-0.341159,0.515021,7539.06,0.211352,0.803295,0
7284,0.349046,0.511712,0,0,0.657271,-0.275735,-0.349046,0.511712,7540.16,0.245451,0.709047,0
7292,0.37179,0.455961,0,0,2.84291,-6.96888,-0.37179,0.455961,7542.57,0.604259,0.0876794,0
7304,0.39581,0.450023,0,0,2.00167,-0.49483,-0.39581,0.450023,7549.21,0.323728,0.708677,0
7316,0.402237,0.432152,0,0,0.535649,-1.48927,-0.402237,0.432152,7560.94,0.334852,0.603821,0
7324,0.467077,0.358285,0,0,8.10488,-9.23337,-0.467077,0.358285,7573.05,0.673932,0.156081,0
7336,0.398113,0.363979,0,0,-5.74697,0.474485,-0.398113,0.363979,7581,0.326259,0.485884,0
7344,0.391669,0.366476,0,0,-0.805457,0.312106,-0.391669,0.366476,7585.95,0.256284,0.584767,0
7356,0.316335,0.415629,0,0,-6.27782,4.09613,-0.316335,0.415629,7591.17,0.621384,0.165769,0
7364,0.298778,0.446385,0,0,-2.19474,3.84445,-0.298778,0.446385,7598.88,0.301189,0.621584,0
7376,0.28135,0.464843,0,0,-1.45227,1.53815,-0.28135,0.464843,7609.06,0.269882,0.786208,0
7384,0.267587,0.560251,0,0,-1.72037,11.9261,-0.267587,0.560251,7618.72,0.514178,0.378053,0
7396,0.267005,0.564305,0,0,-0.0485618,0.33777,-0.267005,0.564305,7625.29,0.190998,0.895872,0
7405,0.267613,0.561841,0,0,0.0675884,-0.273717,-0.267613,0.561841,7628.93,0.222818,0.775006,0
7417,0.284842,0.565325,0,0,1.43577,0.290334,-0.284842,0.565325,7631.58,0.475761,0.427839,0
7425,0.28074,0.566091,0,0,-0.512741,0.0957268,-0.28074,0.566091,7635.17,0.167781,0.618265,0
7437,0.280413,0.564249,0,0,-0.0272325,-0.153514,-0.280413,0.564249,7639.56,0.184096,0.755389,0
7445,0.276973,0.521826,0,0,-0.430062,-5.30282,-0.276973,0.521826,7643.13,0.659909,0.267721,0
7458,0.256662,0.522483,0,0,-1.56237,0.0505639,-0.256662,0.522483,7644.87,0.331295,0.67294,0
7467,0.240232,0.523519,0,0,-1.82554,0.115069,-0.240232,0.523519,7644.86,0.245331,0.706997,0
7476,0.209682,0.504127,0,0,-3.39444,-2.15466,-0.209682,0.504127,7636.52,0.66029,0.295607,0
7484,0.179074,0.503544,0,0,-3.82609,-0.0728733,-0.179074,0.503544,7589.46,0.383573,0.599804,0
7496,-0.0855731,0.378676,0,0,-22.0539,-10.4057,0.0855731,0.378676,7444.44,0.410185,0.611515,0
7505,-6.17729,-0.696146,-21.8484,0,-676.858,-119.425,-15.6711,-0.696146,7189.57,-22.4739,0.0792585,0
7515,-17.1158,-0.639349,-21.8484,0,-1093.85,5.67967,-4.73262,-0.639349,6932.73,-22.9716,0.848922,0
7524,-22.3137,0.388193,-21.8484,0,-577.545,114.171,0.465285,0.388193,6783.05,-22.8811,0.843464,0
7535,-22.5416,0.362876,-21.8484,0,-20.7167,-2.30151,0.693169,0.362876,6729.72,-22.7262,0.342891,0
7543,-22.5959,0.372582,-21.8484,0,-6.78462,1.21326,0.747446,0.372582,6713.09,-22.8889,0.476994,0
7555,-22.6568,0.352358,-21.8484,0,-5.08133,-1.68538,0.808422,0.352358,6704.59,-22.89,0.517666,0
7563,-22.6956,0.338006,-21.8484,0,-4.84188,-1.794,0.847157,0.338006,6698.45,-22.5729,-0.0247259,0
7575,-22.6983,0.272712,-21.8484,0,-0.231393,-5.44115,0.849933,0.272712,6692.87,-22.8321,0.382979,0
7583,-22.7126,0.271169,-21.8484,0,-1.78384,-0.192845,0.864204,0.271169,6687.63,-22.8154,0.417544,0
7595,-22.7267,0.216028,-21.8484,0,-1.17317,-4.59512,0.878282,0.216028,6682.67,-22.5388,-0.00263616,0
7603,-22.7229,0.212407,-21.8484,0,0.468702,-0.452558,0.874533,0.212407,6677.19,-22.7067,0.412873,0
7615,-22.7241,0.213188,-21.8484,0,-0.0963738,0.0650742,0.875689,0.213188,6671.56,-22.8391,0.433568,0
7623,-22.7567,0.232693,-21.8484,0,-4.07407,2.43807,0.908282,0.232693,6666.64,-22.5419,-0.033459,0
7635,-22.8023,0.245686,-21.8484,0,-3.79828,1.08276,0.953861,0.245686,6661.91,-22.7827,0.460765,0
7647,-22.8127,0.249219,-21.8484,0,-0.865015,0.294427,0.964241,0.249219,6656.84,-22.8216,0.422221,0
7655,-22.8043,0.26233,-21.8484,0,1.03874,1.63893,0.955931,0.26233,6652.55,-22.6204,0.0234477,0
7667,-22.8106,0.264736,-21.8484,0,-0.523535,0.200465,0.962214,0.264736,6650.22,-22.9008,0.462175,0
7677,-22.8105,0.265172,-21.8484,0,0.0123088,0.0436199,0.96209,0.265172,6649.34,-22.8367,0.505329,0
7687,-22.7996,0.27286,-21.8484,0,1.09386,0.768764,0.951152,0.27286,6648.93,-22.5694,0.061076,0
7695,-22.7645,0.263698,-21.8484,0,4.37899,-1.14524,0.91612,0.263698,6648.55,-22.7959,0.481926,0
7707,-22.7318,0.252932,-21.8484,0,2.72414,-0.897174,0.88343,0.252932,6648.05,-22.73,0.391979,0
7715,-22.7302,0.211729,-21.8484,0,0.210756,-5.1504,0.881744,0.211729,6647.5,-22.5416,-0.0462731,0
7727,-22.7138,0.205465,-21.8484,0,1.35934,-0.521944,0.865432,0.205465,6647.23,-22.7277,0.302674,0
7735,-22.7062,0.20339,-21.8484,0,0.957071,-0.259373,0.857776,0.20339,6646.85,-22.6642,0.260647,0
7747,-22.7058,0.206507,-21.8484,0,0.0281064,0.259688,0.857438,0.206507,6645.7,-22.5039,0.00238637,0
7755,-22.7067,0.270057,-21.8484,0,-0.103067,7.94376,0.858263,0.270057,6644.01,-22.7869,0.450951,0
7767,-22.7398,0.34247,-21.8484,0,-2.7616,6.0344,0.891402,0.34247,6642.3,-22.7581,0.472099,0
7775,-22.7666,0.352505,-21.8484,0,-3.35298,1.25439,0.918226,0.352505,6640.62,-22.5473,-0.0183732,0
7787,-22.769,0.352946,-21.8484,0,-0.197353,0.0367988,0.920594,0.352946,6638.95,-22.7901,0.495741,0
7797,-22.7712,0.352813,-21.8484,0,-0.216394,-0.0133465,0.922758,0.352813,6637.34,-22.7849,0.441199,0
7807,-22.7747,0.446036,-21.8484,0,-0.348889,9.3223,0.926247,0.446036,6635.83,-22.5168,0.00886185,0
7815,-22.7811,0.461611,-21.8484,0,-0.807827,1.94694,0.93271,0.461611,6634.32,-22.7681,0.435378,0
7827,-22.7874,0.463781,-21.8484,0,-0.527266,0.180835,0.939037,0.463781,6632.45,-22.7679,0.527626,0
7835,-22.8168,0.471856,-21.8484,0,-3.66513,1.00931,0.968358,0.471856,6629.99,-33.3038,7.50442,0
7847,-22.8719,0.485629,-21.8484,0,-4.59827,1.14777,1.02354,0.485629,6627.51,-22.9515,0.541209,0
7855,-22.9031,0.45593,-21.8484,0,-3.89259,-3.71236,1.05468,0.45593,6625.55,-23.1709,0.348521,0
7867,-22.9095,0.328487,-21.8484,0,-0.533454,-10.6203,1.06108,0.328487,6623.96,-22.9114,-0.065746,0
7875,-22.9239,0.195266,-21.8484,0,-1.79857,-16.6527,1.07547,0.195266,6622.31,-23.032,0.37598,0
7887,-22.9415,0.191571,-21.8484,0,-1.46566,-0.307846,1.09306,0.191571,6620.44,-23.104,0.28836,0
7899,-22.9548,0.132319,-21.8484,0,-1.10709,-4.93773,1.10634,0.132319,6618.38,-22.918,-0.000265413,0
7907,-22.9558,0.129842,-21.8484,0,-0.130015,-0.309583,1.10738,0.129842,6616,-23.0894,0.329371,0
7919,-22.9673,0.131868,-21.8484,0,-0.957974,0.168813,1.11888,0.131868,6612.99,-23.0284,0.272093,0
7927,-22.9769,0.108251,-21.8484,0,-1.2035,-2.95215,1.1285,0.108251,6609.65,-22.903,-0.0559323,0
7939,-22.9773,0.107207,-21.8484,0,-0.0334763,-0.0869565,1.12891,0.107207,6606.58,-23.0602,0.247411,0
7948,-22.9759,0.104929,-21.8484,0,0.157942,-0.253131,1.12748,0.104929,6604.11,-23.0844,0.220042,0
7959,-22.9435,0.0530938,-21.8484,0,2.94069,-4.71228,1.09514,0.0530938,6602.63,-22.8368,-0.116788,0
7967,-22.9421,0.0508169,-21.8484,0,0.177624,-0.284607,1.09372,0.0508169,6602.08,-22.9992,0.171494,0
7980,-22.9424,0.0513384,-21.8484,0,-0.0203281,0.0401133,1.09398,0.0513384,6601.85,-22.9675,0.256683,0
7987,-22.9493,0.0653815,-21.8484,0,-0.985393,2.00616,1.10088,0.0653815,6601.56,-22.8029,-0.174045,0
7999,-22.9696,0.115289,-21.8484,0,-1.69172,4.15893,1.12118,0.115289,6601.45,-23.0426,0.157167,0
8007,-22.9724,0.120032,-21.8484,0,-0.349129,0.592863,1.12397,0.120032,6601.8,-23.1003,0.296804,0
8019,-23.0159,0.179981,-21.8484,0,-3.62607,4.99579,1.16748,0.179981,6602.27,-22.947,0.0518558,0
8027,-23.0175,0.215396,-21.8484,0,-0.200439,4.42683,1.16909,0.215396,6602.66,-23.1672,0.407717,0
8039,-23.0172,0.249871,-21.8484,0,0.0253817,2.87294,1.16878,0.249871,6603.45,-23.1355,0.415463,0
8047,-23.0174,0.251384,-21.8484,0,-0.0247756,0.189115,1.16898,0.251384,6605.75,-22.8647,-0.0925442,0
8059,-23.0174,0.251387,-21.8484,0,-0.000773265,0.000224833,1.16899,0.251387,6610.18,-23.1626,0.324551,0
8067,-23.0168,0.251176,-21.8484,0,0.0707023,-0.0263501,1.16843,0.251176,6615.6,-23.0897,0.270433,0
8079,-23.004,0.242667,-21.8484,0,1.0701,-0.709056,1.15558,0.242667,6620.28,-22.9016,-0.109604,0
8087,-23.0042,0.158011,-21.8484,0,-0.0287676,-10.582,1.15581,0.158011,6623.82,-23.1158,0.40552,0
8101,-23.0048,0.156088,-21.8484,0,-0.0433783,-0.137369,1.15642,0.156088,6627.02,-23.1451,0.411341,0
8107,-23.0178,0.196742,-21.8484,0,-2.16686,6.77577,1.16942,0.196742,6631.02,-22.9108,0.0267615,0
8119,-23.0184,0.198529,-21.8484,0,-0.0476285,0.14888,1.16999,0.198529,6636.1,-23.1361,0.39013,0
8127,-23.0187,0.198799,-21.8484,0,-0.035444,0.0337905,1.17028,0.198799,6641.16,-23.1367,0.3381,0
8139,-23.0251,0.204948,-21.8484,0,-0.537698,0.512449,1.17673,0.204948,6645.1,-22.8805,-0.044379,0
8151,-23.0254,0.205219,-21.8484,0,-0.0236243,0.0225165,1.17701,0.205219,6648.58,-23.1185,0.372475,0
8159,-23.0259,0.206419,-21.8484,0,-0.0552822,0.150017,1.17746,0.206419,6654.17,-23.0955,0.343821,0
8170,-23.0359,0.233737,-21.8484,0,-0.915292,2.48343,1.18752,0.233737,6664.21,-22.959,0.112654,0
8178,-23.0364,0.234937,-21.8484,0,-0.0553124,0.15005,1.18797,0.234937,6677.42,-23.1736,0.480124,0
8190,-23.0366,0.235587,-21.8484,0,-0.0154003,0.0541701,1.18815,0.235587,6688.78,-23.1323,0.347243,0
8198,-23.0408,0.25038,-21.8484,0,-0.525778,1.84918,1.19236,0.25038,6695.64,-22.887,0.116463,0
8210,-23.041,0.25103,-21.8484,0,-0.0154042,0.0541682,1.19254,0.25103,6701.47,-23.173,0.466009,0
8218,-23.0401,0.252039,-21.8484,0,0.111843,0.126106,1.19165,0.252039,6711.75,-23.2264,0.415958,0
8230,-23.0197,0.275002,-21.8484,0,1.69723,1.9136,1.17128,0.275002,6727.46,-22.8993,0.111261,0
8238,-23.0188,0.276012,-21.8484,0,0.111868,0.126134,1.17039,0.276012,6743.8,-23.0987,0.471099,0
8251,-23.0195,0.278015,-21.8484,0,-0.0550092,0.15414,1.1711,0.278015,6757.36,-23.1479,0.516267,0
8259,-23.0358,0.323629,-21.8484,0,-2.03578,5.70169,1.18739,0.323629,6770.12,-22.9041,0.0915569,0
8271,-23.0365,0.325633,-21.8484,0,-0.0596619,0.167042,1.1881,0.325633,6784.2,-23.2084,0.536748,0
8278,-23.0364,0.326271,-21.8484,0,0.0107079,0.0911612,1.18803,0.326271,6798.43,-23.208,0.527137,0
8290,-23.0347,0.340792,-21.8484,0,0.142204,1.21005,1.18632,0.340792,6811.63,-22.9356,0.192418,0
8298,-23.0345,0.341387,-21.8484,0,0.0287991,0.0743569,1.18609,0.341387,6824.58,-23.1199,0.539631,0
8311,-23.0294,0.341007,-21.8484,0,0.395632,-0.0292311,1.18095,0.341007,6837.88,-23.0572,0.453602,0
8318,-22.9928,0.354723,-21.8484,0,5.22071,1.9595,1.1444,0.354723,6850.76,-22.9392,0.0668874,0
8330,-22.9945,0.356252,-21.8484,0,-0.144305,0.127368,1.14614,0.356252,6862.93,-23.0627,0.564065,0
8338,-22.9923,0.358425,-21.8484,0,0.280275,0.271581,1.14389,0.358425,6876.17,-23.0321,0.522306,0
8350,-22.9883,0.420916,-21.8484,0,0.335439,5.20764,1.13987,0.420916,6891.43,-22.8144,0.218551,0
8359,-22.9881,0.423664,-21.8484,0,0.0190898,0.305279,1.1397,0.423664,6905.46,-22.9497,0.609298,0
8371,-22.9873,0.425203,-21.8484,0,0.0678767,0.128246,1.13888,0.425203,6915.67,-23.0403,0.570014,0
8378,-22.9669,0.459726,-21.8484,0,2.90771,4.93185,1.11853,0.459726,6924.66,-22.8531,0.325304,0
8390,-22.9247,0.449808,-21.8484,0,3.51607,-0.826506,1.07633,0.449808,6935.51,-23.1068,0.621779,0
8403,-22.9246,0.448846,-21.8484,0,0.00824661,-0.0739506,1.07623,0.448846,6948.3,-23.0353,0.630995,0
8410,-22.9636,0.438419,-21.8484,0,-5.56285,-1.48958,1.11517,0.438419,6961.73,-22.8053,0.221398,0
8422,-22.9653,0.437961,-21.8484,0,-0.142525,-0.0381595,1.11688,0.437961,6974.84,-23.0823,0.553499,0
8430,-22.9657,0.437008,-21.8484,0,-0.050962,-0.119216,1.11729,0.437008,6987.99,-23.1513,0.687963,0
8442,-22.975,0.415304,-21.8484,0,-0.773073,-1.80866,1.12656,0.415304,7001.58,-22.8903,0.271513,0
8450,-22.9754,0.41435,-21.8484,0,-0.0509555,-0.11919,1.12697,0.41435,7014.02,-23.0499,0.615158,0
8463,-22.9748,0.413968,-21.8484,0,0.0470547,-0.0294102,1.12636,0.413968,7024.38,-23.0387,0.561267,0
8471,-22.9608,0.408479,-21.8484,0,1.74363,-0.686069,1.11241,0.408479,7034.95,-22.8618,0.206435,0
8483,-22.9597,0.481189,-21.8484,0,0.0955256,6.05912,1.11126,0.481189,7047.68,-23.046,0.617925,0
8491,-22.9607,0.484855,-21.8484,0,-0.124896,0.458268,1.11226,0.484855,7061.84,-22.9876,0.521533,0
8502,-22.9858,0.495699,-21.8484,0,-2.28117,0.985861,1.13736,0.495699,7076.12,-22.9245,0.265546,0
8510,-23.0293,0.506955,-21.8484,0,-5.44496,1.40702,1.18091,0.506955,7089.89,-23.1055,0.646665,0
8522,-23.044,0.488102,-21.8484,0,-1.21881,-1.57113,1.19554,0.488102,7102.75,-23.1135,0.614445,0
8530,-23.0445,0.484125,-21.8484,0,-0.0728745,-0.497054,1.19612,0.484125,7115.13,-22.9031,0.0755848,0
8542,-23.045,0.413004,-21.8484,0,-0.0422503,-5.92678,1.19663,0.413004,7129.62,-23.0907,0.540392,0
8550,-23.045,0.40959,-21.8484,0,0.00495474,-0.426766,1.19659,0.40959,7148.08,-23.0568,0.622415,0
8562,-23.0419,0.402513,-21.8484,0,0.26149,-0.589719,1.19345,0.402513,7166.75,-22.9241,0.184213,0
8570,-23.003,0.391442,-21.8484,0,4.86177,-1.38394,1.15456,0.391442,7180.52,-23.1001,0.665063,0
8583,-23.0016,0.390601,-21.8484,0,0.104394,-0.0646783,1.1532,0.390601,7190.12,-23.1196,0.770042,0
8591,-23.0096,0.382241,-21.8484,0,-0.994427,-1.04497,1.16116,0.382241,7200.67,-22.9062,0.152887,0
8603,-23.0099,0.381874,-21.8484,0,-0.0291272,-0.0306067,1.16151,0.381874,7217.51,-23.1099,0.523479,0
8611,-23.01,0.377052,-21.8484,0,-0.00819929,-0.602775,1.16157,0.377052,7243.14,-23.1581,0.705909,0
8623,-23.0115,0.267345,-21.8484,0,-0.128994,-9.14226,1.16312,0.267345,7273.14,-22.8065,0.128065,0
8631,-23.0116,0.258895,-21.8484,0,-0.0128323,-1.05619,1.16322,0.258895,7298.8,-23.1248,0.533271,0
8643,-23.0117,0.17405,-21.8484,0,-0.00173665,-7.07045,1.16324,0.17405,7318.04,-23.1905,0.0348061,0
8655,-22.9948,0.116155,-21.8484,0,1.40356,-4.82461,1.1464,0.116155,7336.79,-22.9077,-0.227443,0
8663,-22.995,0.0301767,-21.8484,0,-0.0180921,-10.7472,1.14655,0.0301767,7358.71,-23.023,0.163276,0
8675,-22.9946,0.0240721,-21.8484,0,0.0256154,-0.508719,1.14624,0.0240721,7382.12,-22.984,0.126974,0
8683,-22.9867,-0.0311241,-21.8484,0,0.987529,-6.89953,1.13834,-0.0311241,7406.07,-22.9637,-0.19305,0
8695,-22.9864,-0.0335487,-21.8484,0,0.0288732,-0.20205,1.13799,-0.0335487,7430.54,-23.0347,0.125322,0
8704,-22.9865,-0.0341346,-21.8484,0,-0.0121208,-0.0650899,1.1381,-0.0341346,7452.07,-23.1338,0.153171,0
8715,-22.9894,-0.0473537,-21.8484,0,-0.261455,-1.20174,1.14098,-0.0473537,7467.95,-22.9437,-0.244731,0
8723,-22.9981,-0.045544,-21.8484,0,-1.09519,0.226211,1.14974,-0.045544,7480.66,-23.0861,0.0661448,0
8736,-22.9923,-0.0472673,-21.8484,0,0.452236,-0.132561,1.14386,-0.0472673,7493.62,-23.0096,0.0532056,0
8744,-22.9864,-0.0510603,-21.8484,0,0.729802,-0.474121,1.13802,-0.0510603,7508.22,-22.9487,-0.169104,0
8756,-22.992,-0.0496058,-21.8484,0,-0.466719,0.121206,1.14362,-0.0496058,7525.01,-22.9839,0.155111,0
8763,-22.9933,-0.0492045,-21.8484,0,-0.187043,0.0573261,1.14493,-0.0492045,7543.33,-23.111,0.108902,0
8775,-23.017,-0.039092,-21.8484,0,-1.97167,0.842706,1.16859,-0.039092,7560.4,-22.9869,-0.190473,0
8784,-23.0129,0.0207031,-21.8484,0,0.45871,6.6439,1.16446,0.0207031,7573.83,-23.0986,0.105457,0
8795,-23.0398,0.0305109,-21.8484,0,-2.44416,0.891614,1.19135,0.0305109,7584.68,-23.0896,0.127261,0
8803,-23.0647,0.0322354,-21.8484,0,-3.11728,0.215566,1.21629,0.0322354,7597.19,-22.962,-0.258285,0
8815,-23.0904,0.0875338,-21.8484,0,-2.14029,4.6082,1.24197,0.0875338,7614.66,-23.1508,0.195269,0
8824,-23.1168,0.0851315,-21.8484,0,-2.93886,-0.266923,1.26842,0.0851315,7635.5,-23.1411,0.127373,0
8836,-23.1478,0.0905729,-21.8484,0,-2.58329,0.453448,1.29942,0.0905729,7654.96,-23.0356,-0.281711,0
8844,-23.1498,0.0303992,-21.8484,0,-0.243092,-7.52171,1.30136,0.0303992,7669.33,-23.235,0.0815923,0
8856,-23.1498,0.0278355,-21.8484,0,-0.00326186,-0.213637,1.3014,0.0278355,7678.47,-23.2401,0.199162,0
8864,-23.1501,0.0269623,-21.8484,0,-0.0341658,-0.10916,1.30168,0.0269623,7685.62,-23.0715,-0.194867,0
8876,-23.1509,-0.0423378,-21.8484,0,-0.0646696,-5.77501,1.30245,-0.0423378,7694.13,-23.2319,0.268315,0
8884,-23.15,-0.0468694,-21.8484,0,0.106049,-0.566452,1.3016,-0.0468694,7704.47,-23.1881,0.116472,0
8896,-23.1308,-0.0803692,-21.8484,0,1.59765,-2.79165,1.28243,-0.0803692,7715.32,-23.1109,-0.311366,0
8908,-23.151,-0.0760075,-21.8484,0,-1.67612,0.363478,1.30255,-0.0760075,7725.91,-23.1981,0.0623751,0
8917,-23.1525,-0.0739018,-21.8484,0,-0.174812,0.233968,1.30412,-0.0739018,7735.72,-23.1082,0.0707891,0
8929,-23.1674,-0.0303122,-21.8484,0,-1.24038,3.63247,1.319,-0.0303122,7743.56,-23.1032,-0.299622,0
8937,-23.1694,0.00613803,-21.8484,0,-0.251451,4.55628,1.32102,0.00613803,7748.41,-23.253,0.101121,0
8949,-23.1703,0.0197612,-21.8484,0,-0.0752648,1.13526,1.32192,0.0197612,7750.5,-23.3543,0.195609,0
8957,-23.1967,0.0534469,-21.8484,0,-3.29383,4.21072,1.34827,0.0534469,7750.9,-23.1581,-0.0432297,0
8969,-23.3049,0.0824707,-21.8484,0,-9.01683,2.41865,1.45647,0.0824707,7749.89,-23.4091,0.35275,0
8977,-23.4045,0.0525728,-21.8484,0,-12.4536,-3.73724,1.5561,0.0525728,7745.82,-23.3988,0.136701,0
8989,-23.4096,-0.0379187,-21.8484,0,-0.425446,-7.54096,1.56121,-0.0379187,7736.27,-23.4978,-0.214012,0
8997,-23.3804,-0.293852,-21.8484,0,3.6559,-31.9917,1.53196,-0.293852,7720.01,-23.5628,0.0828821,0
9010,-22.6735,-3.48224,-21.8484,-12.5059,54.3742,-245.26,0.825094,9.02369,7697.81,-20.9224,-12.0971,0
9020,-21.6872,-9.35048,-21.8484,-12.5059,98.6311,-586.824,-0.161217,3.15545,7673.83,-21.1319,-12.7876,0
9025,-21.3248,-12.4011,-21.8484,-12.5059,72.4778,-610.118,-0.523606,0.104858,7654.06,-21.3697,-12.3697,0
9038,-21.2679,-12.5855,-21.8484,-12.5059,4.37946,-14.1881,-0.580539,-0.0795872,7640.41,-21.3734,-12.4598,0
9051,-21.2139,-12.6632,-21.8484,-12.5059,4.1544,-5.97751,-0.634546,-0.157295,7629.11,-21.1147,-12.8622,0
9058,-21.2472,-12.6254,-21.8484,-12.5059,-4.75978,5.40689,-0.601228,-0.119447,7617.04,-21.2842,-12.5456,0
9071,-21.2502,-12.6527,-21.8484,-12.5059,-0.234347,-2.10244,-0.598181,-0.146778,7603.39,-21.1855,-12.5709,0
9078,-21.2526,-12.6679,-21.8484,-12.5059,-0.335558,-2.16936,-0.595832,-0.161964,7587.83,-21.1557,-12.8925,0
9090,-21.2527,-12.6688,-21.8484,-12.5059,-0.0118041,-0.0718294,-0.595691,-0.162826,7571.08,-21.304,-12.6701,0
9098,-21.2537,-12.6744,-21.8484,-12.5059,-0.116868,-0.710884,-0.594756,-0.168513,7552.66,-21.3633,-12.6305,0
9110,-21.2534,-12.6768,-21.8484,-12.5059,0.024457,-0.200015,-0.595049,-0.170913,7533.01,-21.1903,-12.9088,0
9118,-21.2461,-12.7261,-21.8484,-12.5059,0.903897,-6.16392,-0.60228,-0.220224,7515.79,-21.2733,-12.5853,0
9130,-21.252,-12.7377,-21.8484,-12.5059,-0.491487,-0.964397,-0.596383,-0.231797,7502.84,-21.3033,-12.6697,0
9138,-21.2038,-12.7469,-21.8484,-12.5059,6.03339,-1.15116,-0.64465,-0.241006,7491.96,-21.1346,-12.887,0
9150,-21.194,-12.7014,-21.8484,-12.5059,0.811056,3.79248,-0.654382,-0.195497,7480.13,-21.2729,-12.7006,0
9158,-21.1911,-12.687,-21.8484,-12.5059,0.362895,1.79954,-0.657286,-0.1811,7466.81,-21.1976,-12.5551,0
9170,-21.173,-12.65,-21.8484,-12.5059,1.50857,3.088,-0.675388,-0.144044,7453.36,-21.124,-12.8071,0
9178,-21.172,-12.6468,-21.8484,-12.5059,0.131461,0.398663,-0.67644,-0.140855,7440.37,-21.2368,-12.5861,0
9191,-21.167,-12.6106,-21.8484,-12.5059,0.380923,2.78609,-0.681392,-0.104636,7426.94,-21.2757,-12.4488,0
9199,-21.1885,-12.6041,-21.8484,-12.5059,-2.68855,0.80731,-0.659884,-0.0981773,7410.51,-21.1361,-12.6771,0
9212,-21.188,-12.6035,-21.8484,-12.5059,0.0442099,0.0432314,-0.660458,-0.0976153,7389.54,-21.2766,-12.3789,0
9220,-21.1509,-12.5958,-21.8484,-12.5059,4.63273,0.970195,-0.69752,-0.0898538,7368.56,-21.2385,-12.4088,0
9231,-21.0966,-12.5995,-21.8484,-12.5059,4.93752,-0.334586,-0.751833,-0.0935342,7352.98,-21.0968,-12.7583,0
9239,-21.037,-12.6124,-21.8484,-12.5059,7.44818,-1.61805,-0.811418,-0.106479,7340.67,-20.2973,-11.386,0
9251,-21.0348,-12.6154,-21.8484,-12.5059,0.179675,-0.252523,-0.813575,-0.109509,7326.78,-21.1636,-12.496,0
9259,-21.0417,-12.6719,-21.8484,-12.5059,-0.853541,-7.06231,-0.806746,-0.166007,7311.65,-20.9607,-12.8606,0
9271,-21.009,-12.6827,-21.8484,-12.5059,2.72095,-0.90039,-0.839398,-0.176812,7297.98,-21.137,-12.5395,0
9282,-21.0473,-12.697,-21.8484,-12.5059,-3.47663,-1.29405,-0.801155,-0.191047,7286.47,-21.3071,-12.301,0
9291,-21.0815,-12.6899,-21.8484,-12.5059,-3.80303,0.78745,-0.766927,-0.18396,7276.26,-21.0338,-12.8611,0
9303,-21.0812,-12.6793,-21.8484,-12.5059,0.0220965,0.882293,-0.767193,-0.173372,7265.82,-21.2048,-12.6601,0
9312,-21.0802,-12.6783,-21.8484,-12.5059,0.114572,0.106334,-0.768224,-0.172415,7254.96,-21.1502,-12.6331,0
9323,-21.0582,-12.6656,-21.8484,-12.5059,1.99856,1.16027,-0.790208,-0.159652,7245.49,-20.966,-12.6777,0
9331,-21.0512,-12.6343,-21.8484,-12.5059,0.869171,3.9063,-0.797161,-0.128402,7237.52,-21.0635,-12.3898,0
9343,-21.0201,-12.5798,-21.8484,-12.5059,2.59865,4.54369,-0.828345,-0.0738774,7228.44,-21.125,-12.3889,0
9351,-20.9891,-12.5577,-21.8484,-12.5059,3.86497,2.76281,-0.859265,-0.0517749,7216.95,-20.921,-12.6414,0
9363,-20.9878,-12.5569,-21.8484,-12.5059,0.108119,0.0703983,-0.860562,-0.0509301,7204.88,-21.0067,-12.5075,0
9371,-20.9881,-12.5583,-21.8484,-12.5059,-0.0290447,-0.177401,-0.86033,-0.0523493,7193.9,-21.0485,-12.4034,0
9383,-20.9912,-12.5774,-21.8484,-12.5059,-0.260841,-1.59101,-0.8572,-0.0714414,7184.08,-20.8844,-12.7795,0
9392,-20.993,-12.5778,-21.8484,-12.5059,-0.198214,-0.0523796,-0.855416,-0.0719129,7175.76,-21.0935,-12.5222,0
9404,-21.034,-12.5682,-21.8484,-12.5059,-3.41529,0.799546,-0.814432,-0.0623183,7168.77,-21.1233,-12.4205,0
9411,-21.1156,-12.5387,-21.8484,-12.5059,-11.661,4.22225,-0.732805,-0.0327625,7161.97,-20.8733,-12.6572,0
9424,-21.1166,-12.5221,-21.8484,-12.5059,-0.0734441,1.27412,-0.731851,-0.0161989,7155.89,-21.1886,-12.3846,0
9433,-21.105,-12.4738,-21.8484,-12.5059,1.28504,5.37134,-0.743416,0.0321432,7151.44,-21.0987,-12.2031,0
9444,-21.0518,-12.4432,-21.8484,-12.5059,4.83815,2.77674,-0.796636,0.0626873,7148.14,-20.8491,-12.5897,0
9453,-21.0493,-12.4412,-21.8484,-12.5059,0.279958,0.230076,-0.799155,0.064758,7145.18,-21.0649,-12.3668,0
9465,-21.0447,-12.4226,-21.8484,-12.5059,0.375399,1.55121,-0.80366,0.0833725,7142.33,-21.0158,-12.4046,0
9472,-21.0443,-12.4201,-21.8484,-12.5059,0.0652215,0.345851,-0.804117,0.0857935,7139.75,-20.8866,-12.5541,0
9484,-21.0384,-12.3834,-21.8484,-12.5059,0.492963,3.05964,-0.810032,0.122509,7136.91,-21.0625,-12.3724,0
9492,-21.0376,-12.3767,-21.8484,-12.5059,0.0967579,0.835579,-0.810806,0.129194,7132.1,-21.0616,-12.144,0
9504,-21.0442,-12.375,-21.8484,-12.5059,-0.54773,0.141562,-0.804234,0.130892,7124.09,-20.9184,-12.5458,0
9512,-21.0413,-12.3757,-21.8484,-12.5059,0.363074,-0.0865321,-0.807138,0.1302,7114.22,-21.0762,-12.3635,0
9524,-20.9668,-12.3949,-21.8484,-12.5059,6.20749,-1.59747,-0.881628,0.111031,7105.67,-21.0272,-12.3824,0
9532,-20.9258,-12.441,-21.8484,-12.5059,5.11868,-5.76183,-0.922577,0.0649359,7099.56,-20.8858,-12.6143,1
9544,-20.963,-12.4628,-21.8484,-12.5059,-3.1002,-1.81823,-0.885375,0.0431171,7093.93,-20.927,-12.5499,1
9556,-20.9647,-12.4637,-21.8484,-12.5059,-0.142508,-0.0727265,-0.883665,0.0422444,7086.01,-20.9683,-12.4853,1
9564,-20.9666,-12.4619,-21.8484,-12.5059,-0.226216,0.216824,-0.881855,0.043979,7073.08,-21.0095,-12.4207,1
9576,-21.0094,-12.4198,-21.8484,-12.5059,-3.57114,3.50951,-0.839002,0.0860932,7055.76,-21.0509,-12.356,1
9584,-21.0513,-12.3553,-21.8484,-12.5059,-5.23494,8.06212,-0.797122,0.15059,7040.53,-21.0922,-12.2912,1
9596,-21.1026,-12.275,-21.8484,-12.5059,-4.27378,6.69755,-0.745837,0.230961,7032.55,-21.1336,-12.2263,1
9604,-21.154,-12.195,-21.8484,-12.5059,-6.42837,9.99575,-0.69441,0.310927,7030.19,-21.1751,-12.1613,1
9618,-21.1978,-12.1417,-21.8484,-12.5059,-3.12852,3.80905,-0.65061,0.364253,7029.81,-21.2165,-12.0962,1
9625,-21.2393,-12.0766,-21.8484,-12.5059,-5.92464,9.3011,-0.609138,0.429361,7029.78,-21.258,-12.031,1
9637,-21.279,-11.9995,-21.8484,-12.5059,-3.30705,6.42018,-0.569453,0.506403,7022.84,-21.2996,-11.9658,1
9646,-21.3218,-11.9462,-21.8484,-12.5059,-4.76286,5.9252,-0.526588,0.55973,6983.42,-21.3411,-11.9004,1
9657,-21.3515,-11.8836,-21.8484,-12.5059,-2.69394,5.69484,-0.496954,0.622373,6862.27,-21.3828,-11.835,1
9665,-21.3798,-11.8088,-21.8484,-12.5059,-3.54846,9.33981,-0.468567,0.697092,6648.85,-21.4244,-11.7695,1
9676,-21.4348,-11.7531,-21.8484,-12.5059,-4.99743,5.06729,-0.413595,0.752832,6375.26,-21.4661,-11.7039,1
9684,-21.4903,-11.6972,-21.8484,-12.5059,-6.93432,6.99165,-0.35812,0.808765,6092.4,-21.5078,-11.6382,1
9696,-21.5291,-11.6221,-21.8484,-12.5059,-3.23098,6.25832,-0.319349,0.883865,5892.22,-21.5496,-11.5724,1
9704,-21.5307,-11.6189,-21.8484,-12.5059,-0.200665,0.400577,-0.317743,0.88707,5805.29,-21.5913,-11.5065,1
9716,-21.5383,-11.697,-21.8484,-12.5059,-0.638953,-6.51377,-0.310076,0.808904,5778.38,-21.6332,-11.4405,1
9724,-21.7402,-13.529,-21.8484,-12.5059,-25.2332,-229.002,-0.108211,-1.02311,5781.12,-21.6334,-15.9936,0
9736,-21.9443,-15.4129,-21.8484,-12.5059,-17.0105,-156.99,0.0959155,-2.907,5822.61,-20.992,-15.6197,0
9744,-21.9798,-15.6145,-21.8484,-12.5059,-4.44029,-25.1956,0.131438,-3.10856,5894.66,-21.403,-12.2125,0
9756,-21.9827,-15.6139,-21.8484,-12.5059,-0.234758,0.050534,0.134255,-3.10796,5963.06,-20.9538,-15.9079,0
9764,-22.0198,-15.4715,-21.8484,-12.5059,-4.64679,17.7955,0.171429,-2.96559,6006.51,-22.3278,-15.6967,0
9776,-21.9968,-15.3523,-21.8484,-12.5059,1.91632,9.93875,0.148434,-2.84633,6036.17,-21.2906,-12.632,0
9784,-21.9233,-15.1285,-21.8484,-12.5059,9.19068,27.9708,0.0749081,-2.62256,6078.79,-22.217,-14.5959,0
9796,-21.8854,-14.9608,-21.8484,-12.5059,3.15891,13.9759,0.0370011,-2.45485,6153.53,-21.8547,-15.0803,0
9808,-21.7325,-14.5337,-21.8484,-12.5059,12.741,35.5921,-0.115891,-2.02775,6260.03,-21.2419,-12.7133,0
9816,-21.564,-13.8788,-21.8484,-12.5059,21.0616,81.8583,-0.284384,-1.37288,6373.28,-20.7533,-13.8656,0
9828,-21.4559,-13.4882,-21.8484,-12.5059,9.01011,32.5522,-0.392505,-0.982253,6463.68,-21.4996,-13.3546,0
9836,-21.3899,-13.4005,-21.8484,-12.5059,8.25225,10.9646,-0.458523,-0.894536,6536.04,-21.16,-12.677,0
9848,-21.3119,-13.2797,-21.8484,-12.5059,6.50104,10.0642,-0.536535,-0.773765,6617.99,-21.1739,-13.5201,0
9856,-21.2605,-13.07,-21.8484,-12.5059,6.42411,26.2127,-0.587928,-0.564063,6705.81,-21.2699,-12.9521,0
9868,-21.2319,-12.9008,-21.8484,-12.5059,2.38236,14.1009,-0.616517,-0.394853,6773.6,-21.1759,-12.7252,0
9876,-21.2266,-12.7809,-21.8484,-12.5059,0.666151,14.9791,-0.621846,-0.27502,6815.21,-21.0709,-13.1168,0
9888,-21.2249,-12.7736,-21.8484,-12.5059,0.14202,0.610348,-0.62355,-0.267696,6836.72,-21.3348,-12.36,0
9896,-21.1888,-12.722,-21.8484,-12.5059,4.50243,6.4495,-0.65957,-0.2161,6848.54,-21.2566,-12.425,0
9908,-21.1548,-12.7659,-21.8484,-12.5059,2.83939,-3.65508,-0.693642,-0.259961,6865.14,-21.1209,-12.8895,0
9916,-21.1014,-12.7795,-21.8484,-12.5059,6.668,-1.69962,-0.746986,-0.273558,6889.07,-21.0688,-12.6455,0
9928,-21.0874,-12.7826,-21.8484,-12.5059,1.16851,-0.259986,-0.761008,-0.276678,6912.39,-21.0715,-12.8332,0
9936,-21.0793,-12.7844,-21.8484,-12.5059,1.01196,-0.225029,-0.769104,-0.278478,6933,-21.1,-12.938,0
9949,-21.076,-12.7861,-21.8484,-12.5059,0.256348,-0.131282,-0.772437,-0.280185,6952.63,-21.2776,-12.3285,0
9957,-21.0686,-12.8075,-21.8484,-12.5059,0.917176,-2.67932,-0.779774,-0.301619,6970.47,-21.0485,-12.5897,0
9968,-20.9621,-12.7814,-21.8484,-12.5059,9.68267,2.37657,-0.886283,-0.275477,6984.98,-20.303,-13.3453,0
9977,-20.8485,-12.7773,-21.8484,-12.5059,12.6295,0.452235,-0.999949,-0.271407,6993.82,-20.5986,-13.0922,0
9988,-20.7132,-12.834,-21.8484,-12.5059,12.2948,-5.15044,-1.13519,-0.328062,6997.74,-21.091,-12.3902,0
9996,-20.7132,-12.834,-21.8484,-12.5059,4.83354e-05,2.56259e-06,-1.13519,-0.328062,7000.57,-21.2166,-12.4287,0
10008,-20.8502,-12.7731,-21.8484,-12.5059,-11.4183,5.07797,-0.998173,-0.267126,7004.72,-20.3336,-14.4994,0
10016,-21.0045,-12.6774,-21.8484,-12.5059,-19.2785,11.9622,-0.843945,-0.171428,7010.94,-21.1437,-12.4577,0
10028,-21.1174,-12.6469,-21.8484,-12.5059,-9.4098,2.53773,-0.731027,-0.140975,7019.32,-21.2411,-12.6761,0
10035,-21.1751,-12.5735,-21.8484,-12.5059,-8.24644,10.4821,-0.673302,-0.067601,7028.57,-21.3477,-12.2723,0
10047,-21.1769,-12.5731,-21.8484,-12.5059,-0.149325,0.039204,-0.67151,-0.0671305,7037.84,-21.0905,-12.807,0
10059,-21.1648,-12.6363,-21.8484,-12.5059,1.00885,-5.2709,-0.683616,-0.130381,7047.54,-21.3605,-12.4299,0
10067,-21.1701,-12.6758,-21.8484,-12.5059,-0.659845,-4.93626,-0.678338,-0.169871,7056.79,-21.1827,-12.6187,0
10078,-21.1684,-12.6968,-21.8484,-12.5059,0.151467,-1.90521,-0.680004,-0.190829,7065.66,-21.0772,-12.7993,0
10086,-21.1714,-12.6969,-21.8484,-12.5059,-0.373399,-0.0205965,-0.677017,-0.190994,7076.91,-21.2573,-12.6651,0
10098,-21.1635,-12.6977,-21.8484,-12.5059,0.656216,-0.0676283,-0.684891,-0.191805,7093,-21.3006,-12.5741,0
10106,-21.171,-12.6725,-21.8484,-12.5059,-0.9384,3.15704,-0.677384,-0.166549,7113.22,-21.1438,-12.7099,0
10118,-21.1634,-12.6267,-21.8484,-12.5059,0.635022,3.81661,-0.685004,-0.120749,7133.34,-21.1638,-12.5786,0
10126,-21.1443,-12.5967,-21.8484,-12.5059,2.38714,3.74111,-0.704101,-0.0908205,7150.01,-21.2292,-12.5755,0
10138,-21.1415,-12.596,-21.8484,-12.5059,0.23232,0.0660263,-0.706889,-0.0900282,7164.23,-21.1321,-12.5724,0
10146,-21.1483,-12.5949,-21.8484,-12.5059,-0.846106,0.132427,-0.70012,-0.0889688,7178.79,-20.8926,-13.8109,0
10158,-21.1506,-12.6066,-21.8484,-12.5059,-0.193577,-0.972132,-0.697798,-0.100634,7193.99,-21.3153,-12.4931,0
10166,-21.1598,-12.6485,-21.8484,-12.5059,-1.15381,-5.24115,-0.688567,-0.142564,7207.45,-21.1692,-12.6736,0
10178,-21.1682,-12.6944,-21.8484,-12.5059,-0.694796,-3.8249,-0.680229,-0.188462,7217.31,-21.2275,-12.7487,0
10186,-21.1851,-12.7043,-21.8484,-12.5059,-2.11172,-1.24031,-0.663336,-0.198385,7223.29,-21.2748,-12.5537,0
10198,-21.1856,-12.7056,-21.8484,-12.5059,-0.0455958,-0.105777,-0.662789,-0.199654,7226.86,-21.0219,-12.9389,0
10206,-21.1784,-12.7077,-21.8484,-12.5059,0.902195,-0.26901,-0.670006,-0.201806,7230.38,-21.2193,-12.6878,0
10218,-21.1773,-12.7002,-21.8484,-12.5059,0.0899567,0.629461,-0.671086,-0.194253,7235.26,-21.2462,-12.6511,0
10226,-21.1887,-12.6944,-21.8484,-12.5059,-1.42375,0.716577,-0.659696,-0.18852,7241.55,-21.0959,-12.719,0
10238,-21.2057,-12.6628,-21.8484,-12.5059,-1.41431,2.63477,-0.642724,-0.156903,7248,-21.2884,-12.5916,0
10247,-21.2174,-12.6287,-21.8484,-12.5059,-1.29832,3.79081,-0.631039,-0.122786,7252.77,-21.3126,-12.4544,0
10258,-21.2426,-12.6205,-21.8484,-12.5059,-2.29196,0.74958,-0.605827,-0.11454,7255.57,-21.191,-12.6281,0
10266,-21.2518,-12.5895,-21.8484,-12.5059,-1.14852,3.8651,-0.596639,-0.0836194,7257.96,-21.3413,-12.4907,0
10278,-21.2802,-12.5759,-21.8484,-12.5059,-2.37104,1.13319,-0.568187,-0.0700211,7261.08,-21.2998,-12.6189,0
10286,-21.3009,-12.5951,-21.8484,-12.5059,-2.58568,-2.39269,-0.547501,-0.0891626,7264.78,-21.1698,-12.5041,0
10298,-21.3166,-12.6003,-21.8484,-12.5059,-1.30925,-0.437591,-0.53179,-0.0944137,7268.21,-21.3566,-12.5452,0
10311,-21.2967,-12.6217,-21.8484,-12.5059,1.53103,-1.64621,-0.551694,-0.115814,7270.38,-21.3791,-12.6759,0
10319,-21.2931,-12.6093,-21.8484,-12.5059,0.455438,1.5494,-0.555337,-0.103419,7271.38,-21.0685,-12.785,0
10331,-21.2806,-12.6113,-21.8484,-12.5059,1.04172,-0.166266,-0.567838,-0.105414,7272.22,-21.259,-12.6443,0
10340,-21.2781,-12.607,-21.8484,-12.5059,0.272383,0.485782,-0.570289,-0.101042,7273.02,-21.2714,-12.528,0
10351,-21.2729,-12.6014,-21.8484,-12.5059,0.474522,0.50317,-0.575509,-0.0955076,7273.74,-21.2525,-12.0993,0
10359,-21.2602,-12.6034,-21.8484,-12.5059,1.58742,-0.249092,-0.588208,-0.0975003,7275.06,-21.2645,-12.513,0
10371,-21.2451,-12.5924,-21.8484,-12.5059,1.26071,0.920374,-0.603337,-0.0864558,7277.1,-21.2058,-12.7395,0
10379,-21.209,-12.572,-21.8484,-12.5059,4.51403,2.54542,-0.639449,-0.0660925,7279.54,-21.1408,-12.8812,0
10391,-21.1951,-12.6198,-21.8484,-12.5059,1.15258,-3.98418,-0.65328,-0.113903,7282.75,-21.2269,-12.5996,0
10399,-21.1982,-12.6384,-21.8484,-12.5059,-0.38021,-2.31867,-0.650238,-0.132452,7286.72,-21.3328,-12.2804,0
10412,-21.2166,-12.6219,-21.8484,-12.5059,-1.41431,1.26643,-0.631852,-0.115988,7290.83,-21.1855,-12.6864,0
10421,-21.2352,-12.6171,-21.8484,-12.5059,-2.07546,0.538633,-0.613173,-0.111141,7295.37,-21.3281,-12.7037,0
10432,-21.2326,-12.6172,-21.8484,-12.5059,0.243261,-0.0103953,-0.615849,-0.111255,7300.68,-21.2467,-12.5215,0
10440,-21.2373,-12.6471,-21.8484,-12.5059,-0.594026,-3.74306,-0.611097,-0.1412,7305.48,-21.1019,-12.8126,0
10452,-21.2403,-12.6716,-21.8484,-12.5059,-0.252744,-2.03926,-0.608064,-0.165671,7308.49,-21.2393,-12.5929,0
10461,-21.2174,-12.6778,-21.8484,-12.5059,2.55223,-0.688525,-0.631034,-0.171867,7310.38,-21.3335,-12.3479,0
10471,-21.1813,-12.6858,-21.8484,-12.5059,3.6116,-0.798026,-0.66715,-0.179848,7311.83,-21.1584,-12.8543,0
10479,-21.1405,-12.6925,-21.8484,-12.5059,5.09538,-0.838038,-0.707913,-0.186552,7312.08,-21.319,-12.6811,0
10491,-20.9331,-12.685,-21.8484,-12.5059,17.2799,0.620822,-0.915272,-0.179102,7310.55,-21.2911,-12.5954,0
10499,-16.1727,-12.3745,0,-12.5059,595.057,38.8106,-16.1727,0.131383,7308.13,-0.272747,-13.2124,0
10509,-6.43288,-12.5712,0,-12.5059,973.98,-19.6626,-6.43288,-0.0652432,7305.78,-0.519124,-13.0602,0
10520,-1.15474,-13.0203,0,-12.5059,479.831,-40.8264,-1.15474,-0.514334,7302.71,-0.584056,-12.8548,0
10528,-0.818457,-12.9764,0,-12.5059,42.0351,5.48862,-0.818457,-0.470425,7298.27,-0.398045,-12.6591,0
10540,-0.74339,-12.9787,0,-12.5059,6.25557,-0.197783,-0.74339,-0.472798,7293.53,-0.665998,-13.022,0
10548,-0.724616,-12.9455,0,-12.5059,2.34679,4.15032,-0.724616,-0.439596,7288.35,-0.608857,-12.8895,0
10560,-0.69563,-12.9383,0,-12.5059,2.41551,0.603715,-0.69563,-0.432351,7280.48,-0.356675,-13.0588,0
10568,-0.677838,-12.9731,0,-12.5059,2.22394,-4.35093,-0.677838,-0.467159,7268.87,-0.611118,-12.6265,0
10580,-0.6682,-12.9404,0,-12.5059,0.803234,2.72545,-0.6682,-0.434453,7255.11,-1.07743,-12.8094,0
10588,-0.667572,-12.938,0,-12.5059,0.0784306,0.301815,-0.667572,-0.432039,7241.97,-0.455121,-13.0212,0
10600,-0.667868,-12.9379,0,-12.5059,-0.0246897,0.0057408,-0.667868,-0.43197,7230.44,-0.764545,-12.7634,0
10608,-0.675163,-12.9382,0,-12.5059,-0.911771,-0.042589,-0.675163,-0.432311,7218.72,-0.769439,-12.8908,0
10620,-0.682626,-12.9609,0,-12.5059,-0.621919,-1.88928,-0.682626,-0.454982,7205,-0.645092,-13.1685,0
10628,-0.683028,-12.9622,0,-12.5059,-0.0502768,-0.166716,-0.683028,-0.456316,7188.86,-0.738643,-12.8709,0
10640,-0.684104,-12.9709,0,-12.5059,-0.0896901,-0.723816,-0.684104,-0.465002,7170.84,-0.820785,-12.8453,0
10648,-0.663311,-12.9946,0,-12.5059,2.59909,-2.96029,-0.663311,-0.488684,7153.78,-0.579453,-13.0821,0
10660,-0.662394,-12.9956,0,-12.5059,0.0764293,-0.0854535,-0.662394,-0.489709,7141.09,-0.713815,-12.9636,0
10668,-0.661428,-12.9961,0,-12.5059,0.120841,-0.0569768,-0.661428,-0.490165,7132.89,-0.754633,-12.8514,0
10680,-0.639188,-13.0055,0,-12.5059,1.85326,-0.787749,-0.639188,-0.499618,7126.48,-0.514361,-13.0753,0
10688,-0.632561,-12.9843,0,-12.5059,0.828418,2.65297,-0.632561,-0.478394,7119.58,-0.749715,-12.919,0
10700,-0.626604,-12.9646,0,-12.5059,0.496397,1.64152,-0.626604,-0.458696,7111.57,-0.787448,-12.8992,0
10708,-0.605989,-12.9572,0,-12.5059,2.57687,0.923204,-0.605989,-0.45131,7102.76,-0.479353,-13.107,0
10720,-0.605051,-12.9568,0,-12.5059,0.078171,0.0373719,-0.605051,-0.450862,7093.6,-0.744081,-12.8666,0
10728,-0.602492,-12.9531,0,-12.5059,0.319941,0.458669,-0.602492,-0.447193,7084.36,-0.66169,-12.6675,0
10740,-0.565582,-12.9516,0,-12.5059,3.07584,0.129124,-0.565582,-0.445643,7075.58,-0.477435,-13.0946,0
10748,-0.560835,-12.9395,0,-12.5059,0.59331,1.50864,-0.560835,-0.433574,7067.64,-0.610136,-12.8564,0
10760,-0.560393,-12.939,0,-12.5059,0.0368138,0.0416847,-0.560393,-0.433074,7060.7,-0.679127,-12.854,0
10772,-0.556016,-12.9394,0,-12.5059,0.364779,-0.0341362,-0.556016,-0.433483,7054.55,-0.506292,-13.1789,0
10780,-0.614539,-12.9339,0,-12.5059,-7.31533,0.685613,-0.614539,-0.427998,7047.81,-0.731514,-12.9225,0
10793,-0.63903,-12.9308,0,-12.5059,-1.88395,0.240045,-0.63903,-0.424878,7039.48,-0.66907,-12.8425,0
10801,-0.64386,-12.9135,0,-12.5059,-0.603698,2.16453,-0.64386,-0.407562,7031.4,-0.475406,-13.1827,0
10813,-0.654451,-12.9528,0,-12.5059,-0.88258,-3.27989,-0.654451,-0.44692,7026.03,-0.742463,-12.8624,0
10820,-0.654336,-12.9524,0,-12.5059,0.0163078,0.0627017,-0.654336,-0.446481,7023.24,-0.745131,-12.7109,0
10833,-0.637834,-12.9017,0,-12.5059,1.26942,3.9017,-0.637834,-0.395759,7021.5,-0.357016,-13.0103,0
10841,-0.558031,-12.8864,0,-12.5059,9.9753,1.90578,-0.558031,-0.380513,7020.15,-0.67504,-12.6749,0
10853,-0.547422,-12.8631,0,-12.5059,0.884115,1.94154,-0.547422,-0.357215,7019.18,-0.659939,-12.7645,0
10861,-0.506024,-12.8124,0,-12.5059,5.1747,6.33726,-0.506024,-0.306517,7018.84,-0.38709,-12.9092,0
10873,-0.490382,-12.7565,0,-12.5059,1.30352,4.66339,-0.490382,-0.250556,7019.34,-0.582407,-12.6544,0
10880,-0.493419,-12.7728,0,-12.5059,-0.433838,-2.33133,-0.493419,-0.266875,7020.59,-0.681265,-12.6585,0
10893,-0.467947,-12.776,0,-12.5059,1.95938,-0.248287,-0.467947,-0.270103,7022.01,-0.348603,-12.9959,0
10901,-0.467447,-12.7786,0,-12.5059,0.0624749,-0.318653,-0.467447,-0.272652,7023.01,-0.578995,-12.7513,0
10913,-0.479301,-12.8368,0,-12.5059,-0.987772,-4.84917,-0.479301,-0.330842,7023.52,-0.759481,-12.7586,0
10921,-0.424187,-12.9009,0,-12.5059,6.88916,-8.01134,-0.424187,-0.394933,7024,-0.421858,-13.1814,0
10933,-0.435482,-12.9563,0,-12.5059,-0.941261,-4.62049,-0.435482,-0.450379,7025.79,-0.687995,-13.009,0
10942,-0.433432,-12.9589,0,-12.5059,0.227807,-0.285295,-0.433432,-0.452946,7031.14,-0.292633,-12.5983,0
10953,-0.371573,-12.9658,0,-12.5059,5.62355,-0.633286,-0.371573,-0.459913,7040.67,-0.175301,-13.0303,0
10961,-0.336173,-12.9941,0,-12.5059,4.42503,-3.53469,-0.336173,-0.48819,7050.97,-0.424544,-12.6709,0
10973,-0.315028,-12.9289,0,-12.5059,1.76208,5.43539,-0.315028,-0.422965,7058.18,-0.344961,-12.7644,0
10981,-0.245397,-12.8642,0,-12.5059,8.70381,8.08802,-0.245397,-0.358261,7062.43,-0.151746,-12.9979,0
10993,-0.242371,-12.8615,0,-12.5059,0.252212,0.226787,-0.242371,-0.35554,7065.6,-0.394172,-12.722,0
11001,-0.242584,-12.862,0,-12.5059,-0.0266544,-0.0668428,-0.242584,-0.356075,7068.28,-0.303695,-12.6728,0
11013,-0.247444,-12.8742,0,-12.5059,-0.405011,-1.01455,-0.247444,-0.368249,7070.7,-0.104007,-12.9585,0
11025,-0.247658,-12.8747,0,-12.5059,-0.0177989,-0.0445711,-0.247658,-0.368784,7073.26,-0.300661,-12.6652,0
11033,-0.248217,-12.8755,0,-12.5059,-0.0698447,-0.101529,-0.248217,-0.369596,7075.53,-0.365105,-12.8614,0
11044,-0.260936,-12.894,0,-12.5059,-1.15627,-1.68019,-0.260936,-0.388078,7076.76,-0.183321,-12.9611,0
11052,-0.261494,-12.8948,0,-12.5059,-0.0698652,-0.101489,-0.261494,-0.38889,7077.1,-0.295753,-12.6685,0
11064,-0.260678,-12.895,0,-12.5059,0.0680285,-0.0175769,-0.260678,-0.389101,7076.97,-0.464716,-12.8632,0
11072,-0.242097,-12.8998,0,-12.5059,2.3226,-0.599728,-0.242097,-0.393899,7076.43,-0.147745,-13.0954,0
11084,-0.241281,-12.9,0,-12.5059,0.0680313,-0.0175624,-0.241281,-0.39411,7075.66,-0.39002,-12.6662,0
11092,-0.240499,-12.8996,0,-12.5059,0.0977266,0.0535649,-0.240499,-0.393681,7075.15,-0.326827,-12.8264,0
11104,-0.222325,-12.8884,0,-12.5059,1.5145,0.934935,-0.222325,-0.382462,7075.14,-0.0927752,-13.0113,0
11112,-0.212536,-12.8533,0,-12.5059,1.22368,4.38133,-0.212536,-0.347411,7075.89,-0.247398,-12.7537,0
11124,-0.205513,-12.8213,0,-12.5059,0.585213,2.67127,-0.205513,-0.315356,7078.24,-0.384997,-12.715,0
11132,-0.225896,-12.7853,0,-12.5059,-2.54791,4.49742,-0.225896,-0.279377,7083.85,-0.180266,-12.9349,0
11144,-0.226705,-12.765,0,-12.5059,-0.0673782,1.69329,-0.226705,-0.259057,7093.69,-0.341259,-12.7447,0
11152,-0.237504,-12.7536,0,-12.5059,-1.34988,1.41665,-0.237504,-0.247724,7106.43,-0.381989,-12.6294,0
11164,-0.285225,-12.7232,0,-12.5059,-3.97674,2.53845,-0.285225,-0.217263,7119.65,-0.209843,-12.7934,0
11172,-0.286866,-12.7202,0,-12.5059,-0.205164,0.378856,-0.286866,-0.214232,7130.52,-0.396789,-12.5292,0
11184,-0.276402,-12.6802,0,-12.5059,0.872049,3.32664,-0.276402,-0.174312,7137.01,-0.321734,-12.2916,0
11192,-0.264742,-12.655,0,-12.5059,1.45743,3.15023,-0.264742,-0.14911,7139.51,-0.220833,-12.8327,0
11204,-0.259867,-12.6368,0,-12.5059,0.406244,1.51603,-0.259867,-0.130918,7139.59,-0.24035,-12.3187,0
11212,-0.259439,-12.6378,0,-12.5059,0.0534788,-0.125711,-0.259439,-0.131923,7137.52,-0.285865,-12.6201,0
11224,-0.242208,-12.6314,0,-12.5059,1.43597,0.539762,-0.242208,-0.125446,7132.69,-0.105332,-12.6816,0
11232,-0.24145,-12.6311,0,-12.5059,0.0947658,0.0360718,-0.24145,-0.125158,7125.92,-0.390125,-12.6194,0
11244,-0.241856,-12.6305,0,-12.5059,-0.0338817,0.0465796,-0.241856,-0.124599,7120.02,-0.373318,-12.5737,0
11252,-0.251136,-12.6179,0,-12.5059,-1.15999,1.57912,-0.251136,-0.111966,7116.87,-0.133392,-12.6823,0
11264,-0.251829,-12.6185,0,-12.5059,-0.0577212,-0.0468839,-0.251829,-0.112528,7115.84,-0.462575,-12.4843,0
11275,-0.245709,-12.5985,0,-12.5059,0.556349,1.81221,-0.245709,-0.0925942,7115.6,-0.366359,-12.5311,0
11283,-0.228732,-12.6251,0,-12.5059,2.12214,-3.32164,-0.228732,-0.119167,7115.59,-0.0909325,-12.8216,0
11295,-0.227997,-12.6263,0,-12.5059,0.0612642,-0.100672,-0.227997,-0.120375,7115.72,-0.328864,-12.3456,0
11303,-0.229385,-12.6289,0,-12.5059,-0.173494,-0.327112,-0.229385,-0.122992,7116.05,-0.315517,-12.6356,0
11315,-0.260999,-12.6884,0,-12.5059,-2.63456,-4.96048,-0.260999,-0.182518,7116.74,-0.17166,-12.9448,0
11323,-0.26239,-12.6911,0,-12.5059,-0.173762,-0.326745,-0.26239,-0.185132,7118.32,-0.411038,-12.4925,0
11335,-0.265774,-12.6933,0,-12.5059,-0.282008,-0.187831,-0.265774,-0.187386,7121.03,-0.468027,-12.5266,0
11343,-0.341913,-12.7411,0,-12.5059,-9.51745,-5.97854,-0.341913,-0.235214,7124.18,-0.225205,-12.9709,0
11355,-0.325032,-12.6643,0,-12.5059,1.40678,6.40217,-0.325032,-0.158388,7127.07,-0.44369,-12.4221,0
11363,-0.318733,-12.6375,0,-12.5059,0.787354,3.35107,-0.318733,-0.13158,7129.49,-0.465154,-12.649,0
11375,-0.297973,-12.5069,0,-12.5059,1.72998,10.8849,-0.297973,-0.000961435,7131.13,-0.282602,-12.8655,0
11383,-0.287973,-12.465,0,-12.5059,1.25005,5.23028,-0.287973,0.0408808,7132.09,-0.446673,-12.2656,0
11395,-0.290833,-12.4749,0,-12.5059,-0.238364,-0.819929,-0.290833,0.0310417,7132.35,-0.368818,-12.4485,0
11403,-0.296476,-12.4626,0,-12.5059,-0.705396,1.53658,-0.296476,0.0433343,7131.87,-0.185935,-12.6815,0
11415,-0.296851,-12.4626,0,-12.5059,-0.0312501,0.0029381,-0.296851,0.0433696,7131.79,-0.442704,-12.4683,0
11425,-0.300887,-12.4763,0,-12.5059,-0.403514,-1.37084,-0.300887,0.0296612,7132.78,-0.388889,-12.3757,0
11435,-0.324201,-12.5159,0,-12.5059,-2.33148,-3.96274,-0.324201,-0.00996623,7134.25,-0.27995,-12.6793,0
11443,-0.328825,-12.5319,0,-12.5059,-0.577892,-1.99779,-0.328825,-0.0259486,7136.39,-0.407064,-12.5504,0
11455,-0.329334,-12.5325,0,-12.5059,-0.0424497,-0.0495888,-0.329334,-0.0265436,7139.64,-0.45552,-12.4595,0
11463,-0.337313,-12.5317,0,-12.5059,-0.997389,0.0938039,-0.337313,-0.0257932,7144.07,-0.238323,-12.5589,0
11475,-0.337664,-12.5317,0,-12.5059,-0.0292146,0.00274841,-0.337664,-0.0257602,7149.69,-0.48659,-12.4437,0
11485,-0.338012,-12.5328,0,-12.5059,-0.0348371,-0.112689,-0.338012,-0.0268871,7155.5,-0.433513,-12.3681,0
11495,-0.34716,-12.5633,0,-12.5059,-0.914837,-3.04391,-0.34716,-0.0573262,7160.16,-0.26358,-12.8763,0
11503,-0.375261,-12.6734,0,-12.5059,-3.51262,-13.7747,-0.375261,-0.167524,7163.52,-0.523393,-12.5931,0
11515,-0.377454,-12.6798,0,-12.5059,-0.18269,-0.533112,-0.377454,-0.173921,7166.56,-0.498529,-12.6212,0
11527,-0.398794,-12.7137,0,-12.5059,-1.77838,-2.81845,-0.398794,-0.207743,7171.31,-0.28005,-12.9499,0
11536,-0.383311,-12.6509,0,-12.5059,1.72035,6.97243,-0.383311,-0.144991,7180.18,-0.506904,-12.4068,0
11548,-0.381557,-12.6347,0,-12.5059,0.146197,1.35426,-0.381557,-0.12874,7192.96,-0.468996,-12.6555,0
11556,-0.41741,-12.5619,0,-12.5059,-4.48168,9.10129,-0.41741,-0.0559294,7206.68,-0.371223,-12.7188,0
11568,-0.418628,-12.5572,0,-12.5059,-0.101524,0.385176,-0.418628,-0.0513073,7218.85,-0.501713,-12.492,0
11575,-0.424559,-12.5762,0,-12.5059,-0.847223,-2.70491,-0.424559,-0.0702417,7228.09,-0.543478,-12.4274,0
11588,-0.450318,-12.5757,0,-12.5059,-1.98145,0.0375355,-0.450318,-0.0697537,7233.32,-0.387521,-12.578,0
11596,-0.458128,-12.602,0,-12.5059,-0.976327,-3.29111,-0.458128,-0.0960826,7235.85,-0.537839,-12.6887,0
11608,-0.471873,-12.6589,0,-12.5059,-1.1454,-4.74516,-0.471873,-0.153024,7238.7,-0.664266,-12.6691,0
11616,-0.465432,-12.6992,0,-12.5059,0.805113,-5.02587,-0.465432,-0.193231,7242.43,-0.374571,-13.0221,0
11628,-0.479504,-12.7569,0,-12.5059,-1.17268,-4.81516,-0.479504,-0.251013,7245.69,-0.593563,-12.6381,0
11635,-0.479237,-12.7624,0,-12.5059,0.0382598,-0.779174,-0.479237,-0.256468,7248.09,-0.614725,-12.7073,0
11647,-0.458752,-12.8303,0,-12.5059,1.70702,-5.6571,-0.458752,-0.324353,7250.78,-0.313215,-12.9264,0
11655,-0.457854,-12.8333,0,-12.5059,0.11226,-0.37256,-0.457854,-0.327333,7255.97,-0.5218,-12.6975,0
11668,-0.459472,-12.8339,0,-12.5059,-0.124456,-0.0474245,-0.459472,-0.32795,7265.34,-0.580791,-12.7732,0
11675,-0.497847,-12.8478,0,-12.5059,-5.48214,-1.98247,-0.497847,-0.341827,7280.03,-0.370644,-13.0807,0
11687,-0.535335,-12.845,0,-12.5059,-3.124,0.228893,-0.535335,-0.33908,7299.09,-0.700072,-12.7345,0
11695,-0.551507,-12.8419,0,-12.5059,-2.0215,0.389654,-0.551507,-0.335963,7318.66,-0.645947,-12.7706,0
11706,-0.585076,-12.8023,0,-12.5059,-3.05173,3.59724,-0.585076,-0.296394,7337.87,-0.531375,-12.916,0
11714,-0.586551,-12.8007,0,-12.5059,-0.184419,0.204949,-0.586551,-0.294754,7357.79,-0.631005,-12.5712,0
11726,-0.589164,-12.8021,0,-12.5059,-0.217722,-0.114688,-0.589164,-0.29613,7375.54,-0.729334,-12.6412,0
11734,-0.635658,-12.783,0,-12.5059,-5.81174,2.38682,-0.635658,-0.277036,7387.61,-0.424972,-12.8753,0
11746,-0.63905,-12.784,0,-12.5059,-0.2827,-0.0834374,-0.63905,-0.278037,7395.82,-0.727313,-12.7492,0
11756,-0.670086,-12.8272,0,-12.5059,-3.10351,-4.3281,-0.670086,-0.321318,7405.96,-0.747584,-12.5425,0
11766,-0.680674,-12.8593,0,-12.5059,-1.05884,-3.20738,-0.680674,-0.353392,7421.73,-0.498728,-12.9259,0
11778,-0.742199,-12.872,0,-12.5059,-5.12707,-1.05785,-0.742199,-0.366086,7441.26,-0.748656,-12.8621,0
11786,-0.737109,-12.8732,0,-12.5059,0.636215,-0.154576,-0.737109,-0.367323,7460.65,-0.676657,-12.6318,0
11798,-0.679434,-12.8787,0,-12.5059,4.80625,-0.454206,-0.679434,-0.372773,7478.22,-0.474751,-12.9721,0
11806,-0.673944,-12.8776,0,-12.5059,0.686229,0.135402,-0.673944,-0.37169,7493.47,-0.669813,-12.5993,0
11818,-0.605687,-12.8454,0,-12.5059,5.68809,2.68866,-0.605687,-0.339426,7506.81,-0.52405,-12.6399,0
11826,-0.583903,-12.7946,0,-12.5059,2.72304,6.33834,-0.583903,-0.288719,7520.44,-0.468694,-13.049,0
11838,-0.54343,-12.7962,0,-12.5059,3.37276,-0.130135,-0.54343,-0.290281,7535.46,-0.577773,-12.6523,0
11846,-0.532114,-12.7984,0,-12.5059,1.41446,-0.271557,-0.532114,-0.292453,7550.51,-0.570751,-12.6784,0
11859,-0.572521,-12.8198,0,-12.5059,-3.10821,-1.64855,-0.572521,-0.313884,7563.86,-0.344857,-12.9179,0
11868,-0.538237,-12.8241,0,-12.5059,3.80929,-0.481249,-0.538237,-0.318216,7574.18,-0.561215,-12.8129,0
11879,-0.537935,-12.8235,0,-12.5059,0.027502,0.0595343,-0.537935,-0.317561,7581.83,-0.573453,-12.6955,0
11887,-0.56743,-12.8046,0,-12.5059,-3.68696,2.36263,-0.56743,-0.29866,7590.62,-0.366927,-12.994,0
11899,-0.573732,-12.7895,0,-12.5059,-0.525163,1.25806,-0.573732,-0.283563,7606.04,-0.6484,-12.5925,0
11907,-0.568328,-12.7676,0,-12.5059,0.675526,2.73975,-0.568328,-0.261645,7629,-0.51905,-12.55,0
11919,-0.546778,-12.6972,0,-12.5059,1.79581,5.86039,-0.546778,-0.19132,7652.76,-0.467466,-12.8358,0
11927,-0.545778,-12.6947,0,-12.5059,0.125079,0.319749,-0.545778,-0.188762,7671.77,-0.515123,-12.5583,0
11939,-0.543906,-12.7065,0,-12.5059,0.155979,-0.986379,-0.543906,-0.200599,7686.86,-0.608837,-12.5613,0
11947,-0.533146,-12.7183,0,-12.5059,1.34498,-1.47247,-0.533146,-0.212379,7698.12,-0.474826,-12.785,0
11959,-0.498077,-12.7221,0,-12.5059,2.92246,-0.312899,-0.498077,-0.216133,7703.6,-0.657827,-12.6867,0
11967,-0.46222,-12.7254,0,-12.5059,4.48209,-0.421434,-0.46222,-0.219505,7700.34,-0.693066,-12.6167,0
11978,-0.434155,-12.7239,0,-12.5059,2.55133,0.137309,-0.434155,-0.217994,7671.19,-0.399134,-12.903,0
11986,-0.237299,-12.6339,0,-12.5059,24.6071,11.2468,-0.237299,-0.12802,7573.03,-0.593245,-12.5277,0
11998,2.76564,-12.5511,21.8484,-12.5059,250.245,6.90779,-19.0828,-0.045127,7369.19,21.4927,-12.2956,0
12008,10.9069,-12.5602,21.8484,-12.5059,814.13,-0.914746,-10.9415,-0.0542744,7102.44,21.5072,-12.4988,0
12018,18.6668,-12.5576,21.8484,-12.5059,775.989,0.261914,-3.18158,-0.0516553,6882.66,21.3909,-12.3088,0
12026,21.3349,-12.4551,21.8484,-12.5059,333.507,12.8049,-0.513529,0.050784,6768.69,21.4677,-12.2898,0
12038,21.4643,-12.4165,21.8484,-12.5059,10.7839,3.2181,-0.384123,0.0894012,6730.92,21.4716,-12.6041,0
12046,21.4772,-12.4149,21.8484,-12.5059,1.60991,0.197577,-0.371243,0.0909818,6720.82,21.6266,-12.2068,0
12058,21.4802,-12.4158,21.8484,-12.5059,0.248819,-0.0692602,-0.368257,0.0901507,6713.36,21.5207,-12.2508,0
12066,21.4867,-12.4352,21.8484,-12.5059,0.824679,-2.42817,-0.36166,0.0707253,6701.3,21.5512,-12.5998,0
12078,21.497,-12.436,21.8484,-12.5059,0.851748,-0.0640678,-0.351439,0.0699565,6686.18,21.5072,-12.3565,0
12086,21.4986,-12.4356,21.8484,-12.5059,0.201169,0.0399737,-0.34983,0.0702763,6673.33,21.4939,-12.3877,0
12098,21.5269,-12.4269,21.8484,-12.5059,2.35763,0.725056,-0.321538,0.0789769,6665.88,21.5371,-12.5038,0
12106,21.5652,-12.3915,21.8484,-12.5059,4.79199,4.4273,-0.283202,0.114395,6663.07,21.5877,-12.3166,0
12118,21.5731,-12.3703,21.8484,-12.5059,0.660068,1.768,-0.275281,0.135611,6662.82,21.5513,-12.3112,0
12126,21.5773,-12.3694,21.8484,-12.5059,0.519329,0.112518,-0.271127,0.136511,6663.59,21.6371,-12.535,0
12138,21.584,-12.3694,21.8484,-12.5059,0.558193,0.00488961,-0.264428,0.13657,6665.03,21.4206,-12.3194,0
12147,21.5837,-12.3696,21.8484,-12.5059,-0.0322172,-0.0276272,-0.264718,0.136321,6666.89,21.5515,-12.3394,0
12158,21.5699,-12.3775,21.8484,-12.5059,-1.25702,-0.71998,-0.278546,0.128402,6668.84,21.5845,-12.5603,0
12166,21.5536,-12.4279,21.8484,-12.5059,-2.02809,-6.29823,-0.29477,0.0780158,6671.16,21.4636,-12.2563,0
12178,21.5534,-12.4294,21.8484,-12.5059,-0.0197167,-0.126708,-0.295007,0.0764953,6673.5,21.5032,-12.296,0
12186,21.5639,-12.412,21.8484,-12.5059,1.31715,2.1803,-0.28447,0.0939378,6675.17,21.5642,-12.549,0
12198,21.5707,-12.3679,21.8484,-12.5059,0.563316,3.67195,-0.27771,0.138001,6676.23,21.5588,-12.2879,0
12206,21.5832,-12.3802,21.8484,-12.5059,1.5635,-1.53955,-0.265202,0.125685,6677.58,21.614,-12.2915,0
12218,21.6036,-12.3452,21.8484,-12.5059,1.70308,2.92234,-0.244765,0.160753,6680.7,21.6088,-12.5155,0
12226,21.6046,-12.3436,21.8484,-12.5059,0.123213,0.196592,-0.243779,0.162326,6686.26,21.5886,-12.3611,0
12238,21.6071,-12.3434,21.8484,-12.5059,0.205167,0.0193143,-0.241317,0.162557,6692.71,21.6311,-12.2322,0
12246,21.6062,-12.3393,21.8484,-12.5059,-0.10827,0.509024,-0.242184,0.16663,6698.33,21.6457,-12.4966,0
12258,21.6075,-12.3537,21.8484,-12.5059,0.105698,-1.20336,-0.240915,0.152189,6703.4,21.6188,-12.2874,0
12271,21.6163,-12.3255,21.8484,-12.5059,0.676102,2.17512,-0.232126,0.180466,6709.19,21.5565,-12.309,0
12278,21.6118,-12.3209,21.8484,-12.5059,-0.637405,0.647433,-0.236588,0.184998,6717.06,21.5989,-12.3925,0
12290,21.6344,-12.243,21.8484,-12.5059,1.87785,6.49294,-0.214053,0.262913,6727.91,21.5301,-12.1875,0
12298,21.6211,-12.1821,21.8484,-12.5059,-1.65485,7.60855,-0.227292,0.323781,6742.44,21.5859,-12.146,0
12310,21.5827,-12.1799,21.8484,-12.5059,-3.20026,0.185582,-0.265695,0.326008,6761.76,21.6243,-12.4207,0
12318,21.5816,-12.1803,21.8484,-12.5059,-0.139672,-0.0537638,-0.266813,0.325578,6784.07,21.5828,-12.1585,0
12330,21.5958,-12.1898,21.8484,-12.5059,1.18076,-0.789849,-0.252644,0.3161,6804.26,21.5619,-12.2081,0
12338,21.6359,-12.1904,21.8484,-12.5059,5.01285,-0.0667805,-0.212541,0.315566,6820.54,21.6594,-12.3819,0
12350,21.6345,-12.2004,21.8484,-12.5059,-0.112589,-0.836613,-0.213892,0.305526,6835.17,21.6507,-12.2177,0
12358,21.6343,-12.201,21.8484,-12.5059,-0.0250153,-0.0812999,-0.214092,0.304876,6849.76,21.6864,-12.1701,0
12370,21.6341,-12.2053,21.8484,-12.5059,-0.0179219,-0.350997,-0.214307,0.300664,6864.73,21.806,-12.3943,0
12378,21.6629,-12.1932,21.8484,-12.5059,3.59466,1.50546,-0.18555,0.312708,6879.12,21.6509,-12.0542,0
12391,21.6735,-12.1934,21.8484,-12.5059,0.822228,-0.0112556,-0.174861,0.312562,6891.73,21.5932,-12.2299,0
12399,21.6665,-12.212,21.8484,-12.5059,-0.875818,-2.32933,-0.181867,0.293927,6902.43,22.05,-12.1877,1
12411,21.6298,-12.2407,21.8484,-12.5059,-3.06102,-2.39428,-0.2186,0.265196,6923.77,21.7841,-12.2507,1
12420,21.6122,-12.2687,21.8484,-12.5059,-1.95659,-3.10694,-0.236209,0.237233,7006.7,21.5174,-12.3133,1
12431,21.4439,-12.3296,21.8484,-12.5059,-15.3038,-5.53759,-0.404551,0.17632,7247.22,21.2498,-12.3756,1
12439,21.121,-12.406,21.8484,-12.5059,-40.3603,-9.54858,-0.727433,0.099931,7645.54,20.9815,-12.4376,1
12451,20.907,-12.4681,21.8484,-12.5059,-17.8302,-5.17453,-0.941396,0.0378366,8094.79,20.7123,-12.4991,1
12459,20.6404,-12.5289,21.8484,-12.5059,-33.3318,-7.60693,-1.20805,-0.0230188,8490.97,20.4424,-12.5603,1
12471,20.3747,-12.5756,21.8484,-12.5059,-22.1348,-3.88771,-1.47367,-0.0696714,8728.74,20.1716,-12.6212,1
12479,20.1056,-12.6225,21.8484,-12.5059,-33.6404,-5.86492,-1.74279,-0.116591,8808.93,19.9001,-12.6817,1
12491,19.7739,-12.6968,21.8484,-12.5059,-27.6412,-6.18828,-2.07449,-0.19085,8822.85,19.6278,-12.7419,1
12499,19.5553,-12.7707,21.8484,-12.5059,-27.3336,-9.24016,-2.29315,-0.264771,8824.07,19.3548,-12.8017,1
12511,19.3473,-12.8173,21.8484,-12.5059,-17.3334,-3.88577,-2.50116,-0.311401,8824.07,19.081,-12.8611,1
12523,19.0762,-12.8762,21.8484,-12.5059,-22.5861,-4.90306,-2.77219,-0.370237,8824.07,18.8065,-12.9202,1
12531,18.8019,-12.9346,21.8484,-12.5059,-34.2922,-7.30973,-3.04653,-0.428715,8817.56,18.5312,-12.9789,1
12543,18.5283,-12.9801,21.8484,-12.5059,-22.8026,-3.7923,-3.32016,-0.474223,8772.41,18.2553,-13.0373,1
12551,18.1862,-13.0519,21.8484,-12.5059,-42.7618,-8.9662,-3.66225,-0.545952,8621.08,17.9786,-13.0954,1
12563,17.8454,-13.1237,21.8484,-12.5059,-28.3972,-5.98492,-4.00302,-0.617771,8337.47,17.7012,-13.1531,1
12571,17.6243,-13.1824,21.8484,-12.5059,-27.6336,-7.33772,-4.22409,-0.676473,8026.51,17.4231,-13.2104,1
12583,17.3461,-13.2396,21.8484,-12.5059,-23.1872,-4.76935,-4.50233,-0.733705,7801.19,17.1444,-13.2674,1
12591,17.0102,-13.2952,21.8484,-12.5059,-41.9794,-6.94389,-4.83817,-0.789257,7663.27,16.865,-13.324,1
12603,16.7922,-13.3387,21.8484,-12.5059,-18.1675,-3.62331,-5.05618,-0.832736,7589.1,16.585,-13.3803,1
12611,16.513,-13.3918,21.8484,-12.5059,-34.9055,-6.64516,-5.33542,-0.885898,7563.46,16.3043,-13.4362,1
12623,16.1905,-13.3892,21.8484,-12.5059,-26.8762,0.22213,-5.65794,-0.883232,7558.27,16.0229,-13.4918,1
12631,15.9294,-13.3614,21.8484,-12.5059,-32.6368,3.47394,-5.91903,-0.85544,7555.14,15.1719,-13.9443,0
12643,15.8331,-12.7746,21.8484,-12.5059,-8.02327,48.896,-6.01531,-0.268688,7548.04,16.2939,-10.7403,0
12651,16.0355,-11.527,21.8484,-12.5059,25.2973,155.955,-5.81293,0.978953,7528.5,16.2054,-10.8279,0
12663,16.2291,-10.8001,21.8484,-12.5059,16.1363,60.5715,-5.6193,1.70581,7487.44,16.0551,-10.3615,0
12671,16.2466,-10.7706,21.8484,-12.5059,2.18026,3.69117,-5.60185,1.73534,7435.62,16.2129,-10.3784,0
12683,16.4996,-10.7902,21.8484,-12.5059,21.0852,-1.63144,-5.34883,1.71576,7392.76,16.7355,-10.7247,0
12691,17.4504,-11.1221,21.8484,-12.5059,118.849,-41.4932,-4.39804,1.38382,7350.53,19.1702,-12.9566,0
12703,19.2478,-11.5493,21.8484,-12.5059,149.788,-35.6012,-2.60059,0.956603,7300.57,20.9963,-12.4167,0
12711,20.7936,-11.7495,21.8484,-12.5059,193.221,-25.0204,-1.05482,0.75644,7261.8,21.4571,-11.5209,0
12723,21.3552,-11.8371,21.8484,-12.5059,46.8033,-7.3027,-0.493181,0.668807,7243.83,21.6041,-11.76,0
12731,21.5291,-11.9092,21.8484,-12.5059,21.7323,-9.01441,-0.319323,0.596692,7237.92,21.6902,-12.0339,0
12743,21.6493,-11.9115,21.8484,-12.5059,10.0156,-0.186727,-0.199135,0.594451,7237.55,21.605,-11.7745,0
12751,21.6899,-11.9122,21.8484,-12.5059,5.07257,-0.085729,-0.158554,0.593766,7240.17,21.6842,-11.8298,0
12763,21.7008,-11.9344,21.8484,-12.5059,0.910815,-1.85339,-0.147625,0.571525,7243.06,21.8347,-12.0197,0
12775,21.7012,-11.9354,21.8484,-12.5059,0.034338,-0.0814507,-0.147213,0.570547,7244.6,21.716,-11.8122,0
12783,21.7023,-11.9352,21.8484,-12.5059,0.133092,0.0280662,-0.146148,0.570772,7245.04,21.6891,-11.9159,0
12795,21.7265,-11.93,21.8484,-12.5059,2.01907,0.426141,-0.121919,0.575886,7245.32,21.7371,-11.9746,0
12803,21.7278,-11.9298,21.8484,-12.5059,0.158795,0.028292,-0.120649,0.576112,7246.93,21.6496,-11.6711,0
12815,21.7327,-11.9304,21.8484,-12.5059,0.413923,-0.046472,-0.115682,0.575554,7253.04,21.7468,-11.854,0
12823,21.7399,-11.9431,21.8484,-12.5059,0.894796,-1.58582,-0.108523,0.562868,7266.92,21.7618,-12.0821,0
12835,21.7536,-11.9255,21.8484,-12.5059,1.14688,1.46326,-0.0947606,0.580427,7287.64,21.7338,-11.9105,0
12843,21.749,-11.9412,21.8484,-12.5059,-0.575209,-1.96862,-0.0993622,0.564678,7310.56,21.7102,-11.9206,0
12855,21.7355,-11.9717,21.8484,-12.5059,-1.12683,-2.538,-0.112884,0.534222,7332.72,21.7504,-12.1312,0
12863,21.7432,-11.942,21.8484,-12.5059,0.964617,3.71798,-0.105167,0.563966,7354.84,21.5702,-11.9486,0
12877,21.7174,-11.9408,21.8484,-12.5059,-1.84832,0.0830817,-0.131044,0.565129,7379.43,21.5582,-11.8775,0
12883,21.6919,-11.942,21.8484,-12.5059,-4.23671,-0.208252,-0.156464,0.563879,7406.37,21.7021,-12.1537,0
12896,21.6838,-11.9654,21.8484,-12.5059,-0.625291,-1.79767,-0.164593,0.54051,7432.54,21.6826,-11.8603,0
12905,21.6882,-11.95,21.8484,-12.5059,0.491543,1.70787,-0.160169,0.555881,7458.94,21.5848,-11.8245,0
12916,21.6813,-11.9494,21.8484,-12.5059,-0.629894,0.0548958,-0.167098,0.556484,7488.46,21.7228,-12.1122,0
12924,21.627,-11.9839,21.8484,-12.5059,-6.7867,-4.31157,-0.221391,0.521992,7516.63,21.5362,-11.855,0
12936,21.5809,-11.9863,21.8484,-12.5059,-3.84298,-0.200336,-0.267507,0.519588,7538.49,21.4339,-11.7298,0
12944,21.5482,-11.9996,21.8484,-12.5059,-4.08623,-1.65439,-0.300197,0.506353,7556.54,21.562,-12.1375,0
12956,21.5469,-12.0002,21.8484,-12.5059,-0.112891,-0.0484,-0.301552,0.505772,7572.73,21.4205,-11.8945,0
12964,21.5469,-11.999,21.8484,-12.5059,0.00400352,0.144396,-0.30152,0.506927,7584.6,21.5336,-11.8465,0
12976,21.5458,-11.9718,21.8484,-12.5059,-0.0888892,2.26789,-0.302586,0.534142,7591.25,21.6236,-12.1383,0
12984,21.5057,-11.9498,21.8484,-12.5059,-5.01962,2.74924,-0.342743,0.556136,7594.59,21.449,-11.8337,0
12996,21.5164,-11.9484,21.8484,-12.5059,0.894655,0.118,-0.332007,0.557552,7596.42,21.3898,-11.8853,0
13004,21.4787,-11.9382,21.8484,-12.5059,-4.71047,1.27435,-0.369691,0.567746,7598.2,21.6775,-11.969,0
13016,21.4764,-11.9172,21.8484,-12.5059,-0.194354,1.74774,-0.372023,0.588719,7601.02,21.5202,-11.8469,0
13028,21.4762,-11.9167,21.8484,-12.5059,-0.0152917,0.0380795,-0.372207,0.589176,7604.79,21.4157,-11.9293,0
13036,21.4632,-11.927,21.8484,-12.5059,-1.623,-1.27831,-0.385191,0.57895,7609.11,21.6845,-12.1541,0
13048,21.4729,-11.9279,21.8484,-12.5059,0.803439,-0.076068,-0.37555,0.578037,7614.24,21.48,-11.8809,0
13056,21.4702,-11.94,21.8484,-12.5059,-0.334063,-1.51098,-0.378222,0.565949,7620.21,21.427,-11.9548,0
13068,21.4827,-11.9432,21.8484,-12.5059,1.04549,-0.265278,-0.365676,0.562766,7626.25,21.6055,-12.005,0
13076,21.5177,-11.9548,21.8484,-12.5059,4.36739,-1.45944,-0.330737,0.55109,7631.23,21.4979,-11.9074,0
13088,21.5507,-11.9562,21.8484,-12.5059,2.75537,-0.111269,-0.297673,0.549755,7634.53,21.4998,-11.9018,0
13096,21.5776,-11.9796,21.8484,-12.5059,3.35795,-2.92552,-0.270809,0.526351,7636.82,21.6797,-12.128,0
13108,21.5793,-11.9806,21.8484,-12.5059,0.138834,-0.085367,-0.269143,0.525326,7640.62,21.572,-11.8813,0
13117,21.5782,-11.984,21.8484,-12.5059,-0.119036,-0.382954,-0.270214,0.52188,7649.62,21.4343,-11.8773,0
13129,21.5504,-12.0625,21.8484,-12.5059,-2.31631,-6.53405,-0.29801,0.443471,7667.63,21.6257,-12.1783,0
13137,21.4717,-12.0699,21.8484,-12.5059,-9.83203,-0.936438,-0.376666,0.43598,7696.87,21.5017,-11.8916,0
13148,21.0875,-12.1621,21.8484,-12.5059,-34.9356,-8.3789,-0.760958,0.343812,7737.15,20.3493,-12.0782,0
13156,19.2504,-12.4058,21.8484,-12.5059,-229.629,-30.4603,-2.59799,0.100129,7786.71,17.6381,-12.6174,0
13168,16.9719,-12.6138,21.8484,-12.5059,-189.879,-17.3339,-4.87655,-0.107878,7840.08,14.8674,-12.5918,0
13176,15.1141,-12.628,21.8484,-12.5059,-232.216,-1.77048,-6.73427,-0.122041,7889.61,13.1414,-12.6193,0
13188,12.7093,-12.8235,21.8484,-12.5059,-200.404,-16.2967,-9.13912,-0.317601,7930.37,11.4035,-13.0567,0
13196,10.1901,-12.9825,21.8484,-12.5059,-314.897,-19.8741,-11.6583,-0.476594,7958.5,7.79701,-13.1104,0
13208,8.75206,-12.9536,21.8484,-12.5059,-119.837,2.40884,-13.0964,-0.447688,7973.49,7.97274,-12.8661,0
13216,8.57688,-12.9501,21.8484,-12.5059,-21.8971,0.438196,-13.2715,-0.444182,7980.89,8.79774,-13.1782,0
13228,8.54686,-13.0447,21.8484,-12.5059,-2.50177,-7.88203,-13.3015,-0.538766,7986.11,8.52833,-12.9657,0
13237,8.64446,-12.9451,21.8484,-12.5059,10.8441,11.0665,-13.204,-0.439168,7990.71,8.62361,-12.9055,0
13246,8.68164,-12.9646,21.8484,-12.5059,4.13096,-2.17074,-13.1668,-0.458704,7994.22,8.89343,-13.1592,0
13254,8.68317,-12.9654,21.8484,-12.5059,0.192232,-0.09321,-13.1652,-0.45945,7996.3,8.69242,-12.9,0
13266,8.68767,-12.9583,21.8484,-12.5059,0.374324,0.586428,-13.1607,-0.452413,7997.27,8.69523,-12.958,0
13278,8.74213,-12.9609,21.8484,-12.5059,4.53899,-0.214163,-13.1063,-0.454983,7997.84,8.93813,-13.2213,0
13286,8.74695,-12.9612,21.8484,-12.5059,0.602516,-0.0318801,-13.1015,-0.455238,7999.29,8.63387,-12.9555,0
13298,8.8025,-12.9633,21.8484,-12.5059,4.62901,-0.181483,-13.0459,-0.457416,8003.36,8.81316,-12.898,0
13306,8.8099,-12.9466,21.8484,-12.5059,0.924318,2.09674,-13.0385,-0.440642,8011.49,8.98093,-13.1711,0
13318,8.81036,-12.945,21.8484,-12.5059,0.0387547,0.131988,-13.038,-0.439058,8022.4,8.82642,-12.9276,0
13326,8.81397,-12.9257,21.8484,-12.5059,0.450585,2.40669,-13.0344,-0.419804,8032.03,8.67638,-12.9155,0
13338,8.76844,-12.9225,21.8484,-12.5059,-3.79363,0.271718,-13.08,-0.416544,8038.57,8.97619,-13.2483,0
13346,8.76869,-12.9288,21.8484,-12.5059,0.0307245,-0.794324,-13.0797,-0.422898,8038.57,8.65988,-12.8343,0
13358,8.82427,-13.083,21.8484,-12.5059,4.63156,-12.8483,-13.0241,-0.577078,8038.57,8.70707,-12.9149,0
13366,8.82427,-13.083,21.8484,-12.5059,0,0,-13.0241,-0.577078,8038.57,8.92624,-13.2822,0
