[General]
degreeRatio=42.834228515625
monitorDistance=58.799999999999997
monitorWidth=48.5
screenHeight=1080
screenWidth=1920

[eyeRoi]
height=480
imagesize=921600
width=640
